8.898565063476562500e+02,
9.829730834960937500e+02,
1.139758422851562500e+03,
1.099054687500000000e+03,
9.276088256835937500e+02,
9.233545532226562500e+02,
9.267152709960937500e+02,
9.547134399414062500e+02,
9.453658447265625000e+02,
9.707470703125000000e+02,
1.313512695312500000e+03,
1.665316284179687500e+03,
1.760693481445312500e+03,
1.683346923828125000e+03,
1.454903930664062500e+03,
1.460084106445312500e+03,
1.376994995117187500e+03,
1.701784912109375000e+03,
1.719376098632812500e+03,
1.690629394531250000e+03,
1.617088256835937500e+03,
1.558118530273437500e+03,
1.574035522460937500e+03,
1.714596557617187500e+03,
1.539341430664062500e+03,
1.432361206054687500e+03,
1.236201782226562500e+03,
1.010228820800781250e+03,
8.395213012695312500e+02,
7.892942504882812500e+02,
7.706738891601562500e+02,
7.746661987304687500e+02,
9.560134887695312500e+02,
1.293127685546875000e+03,
1.316357421875000000e+03,
1.302199218750000000e+03,
1.189390747070312500e+03,
1.186855590820312500e+03,
1.156721313476562500e+03,
1.195850097656250000e+03,
1.261635986328125000e+03,
1.350851196289062500e+03,
1.216707153320312500e+03,
1.005659057617187500e+03,
8.437401123046875000e+02,
7.333097534179687500e+02,
6.949029541015625000e+02,
7.091493530273437500e+02,
7.306428833007812500e+02,
7.330336303710937500e+02,
7.140659179687500000e+02,
7.034161987304687500e+02,
7.181250000000000000e+02,
7.327111206054687500e+02,
7.434393310546875000e+02,
7.556955566406250000e+02,
7.292488403320312500e+02,
6.908284301757812500e+02,
7.222902832031250000e+02,
7.351220703125000000e+02,
7.475778198242187500e+02,
7.489019165039062500e+02,
7.407851562500000000e+02,
7.184030151367187500e+02,
6.711760864257812500e+02,
6.577564086914062500e+02,
6.758361206054687500e+02,
6.845278930664062500e+02,
6.601420288085937500e+02,
7.006683959960937500e+02,
6.912325439453125000e+02,
6.556044921875000000e+02,
6.086274414062500000e+02,
6.068285522460937500e+02,
6.475704345703125000e+02,
6.586945800781250000e+02,
6.674813232421875000e+02,
6.667026367187500000e+02,
6.462081298828125000e+02,
6.532736206054687500e+02,
6.524105834960937500e+02,
6.407418212890625000e+02,
6.827794799804687500e+02,
6.859277954101562500e+02,
6.720489501953125000e+02,
5.969564208984375000e+02,
5.608619995117187500e+02,
5.805006103515625000e+02,
5.942979125976562500e+02,
6.037962036132812500e+02,
5.683389282226562500e+02,
5.327041015625000000e+02,
5.281783447265625000e+02,
5.500625610351562500e+02,
5.864001464843750000e+02,
5.990459594726562500e+02,
5.820345458984375000e+02,
5.511437988281250000e+02,
5.133069458007812500e+02,
5.471812744140625000e+02,
6.031074829101562500e+02,
6.460381469726562500e+02,
6.092627563476562500e+02,
6.024004516601562500e+02,
6.081703491210937500e+02,
6.124959716796875000e+02,
6.002025146484375000e+02,
5.912839965820312500e+02,
6.389682006835937500e+02,
7.209556274414062500e+02,
8.276552124023437500e+02,
8.975095825195312500e+02,
8.953634033203125000e+02,
9.861110229492187500e+02,
1.167969116210937500e+03,
1.166894165039062500e+03,
1.080576293945312500e+03,
1.041387329101562500e+03,
1.049478393554687500e+03,
9.269709472656250000e+02,
9.151439819335937500e+02,
8.267404174804687500e+02,
7.994017333984375000e+02,
1.028259887695312500e+03,
1.060170654296875000e+03,
9.552086791992187500e+02,
8.003267211914062500e+02,
7.648020629882812500e+02,
7.269317016601562500e+02,
7.705957641601562500e+02,
7.261139526367187500e+02,
7.925161743164062500e+02,
8.493348388671875000e+02,
8.139270019531250000e+02,
7.710936889648437500e+02,
7.979974365234375000e+02,
8.762268676757812500e+02,
8.685433349609375000e+02,
8.295792236328125000e+02,
8.134384155273437500e+02,
7.199328002929687500e+02,
7.849586181640625000e+02,
7.839354248046875000e+02,
8.291915283203125000e+02,
8.335321655273437500e+02,
7.683042602539062500e+02,
7.062460327148437500e+02,
6.881581420898437500e+02,
7.047320556640625000e+02,
7.302121582031250000e+02,
7.257939453125000000e+02,
7.711920776367187500e+02,
7.513807983398437500e+02,
7.342759399414062500e+02,
7.392539672851562500e+02,
7.638040771484375000e+02,
7.497987670898437500e+02,
9.199851684570312500e+02,
9.401372680664062500e+02,
9.621713256835937500e+02,
8.116155395507812500e+02,
7.141686401367187500e+02,
7.341318359375000000e+02,
7.014229125976562500e+02,
6.611688232421875000e+02,
6.543461914062500000e+02,
6.742940063476562500e+02,
