1.003517028808593750e+03,
7.842211303710937500e+02,
8.083248901367187500e+02,
8.023047485351562500e+02,
7.218071899414062500e+02,
6.489769287109375000e+02,
6.513385009765625000e+02,
6.460914916992187500e+02,
6.271155395507812500e+02,
5.818728027343750000e+02,
5.884992675781250000e+02,
6.392604370117187500e+02,
6.995178222656250000e+02,
7.834365234375000000e+02,
8.229462280273437500e+02,
7.784815673828125000e+02,
7.357185668945312500e+02,
7.141177978515625000e+02,
6.713370971679687500e+02,
6.590190429687500000e+02,
6.390549316406250000e+02,
5.967794799804687500e+02,
5.413414306640625000e+02,
5.457319335937500000e+02,
5.370956420898437500e+02,
5.326475219726562500e+02,
5.099786682128906250e+02,
5.049128723144531250e+02,
4.964349670410156250e+02,
4.875585632324218750e+02,
4.931600036621093750e+02,
4.874574279785156250e+02,
4.750583801269531250e+02,
4.823819580078125000e+02,
4.857585144042968750e+02,
4.887330322265625000e+02,
4.955825500488281250e+02,
4.816910400390625000e+02,
4.935841979980468750e+02,
4.999281921386718750e+02,
5.008713378906250000e+02,
5.139419555664062500e+02,
4.971124877929687500e+02,
4.679925231933593750e+02,
4.529995727539062500e+02,
4.572372436523437500e+02,
4.613864440917968750e+02,
4.665556030273437500e+02,
4.502668457031250000e+02,
4.461827392578125000e+02,
4.540639343261718750e+02,
4.496217041015625000e+02,
4.416601867675781250e+02,
4.346861267089843750e+02,
4.297465820312500000e+02,
4.287221984863281250e+02,
4.317029724121093750e+02,
4.328979797363281250e+02,
4.514139099121093750e+02,
4.789317932128906250e+02,
4.876108093261718750e+02,
4.971520080566406250e+02,
4.963416442871093750e+02,
4.912564086914062500e+02,
4.706476745605468750e+02,
4.555559692382812500e+02,
4.501694641113281250e+02,
4.631332702636718750e+02,
4.563855590820312500e+02,
4.608742980957031250e+02,
4.441686096191406250e+02,
4.366843261718750000e+02,
4.319828491210937500e+02,
4.391640625000000000e+02,
4.378069458007812500e+02,
4.208861694335937500e+02,
4.214008178710937500e+02,
4.325957336425781250e+02,
4.473720703125000000e+02,
4.618765869140625000e+02,
4.436972961425781250e+02,
4.396558532714843750e+02,
4.273772277832031250e+02,
4.198450317382812500e+02,
4.139838867187500000e+02,
4.130984191894531250e+02,
4.072392578125000000e+02,
3.963689575195312500e+02,
3.920573425292968750e+02,
4.069871215820312500e+02,
4.154566040039062500e+02,
4.133789367675781250e+02,
4.093068542480468750e+02,
4.028447265625000000e+02,
4.096568908691406250e+02,
4.225879821777343750e+02,
4.187458496093750000e+02,
4.334025268554687500e+02,
4.333862304687500000e+02,
4.340881958007812500e+02,
4.317064208984375000e+02,
4.291900329589843750e+02,
4.252944946289062500e+02,
4.226911926269531250e+02,
4.168895874023437500e+02,
4.220575561523437500e+02,
4.323853759765625000e+02,
4.286490173339843750e+02,
4.233155212402343750e+02,
4.275609436035156250e+02,
4.219740600585937500e+02,
4.284327087402343750e+02,
4.316756286621093750e+02,
4.290191650390625000e+02,
4.375258483886718750e+02,
5.349431152343750000e+02,
6.378674926757812500e+02,
6.703563842773437500e+02,
6.140990600585937500e+02,
5.843472290039062500e+02,
6.326697387695312500e+02,
7.426832275390625000e+02,
7.545814819335937500e+02,
6.466314697265625000e+02,
5.073072509765625000e+02,
4.253802795410156250e+02,
4.351765136718750000e+02,
4.525301818847656250e+02,
4.608174438476562500e+02,
4.542651062011718750e+02,
4.286173706054687500e+02,
4.215501403808593750e+02,
4.283895874023437500e+02,
4.447539062500000000e+02,
4.495360412597656250e+02,
4.452549133300781250e+02,
4.444198913574218750e+02,
4.326856994628906250e+02,
4.258238830566406250e+02,
4.373526306152343750e+02,
4.327704772949218750e+02,
4.564515380859375000e+02,
4.836590270996093750e+02,
5.025902099609375000e+02,
4.854053344726562500e+02,
4.655301513671875000e+02,
4.720287170410156250e+02,
4.580141601562500000e+02,
4.432254638671875000e+02,
4.426505737304687500e+02,
4.384697570800781250e+02,
4.241494750976562500e+02,
4.055746459960937500e+02,
4.086650085449218750e+02,
4.116654052734375000e+02,
4.065416870117187500e+02,
3.994103393554687500e+02,
3.913024902343750000e+02,
3.909586181640625000e+02,
3.955662231445312500e+02,
3.915783386230468750e+02,
3.945641174316406250e+02,
3.969865417480468750e+02,
3.893862915039062500e+02,
3.823860778808593750e+02,
3.820165405273437500e+02,
3.828737182617187500e+02,
3.784128417968750000e+02,
3.733262329101562500e+02,
3.672288208007812500e+02,
3.607189331054687500e+02,
3.632477416992187500e+02,
3.667865295410156250e+02,
3.767699890136718750e+02,
3.714057922363281250e+02,
3.583626403808593750e+02,
3.599103088378906250e+02,
3.632506408691406250e+02,
3.564112854003906250e+02,
3.486112060546875000e+02,
3.579884033203125000e+02,
3.768230590820312500e+02,
4.100969543457031250e+02,
