4.735412902832031250e+02,
4.591264343261718750e+02,
4.899494628906250000e+02,
5.090942687988281250e+02,
4.862081909179687500e+02,
4.543757019042968750e+02,
5.184194946289062500e+02,
5.631089477539062500e+02,
5.871251220703125000e+02,
5.863897094726562500e+02,
5.528662109375000000e+02,
5.279325561523437500e+02,
5.254912719726562500e+02,
5.335794067382812500e+02,
5.226735839843750000e+02,
5.145559082031250000e+02,
5.338060913085937500e+02,
5.851043090820312500e+02,
6.034568481445312500e+02,
6.019450073242187500e+02,
5.271945800781250000e+02,
5.335715332031250000e+02,
5.427571411132812500e+02,
5.429749755859375000e+02,
5.862606811523437500e+02,
6.672274169921875000e+02,
7.285536499023437500e+02,
6.916837768554687500e+02,
5.532528076171875000e+02,
4.613244934082031250e+02,
4.571660156250000000e+02,
4.615726318359375000e+02,
4.492690734863281250e+02,
4.440581359863281250e+02,
4.527007751464843750e+02,
4.669270935058593750e+02,
4.680940551757812500e+02,
4.751650085449218750e+02,
4.728518981933593750e+02,
5.016954956054687500e+02,
5.425026855468750000e+02,
5.588425903320312500e+02,
5.424184570312500000e+02,
5.152731323242187500e+02,
5.225879516601562500e+02,
5.402049560546875000e+02,
5.550844726562500000e+02,
5.952604980468750000e+02,
6.017733764648437500e+02,
6.206990966796875000e+02,
6.115699462890625000e+02,
6.195268554687500000e+02,
7.007902221679687500e+02,
7.285859375000000000e+02,
6.643990478515625000e+02,
6.306831054687500000e+02,
6.293300170898437500e+02,
6.839909057617187500e+02,
7.798036499023437500e+02,
9.383065795898437500e+02,
9.873386230468750000e+02,
9.700979614257812500e+02,
1.048600097656250000e+03,
1.155574096679687500e+03,
1.246686645507812500e+03,
1.367606567382812500e+03,
1.437122070312500000e+03,
1.489339721679687500e+03,
1.475386596679687500e+03,
1.557049682617187500e+03,
1.701218994140625000e+03,
1.816731811523437500e+03,
1.922251831054687500e+03,
2.041182373046875000e+03,
2.040398437500000000e+03,
1.993596313476562500e+03,
1.719313842773437500e+03,
1.451979736328125000e+03,
1.583319824218750000e+03,
1.618356567382812500e+03,
1.645656616210937500e+03,
1.644926635742187500e+03,
1.620043090820312500e+03,
1.599970092773437500e+03,
1.671763305664062500e+03,
1.853680908203125000e+03,
1.996722167968750000e+03,
2.039807250976562500e+03,
2.083980712890625000e+03,
2.037962524414062500e+03,
1.976138061523437500e+03,
2.216623291015625000e+03,
2.380010742187500000e+03,
2.506489013671875000e+03,
2.722031738281250000e+03,
2.992878417968750000e+03,
3.298037841796875000e+03,
3.464060546875000000e+03,
3.625159423828125000e+03,
3.957166015625000000e+03,
4.161219238281250000e+03,
4.298751953125000000e+03,
4.684458007812500000e+03,
4.926692382812500000e+03,
4.880677246093750000e+03,
4.904219726562500000e+03,
4.984316406250000000e+03,
5.098028808593750000e+03,
5.342535644531250000e+03,
5.647035644531250000e+03,
5.832199218750000000e+03,
5.274552246093750000e+03,
4.740219726562500000e+03,
4.823829589843750000e+03,
5.060945800781250000e+03,
5.016527832031250000e+03,
4.973513183593750000e+03,
4.592966796875000000e+03,
4.727719726562500000e+03,
5.781488281250000000e+03,
6.931091308593750000e+03,
7.102162597656250000e+03,
5.605102539062500000e+03,
3.663092529296875000e+03,
2.590718017578125000e+03,
1.010746459960937500e+03,
4.281506347656250000e+02,
4.011851501464843750e+02,
4.157601318359375000e+02,
4.255574645996093750e+02,
4.097594909667968750e+02,
4.117647705078125000e+02,
3.968080749511718750e+02,
3.782324829101562500e+02,
3.605231933593750000e+02,
3.918717346191406250e+02,
3.971700439453125000e+02,
3.440525512695312500e+02,
3.499089660644531250e+02,
3.626221618652343750e+02,
3.594213867187500000e+02,
3.531358947753906250e+02,
4.272978820800781250e+02,
5.599871826171875000e+02,
6.454356079101562500e+02,
6.340981445312500000e+02,
5.976976928710937500e+02,
5.528181762695312500e+02,
4.819101562500000000e+02,
3.643728637695312500e+02,
3.192223815917968750e+02,
3.112061157226562500e+02,
3.038231811523437500e+02,
3.142295532226562500e+02,
3.282489013671875000e+02,
3.250479431152343750e+02,
3.227450866699218750e+02,
3.605627441406250000e+02,
4.026777954101562500e+02,
4.051859741210937500e+02,
3.920900268554687500e+02,
4.546455993652343750e+02,
6.779124145507812500e+02,
1.016759094238281250e+03,
9.505104370117187500e+02,
7.274735107421875000e+02,
6.848391723632812500e+02,
6.849399414062500000e+02,
6.741275024414062500e+02,
6.465062255859375000e+02,
7.801702270507812500e+02,
1.018169860839843750e+03,
1.224188964843750000e+03,
1.359648315429687500e+03,
1.360522094726562500e+03,
1.352382080078125000e+03,
1.394776367187500000e+03,
1.366913940429687500e+03,
1.245273193359375000e+03,
1.160955810546875000e+03,
8.269916992187500000e+02,
5.025730590820312500e+02,
4.312347717285156250e+02,
5.963939819335937500e+02,
8.141485595703125000e+02,
8.940070800781250000e+02,
7.170274658203125000e+02,
7.865572509765625000e+02,
1.037788452148437500e+03,
1.156847045898437500e+03,
1.151215454101562500e+03,
1.207658203125000000e+03,
1.317489990234375000e+03,
1.293458251953125000e+03,
1.399369628906250000e+03,
1.198770874023437500e+03,
1.003322387695312500e+03,
9.041419067382812500e+02,
8.528330078125000000e+02,
8.194429931640625000e+02,
7.001760253906250000e+02,
5.045818176269531250e+02,
4.277881774902343750e+02,
4.126407165527343750e+02,
3.884680480957031250e+02,
3.769425964355468750e+02,
4.025998535156250000e+02,
4.153035888671875000e+02,
3.981340026855468750e+02,
3.688269653320312500e+02,
3.673237609863281250e+02,
3.602620239257812500e+02,
3.771627807617187500e+02,
3.807828674316406250e+02,
3.620255737304687500e+02,
3.379774780273437500e+02,
3.080873718261718750e+02,
3.009666442871093750e+02,
3.167442321777343750e+02,
3.114947814941406250e+02,
3.306253356933593750e+02,
3.423318786621093750e+02,
3.473025512695312500e+02,
3.643159790039062500e+02,
3.735069274902343750e+02,
3.698610839843750000e+02,
3.978935241699218750e+02,
4.036502380371093750e+02,
4.276827087402343750e+02,
4.074369506835937500e+02,
3.869038391113281250e+02,
4.111016845703125000e+02,
4.377873535156250000e+02,
4.565757751464843750e+02,
4.557832031250000000e+02,
4.694830932617187500e+02,
4.548772583007812500e+02,
4.505675964355468750e+02,
4.395677795410156250e+02,
4.233705444335937500e+02,
3.981366577148437500e+02,
3.676919555664062500e+02,
3.778643798828125000e+02,
3.812361450195312500e+02,
3.943340148925781250e+02,
3.900684814453125000e+02,
3.763146362304687500e+02,
3.705222167968750000e+02,
3.848543395996093750e+02,
4.007053833007812500e+02,
3.911825866699218750e+02,
4.337321166992187500e+02,
4.459516601562500000e+02,
3.891950683593750000e+02,
4.271832885742187500e+02,
