8.084799804687500000e+02,
6.199765625000000000e+02,
6.185183105468750000e+02,
6.317515869140625000e+02,
6.100335693359375000e+02,
5.622874755859375000e+02,
5.411105346679687500e+02,
5.282689819335937500e+02,
5.221812744140625000e+02,
4.978329772949218750e+02,
4.992623901367187500e+02,
5.056531066894531250e+02,
5.037711486816406250e+02,
5.107299804687500000e+02,
5.304169311523437500e+02,
5.494761962890625000e+02,
6.098411865234375000e+02,
6.284411010742187500e+02,
5.826703491210937500e+02,
5.369930419921875000e+02,
5.957393188476562500e+02,
5.758346557617187500e+02,
5.981793823242187500e+02,
6.120488891601562500e+02,
6.270931396484375000e+02,
6.165286254882812500e+02,
5.335387573242187500e+02,
4.620959167480468750e+02,
4.370201721191406250e+02,
4.378805236816406250e+02,
4.368887329101562500e+02,
4.319091491699218750e+02,
4.615574951171875000e+02,
4.769665527343750000e+02,
4.671914672851562500e+02,
4.466158447265625000e+02,
4.379266967773437500e+02,
4.305424804687500000e+02,
4.769656066894531250e+02,
4.968099975585937500e+02,
4.628185424804687500e+02,
4.434789428710937500e+02,
4.637843627929687500e+02,
4.670191650390625000e+02,
4.499366455078125000e+02,
4.484375305175781250e+02,
4.521539611816406250e+02,
4.587297363281250000e+02,
4.602012023925781250e+02,
4.575680541992187500e+02,
4.702445983886718750e+02,
4.665353393554687500e+02,
4.640516052246093750e+02,
4.514557189941406250e+02,
4.422403869628906250e+02,
4.402888183593750000e+02,
4.426266174316406250e+02,
4.446275939941406250e+02,
4.699375305175781250e+02,
4.878355407714843750e+02,
4.796022949218750000e+02,
4.665026550292968750e+02,
4.815522460937500000e+02,
4.891486816406250000e+02,
5.226615600585937500e+02,
5.306508178710937500e+02,
4.995830993652343750e+02,
4.853806457519531250e+02,
5.022914428710937500e+02,
4.891914367675781250e+02,
4.999286804199218750e+02,
5.092936401367187500e+02,
5.265389404296875000e+02,
5.160649414062500000e+02,
5.607286376953125000e+02,
7.855210571289062500e+02,
9.625968017578125000e+02,
9.613226928710937500e+02,
8.853507690429687500e+02,
8.475311279296875000e+02,
7.647673950195312500e+02,
7.709047241210937500e+02,
8.388840332031250000e+02,
9.155403442382812500e+02,
8.375454711914062500e+02,
6.769935913085937500e+02,
6.566027832031250000e+02,
6.710628662109375000e+02,
6.936115112304687500e+02,
7.178932495117187500e+02,
7.122642822265625000e+02,
6.344517822265625000e+02,
5.157184448242187500e+02,
4.436896057128906250e+02,
4.099498596191406250e+02,
3.922980957031250000e+02,
4.008348083496093750e+02,
4.026216735839843750e+02,
3.960924072265625000e+02,
3.842731628417968750e+02,
3.815921020507812500e+02,
3.828353271484375000e+02,
3.805592956542968750e+02,
3.791356506347656250e+02,
3.835646362304687500e+02,
3.884992980957031250e+02,
3.875109252929687500e+02,
3.712609863281250000e+02,
3.790747070312500000e+02,
3.828089294433593750e+02,
3.815382385253906250e+02,
3.828453063964843750e+02,
3.837347412109375000e+02,
3.902299499511718750e+02,
3.867339477539062500e+02,
4.044501647949218750e+02,
4.209347229003906250e+02,
4.311376037597656250e+02,
4.440035400390625000e+02,
4.828711242675781250e+02,
5.263724365234375000e+02,
5.455250854492187500e+02,
5.652479248046875000e+02,
6.177145385742187500e+02,
6.193974609375000000e+02,
6.170694580078125000e+02,
5.980164184570312500e+02,
5.817360839843750000e+02,
6.549949340820312500e+02,
8.326773681640625000e+02,
9.417703247070312500e+02,
8.147640380859375000e+02,
7.828696289062500000e+02,
7.877263183593750000e+02,
8.339269409179687500e+02,
9.293399658203125000e+02,
1.113013549804687500e+03,
1.059163452148437500e+03,
9.043947143554687500e+02,
9.425150146484375000e+02,
9.552419433593750000e+02,
9.913707275390625000e+02,
1.113756713867187500e+03,
1.259954956054687500e+03,
1.410838867187500000e+03,
1.481605834960937500e+03,
1.145021362304687500e+03,
6.494528808593750000e+02,
4.304784545898437500e+02,
4.119512939453125000e+02,
3.878920288085937500e+02,
4.036465759277343750e+02,
4.352255859375000000e+02,
4.538603210449218750e+02,
4.628162536621093750e+02,
4.553800964355468750e+02,
4.738291625976562500e+02,
4.790027770996093750e+02,
4.405641784667968750e+02,
4.250917358398437500e+02,
4.384446105957031250e+02,
4.263333740234375000e+02,
4.183583984375000000e+02,
4.269206542968750000e+02,
4.317709350585937500e+02,
4.323258666992187500e+02,
4.249628295898437500e+02,
4.024436950683593750e+02,
4.049475708007812500e+02,
4.154025268554687500e+02,
4.187052001953125000e+02,
4.304227600097656250e+02,
4.394797363281250000e+02,
4.362041625976562500e+02,
4.678462219238281250e+02,
4.693575744628906250e+02,
4.763332824707031250e+02,
4.729166870117187500e+02,
4.605540466308593750e+02,
4.318094177246093750e+02,
4.174410095214843750e+02,
4.096049194335937500e+02,
3.962457885742187500e+02,
4.020084533691406250e+02,
4.448933715820312500e+02,
4.429162292480468750e+02,
4.301457824707031250e+02,
4.235312500000000000e+02,
