4.297654418945312500e+02,
4.124601745605468750e+02,
4.019893188476562500e+02,
3.950682373046875000e+02,
4.067431945800781250e+02,
4.115102844238281250e+02,
4.521401672363281250e+02,
4.766582336425781250e+02,
4.717606506347656250e+02,
4.687560119628906250e+02,
4.803159790039062500e+02,
5.341564331054687500e+02,
5.462689819335937500e+02,
4.917607421875000000e+02,
4.648005371093750000e+02,
4.550745239257812500e+02,
4.712444152832031250e+02,
4.724243774414062500e+02,
4.422853698730468750e+02,
4.195704345703125000e+02,
4.836018371582031250e+02,
4.985979919433593750e+02,
4.927549438476562500e+02,
4.791897888183593750e+02,
4.903936767578125000e+02,
4.567211608886718750e+02,
4.717541198730468750e+02,
4.878828430175781250e+02,
4.892666015625000000e+02,
4.776086120605468750e+02,
4.909045410156250000e+02,
4.789606323242187500e+02,
4.798529357910156250e+02,
4.527503662109375000e+02,
4.448002014160156250e+02,
4.607619018554687500e+02,
4.796284179687500000e+02,
4.617115478515625000e+02,
4.224150695800781250e+02,
4.496288146972656250e+02,
4.721006774902343750e+02,
4.893189086914062500e+02,
5.008272705078125000e+02,
6.464186401367187500e+02,
8.129189453125000000e+02,
7.587949218750000000e+02,
6.356194458007812500e+02,
5.531742553710937500e+02,
4.485694274902343750e+02,
4.056721496582031250e+02,
3.871172485351562500e+02,
3.985004577636718750e+02,
4.027543334960937500e+02,
3.842770080566406250e+02,
3.805699768066406250e+02,
3.746542663574218750e+02,
4.298807983398437500e+02,
5.943581542968750000e+02,
8.014852294921875000e+02,
1.034651123046875000e+03,
1.297333618164062500e+03,
1.399827270507812500e+03,
1.477512695312500000e+03,
1.436811645507812500e+03,
1.421478759765625000e+03,
1.515588378906250000e+03,
1.630189331054687500e+03,
1.569118164062500000e+03,
1.401770629882812500e+03,
1.182950927734375000e+03,
1.067955078125000000e+03,
1.346784545898437500e+03,
1.758864013671875000e+03,
1.829599487304687500e+03,
1.610380249023437500e+03,
1.341243774414062500e+03,
1.106960205078125000e+03,
9.585501708984375000e+02,
8.764243774414062500e+02,
9.355608520507812500e+02,
1.024256469726562500e+03,
1.259147949218750000e+03,
1.441076293945312500e+03,
1.529519165039062500e+03,
1.568689697265625000e+03,
1.710681152343750000e+03,
1.790854614257812500e+03,
1.843653442382812500e+03,
1.961139892578125000e+03,
1.962540161132812500e+03,
1.726209472656250000e+03,
1.597983886718750000e+03,
1.855049804687500000e+03,
1.934781372070312500e+03,
1.959119750976562500e+03,
2.109312011718750000e+03,
2.073701416015625000e+03,
1.775412841796875000e+03,
1.318806396484375000e+03,
1.070701293945312500e+03,
1.093659545898437500e+03,
1.109543212890625000e+03,
1.111182495117187500e+03,
1.119465698242187500e+03,
1.122240234375000000e+03,
1.117089599609375000e+03,
1.133770141601562500e+03,
1.124328491210937500e+03,
1.093042480468750000e+03,
1.056098754882812500e+03,
1.130495849609375000e+03,
1.633482177734375000e+03,
2.162906005859375000e+03,
2.228357177734375000e+03,
2.090730468750000000e+03,
2.036608398437500000e+03,
1.821597778320312500e+03,
1.918132812500000000e+03,
1.999339599609375000e+03,
1.916442016601562500e+03,
