1.664143432617187500e+03,
1.698125366210937500e+03,
1.743716308593750000e+03,
1.802837524414062500e+03,
1.744689697265625000e+03,
1.631391479492187500e+03,
1.492683837890625000e+03,
1.488240844726562500e+03,
1.526576171875000000e+03,
1.455245605468750000e+03,
1.532967529296875000e+03,
1.727900024414062500e+03,
1.709555664062500000e+03,
1.556595336914062500e+03,
1.547423706054687500e+03,
1.580791259765625000e+03,
1.687208862304687500e+03,
1.411057373046875000e+03,
1.057271484375000000e+03,
8.420620117187500000e+02,
7.372671508789062500e+02,
7.143419189453125000e+02,
7.657467651367187500e+02,
8.017827758789062500e+02,
8.553669433593750000e+02,
8.392658081054687500e+02,
8.545844726562500000e+02,
8.666322631835937500e+02,
9.075388793945312500e+02,
9.874084472656250000e+02,
1.037506713867187500e+03,
1.073429443359375000e+03,
1.065722778320312500e+03,
1.002834167480468750e+03,
9.354559326171875000e+02,
9.720769042968750000e+02,
1.195627563476562500e+03,
1.228333984375000000e+03,
1.087491821289062500e+03,
1.099641967773437500e+03,
1.318951660156250000e+03,
1.446313476562500000e+03,
1.236173339843750000e+03,
1.048370361328125000e+03,
1.003894104003906250e+03,
1.003113891601562500e+03,
9.373088989257812500e+02,
9.241952514648437500e+02,
9.456441040039062500e+02,
1.018486083984375000e+03,
1.080791748046875000e+03,
1.158157470703125000e+03,
1.214690795898437500e+03,
1.261697509765625000e+03,
1.195911010742187500e+03,
1.264552490234375000e+03,
1.502286132812500000e+03,
1.746610961914062500e+03,
1.831491943359375000e+03,
1.789427978515625000e+03,
1.654802734375000000e+03,
1.707016601562500000e+03,
2.039970703125000000e+03,
2.537877929687500000e+03,
3.361912597656250000e+03,
3.786927490234375000e+03,
3.726789794921875000e+03,
3.521372802734375000e+03,
2.636109863281250000e+03,
1.385525878906250000e+03,
5.710441894531250000e+02,
4.679079895019531250e+02,
4.540214538574218750e+02,
4.407401123046875000e+02,
4.174589233398437500e+02,
4.330679626464843750e+02,
4.637331848144531250e+02,
4.588764648437500000e+02,
4.446648254394531250e+02,
4.365736694335937500e+02,
4.509602355957031250e+02,
4.627027893066406250e+02,
4.547637634277343750e+02,
4.553914794921875000e+02,
4.624533691406250000e+02,
4.536926269531250000e+02,
4.454396667480468750e+02,
4.448558654785156250e+02,
4.360232543945312500e+02,
4.439497680664062500e+02,
4.537566833496093750e+02,
4.280982971191406250e+02,
4.328496093750000000e+02,
