9.215490112304687500e+02,
8.964762573242187500e+02,
8.929114990234375000e+02,
8.922332153320312500e+02,
8.824222412109375000e+02,
8.799249877929687500e+02,
8.841522216796875000e+02,
8.795517578125000000e+02,
8.769292602539062500e+02,
8.853333740234375000e+02,
8.980035400390625000e+02,
9.142586059570312500e+02,
9.288847656250000000e+02,
9.130874633789062500e+02,
9.057191162109375000e+02,
9.070448608398437500e+02,
9.088033447265625000e+02,
9.333407592773437500e+02,
9.476829833984375000e+02,
9.584899291992187500e+02,
9.426409912109375000e+02,
9.550218505859375000e+02,
9.411912231445312500e+02,
9.234341430664062500e+02,
9.100300292968750000e+02,
9.206754760742187500e+02,
9.230616455078125000e+02,
9.228734741210937500e+02,
9.394981689453125000e+02,
9.455864257812500000e+02,
9.357939453125000000e+02,
9.354196777343750000e+02,
9.545279541015625000e+02,
9.525465087890625000e+02,
9.309081420898437500e+02,
9.250516967773437500e+02,
9.150408935546875000e+02,
9.148367919921875000e+02,
9.405390625000000000e+02,
9.762930297851562500e+02,
9.977127075195312500e+02,
9.722385864257812500e+02,
9.292611083984375000e+02,
9.247817993164062500e+02,
9.357702026367187500e+02,
9.330739746093750000e+02,
9.297217407226562500e+02,
9.079069213867187500e+02,
9.041843872070312500e+02,
9.078610839843750000e+02,
9.121831665039062500e+02,
9.107693481445312500e+02,
9.150404663085937500e+02,
9.299102172851562500e+02,
9.452494506835937500e+02,
9.335875854492187500e+02,
9.357926635742187500e+02,
9.398829956054687500e+02,
9.380356445312500000e+02,
9.475311279296875000e+02,
9.489901123046875000e+02,
9.487843017578125000e+02,
9.452982177734375000e+02,
9.195507202148437500e+02,
9.135346069335937500e+02,
9.328273925781250000e+02,
9.394329223632812500e+02,
9.349438476562500000e+02,
9.288555908203125000e+02,
9.313559570312500000e+02,
9.307105102539062500e+02,
9.371793212890625000e+02,
9.425457153320312500e+02,
9.408198852539062500e+02,
9.566793212890625000e+02,
9.445084838867187500e+02,
9.319577026367187500e+02,
9.455772705078125000e+02,
9.575689697265625000e+02,
9.843801879882812500e+02,
1.004262268066406250e+03,
1.005007629394531250e+03,
1.015531250000000000e+03,
1.026724853515625000e+03,
1.025009155273437500e+03,
9.967799072265625000e+02,
9.890260009765625000e+02,
9.949729614257812500e+02,
9.838532714843750000e+02,
9.807808837890625000e+02,
9.750511474609375000e+02,
9.612499389648437500e+02,
9.520178222656250000e+02,
9.471680297851562500e+02,
9.590469970703125000e+02,
9.678288574218750000e+02,
9.474209594726562500e+02,
8.587884521484375000e+02,
8.797161254882812500e+02,
1.094559814453125000e+03,
1.249846679687500000e+03,
1.455257324218750000e+03,
1.526895141601562500e+03,
1.508090942382812500e+03,
1.521810668945312500e+03,
1.525970947265625000e+03,
1.510557006835937500e+03,
1.577917236328125000e+03,
1.673151000976562500e+03,
1.833933715820312500e+03,
1.972780883789062500e+03,
1.866815429687500000e+03,
1.875337280273437500e+03,
1.904019653320312500e+03,
1.859150390625000000e+03,
1.846609863281250000e+03,
1.790724487304687500e+03,
1.689305175781250000e+03,
1.654384399414062500e+03,
1.684959106445312500e+03,
1.691354248046875000e+03,
1.576609130859375000e+03,
1.589913574218750000e+03,
1.590668457031250000e+03,
1.561635498046875000e+03,
1.573166870117187500e+03,
1.568447143554687500e+03,
1.530068847656250000e+03,
1.402663818359375000e+03,
1.233726074218750000e+03,
1.051497680664062500e+03,
9.492430419921875000e+02,
9.357423706054687500e+02,
9.607073974609375000e+02,
9.557479858398437500e+02,
9.156097412109375000e+02,
9.368514404296875000e+02,
9.540330810546875000e+02,
9.443770751953125000e+02,
9.393054809570312500e+02,
9.356734619140625000e+02,
9.463720703125000000e+02,
9.571558837890625000e+02,
9.411246948242187500e+02,
9.377316284179687500e+02,
9.252926635742187500e+02,
9.244906005859375000e+02,
9.296789550781250000e+02,
9.300736083984375000e+02,
9.144191894531250000e+02,
9.426832885742187500e+02,
9.593446044921875000e+02,
9.462369995117187500e+02,
9.634614868164062500e+02,
9.761127319335937500e+02,
9.933603515625000000e+02,
1.005583251953125000e+03,
9.931694946289062500e+02,
9.796534423828125000e+02,
9.912365722656250000e+02,
1.001516174316406250e+03,
9.803042602539062500e+02,
9.881826782226562500e+02,
1.018186340332031250e+03,
1.007869750976562500e+03,
1.004746215820312500e+03,
9.938738403320312500e+02,
9.790940551757812500e+02,
9.619730224609375000e+02,
9.533894653320312500e+02,
9.466228027343750000e+02,
9.531412963867187500e+02,
9.632684936523437500e+02,
9.645944824218750000e+02,
9.630774536132812500e+02,
9.924677734375000000e+02,
1.041446655273437500e+03,
1.025967041015625000e+03,
1.004782775878906250e+03,
1.003689147949218750e+03,
9.963547973632812500e+02,
9.960095214843750000e+02,
9.902692871093750000e+02,
1.007018371582031250e+03,
1.018504638671875000e+03,
1.130366577148437500e+03,
2.965038330078125000e+03,
5.944996093750000000e+03,
8.562212890625000000e+03,
8.926529296875000000e+03,
8.066070312500000000e+03,
7.601879394531250000e+03,
7.367732421875000000e+03,
7.585066406250000000e+03,
7.295307617187500000e+03,
6.530434570312500000e+03,
6.132512695312500000e+03,
5.672236328125000000e+03,
5.684886230468750000e+03,
5.382998535156250000e+03,
4.849637695312500000e+03,
4.856392089843750000e+03,
4.666623046875000000e+03,
4.356153320312500000e+03,
3.772023193359375000e+03,
3.304081542968750000e+03,
3.020507324218750000e+03,
2.873574218750000000e+03,
2.777725585937500000e+03,
2.584177490234375000e+03,
2.541682373046875000e+03,
2.565309326171875000e+03,
2.678416992187500000e+03,
2.597352294921875000e+03,
2.302584716796875000e+03,
2.029510498046875000e+03,
2.024134887695312500e+03,
2.243478027343750000e+03,
2.218459228515625000e+03,
1.927170776367187500e+03,
1.708513549804687500e+03,
1.666723876953125000e+03,
1.797222656250000000e+03,
1.759034667968750000e+03,
1.630600830078125000e+03,
1.531311279296875000e+03,
1.503722045898437500e+03,
1.560227539062500000e+03,
1.544987548828125000e+03,
1.506852294921875000e+03,
1.472099853515625000e+03,
1.414180786132812500e+03,
1.430847290039062500e+03,
1.370924926757812500e+03,
1.272013427734375000e+03,
1.217048339843750000e+03,
1.214471435546875000e+03,
1.200140991210937500e+03,
1.158669067382812500e+03,
1.152088989257812500e+03,
1.159948364257812500e+03,
1.172940185546875000e+03,
1.149574584960937500e+03,
1.130550415039062500e+03,
1.097266235351562500e+03,
1.077760620117187500e+03,
1.071975708007812500e+03,
1.085249267578125000e+03,
1.106666625976562500e+03,
1.121475708007812500e+03,
1.114033691406250000e+03,
1.076039062500000000e+03,
1.060208496093750000e+03,
1.056418457031250000e+03,
1.068083862304687500e+03,
1.082844970703125000e+03,
1.055082641601562500e+03,
1.051911499023437500e+03,
1.052549438476562500e+03,
1.031884765625000000e+03,
1.041746704101562500e+03,
1.044413818359375000e+03,
1.047704467773437500e+03,
1.030257446289062500e+03,
1.006397277832031250e+03,
9.977818603515625000e+02,
1.003283447265625000e+03,
1.027163208007812500e+03,
1.033698974609375000e+03,
9.979981689453125000e+02,
9.789053955078125000e+02,
9.871044311523437500e+02,
9.999201660156250000e+02,
1.014625549316406250e+03,
1.017697265625000000e+03,
1.006673461914062500e+03,
1.016753845214843750e+03,
1.029274902343750000e+03,
1.007907043457031250e+03,
9.979124145507812500e+02,
9.908327636718750000e+02,
9.771461791992187500e+02,
9.719372558593750000e+02,
9.761737670898437500e+02,
9.551389770507812500e+02,
9.993585815429687500e+02,
