3.212561767578125000e+03,
3.043658203125000000e+03,
2.944939697265625000e+03,
2.898741699218750000e+03,
3.077589111328125000e+03,
3.225099609375000000e+03,
3.043649169921875000e+03,
2.995603271484375000e+03,
2.902499755859375000e+03,
2.785512939453125000e+03,
2.690422607421875000e+03,
2.852425292968750000e+03,
2.907407958984375000e+03,
2.899523925781250000e+03,
2.991391113281250000e+03,
3.016809326171875000e+03,
2.976888427734375000e+03,
2.983924560546875000e+03,
2.945036132812500000e+03,
2.857012939453125000e+03,
2.795389404296875000e+03,
2.782318847656250000e+03,
2.947174072265625000e+03,
2.906016601562500000e+03,
2.693533447265625000e+03,
2.537459716796875000e+03,
2.514536376953125000e+03,
2.529649414062500000e+03,
2.533947265625000000e+03,
2.592977050781250000e+03,
2.624367675781250000e+03,
2.591033935546875000e+03,
2.515687500000000000e+03,
2.479749023437500000e+03,
2.548040527343750000e+03,
2.553732666015625000e+03,
2.559031250000000000e+03,
2.656764648437500000e+03,
2.667159912109375000e+03,
2.589328613281250000e+03,
2.467712402343750000e+03,
2.501385498046875000e+03,
2.539650634765625000e+03,
2.520317626953125000e+03,
2.619017578125000000e+03,
2.780799316406250000e+03,
3.179169433593750000e+03,
3.371163330078125000e+03,
3.364172607421875000e+03,
3.292112060546875000e+03,
3.296851318359375000e+03,
3.304161132812500000e+03,
3.289258544921875000e+03,
3.310202636718750000e+03,
3.293505859375000000e+03,
3.282208251953125000e+03,
3.440987060546875000e+03,
