6.405585327148437500e+02,
6.048856201171875000e+02,
5.633708496093750000e+02,
5.841360473632812500e+02,
6.133740844726562500e+02,
7.409896240234375000e+02,
8.711082763671875000e+02,
8.651096801757812500e+02,
8.183895263671875000e+02,
7.111887207031250000e+02,
7.369339599609375000e+02,
8.077484130859375000e+02,
8.039238281250000000e+02,
8.497703857421875000e+02,
8.871943969726562500e+02,
9.208608398437500000e+02,
8.766010131835937500e+02,
7.891043090820312500e+02,
5.657590942382812500e+02,
4.663615417480468750e+02,
4.999284973144531250e+02,
5.040283508300781250e+02,
4.932323913574218750e+02,
4.698227844238281250e+02,
4.646224975585937500e+02,
4.679289550781250000e+02,
4.521642761230468750e+02,
4.219323120117187500e+02,
4.275274658203125000e+02,
4.458907165527343750e+02,
4.476631469726562500e+02,
4.415565185546875000e+02,
4.182855834960937500e+02,
4.103258666992187500e+02,
4.268111877441406250e+02,
4.242572631835937500e+02,
4.078662109375000000e+02,
4.013999328613281250e+02,
3.968804626464843750e+02,
3.901311645507812500e+02,
3.621501770019531250e+02,
3.413471984863281250e+02,
3.225238342285156250e+02,
3.407762756347656250e+02,
3.748453979492187500e+02,
3.797765197753906250e+02,
3.715842895507812500e+02,
3.612037353515625000e+02,
3.421768188476562500e+02,
3.604111022949218750e+02,
3.538793334960937500e+02,
3.674228820800781250e+02,
3.539280090332031250e+02,
3.676422729492187500e+02,
3.815277099609375000e+02,
3.956042175292968750e+02,
3.697554321289062500e+02,
3.406541748046875000e+02,
3.776623535156250000e+02,
4.094990539550781250e+02,
3.981617126464843750e+02,
3.749168395996093750e+02,
3.427211303710937500e+02,
4.284197998046875000e+02,
4.109930725097656250e+02,
3.558449096679687500e+02,
3.772100830078125000e+02,
3.638364257812500000e+02,
3.668664550781250000e+02,
3.556585388183593750e+02,
3.815822753906250000e+02,
4.002057800292968750e+02,
3.985381774902343750e+02,
3.706714172363281250e+02,
3.577337951660156250e+02,
3.846810607910156250e+02,
3.740194091796875000e+02,
3.709854736328125000e+02,
3.925599060058593750e+02,
4.042621459960937500e+02,
3.893562011718750000e+02,
3.823230590820312500e+02,
3.700139160156250000e+02,
3.913151550292968750e+02,
4.295648498535156250e+02,
4.511121520996093750e+02,
5.805557861328125000e+02,
5.935018920898437500e+02,
6.537440185546875000e+02,
7.196170654296875000e+02,
7.772606811523437500e+02,
6.795993041992187500e+02,
6.246267089843750000e+02,
6.498212890625000000e+02,
7.623386230468750000e+02,
7.651675415039062500e+02,
6.874315795898437500e+02,
7.036571655273437500e+02,
7.497678833007812500e+02,
6.891624145507812500e+02,
6.472236328125000000e+02,
5.997233886718750000e+02,
5.671301269531250000e+02,
5.848079833984375000e+02,
5.814295654296875000e+02,
5.719576416015625000e+02,
5.733146972656250000e+02,
5.351892089843750000e+02,
4.833440856933593750e+02,
4.789877319335937500e+02,
4.840968017578125000e+02,
5.290465087890625000e+02,
5.507723388671875000e+02,
5.598417968750000000e+02,
5.492175292968750000e+02,
5.280689086914062500e+02,
4.839133605957031250e+02,
4.507993469238281250e+02,
4.373402404785156250e+02,
4.193492736816406250e+02,
4.406997375488281250e+02,
4.430037536621093750e+02,
3.962437133789062500e+02,
3.583576049804687500e+02,
3.640556335449218750e+02,
3.710539550781250000e+02,
3.960564270019531250e+02,
3.859246215820312500e+02,
3.758839111328125000e+02,
4.012343750000000000e+02,
4.102987670898437500e+02,
3.914642028808593750e+02,
4.014358825683593750e+02,
4.321371765136718750e+02,
4.520533142089843750e+02,
4.510383605957031250e+02,
4.373881835937500000e+02,
4.330252075195312500e+02,
4.592810363769531250e+02,
4.889410400390625000e+02,
4.840518798828125000e+02,
4.888739624023437500e+02,
5.007154541015625000e+02,
5.332775268554687500e+02,
1.033421997070312500e+03,
3.884477050781250000e+03,
6.605989257812500000e+03,
