3.067752685546875000e+03,
3.151017333984375000e+03,
3.345670654296875000e+03,
3.272199707031250000e+03,
2.842499023437500000e+03,
2.535565429687500000e+03,
2.551844238281250000e+03,
2.582718505859375000e+03,
2.587164794921875000e+03,
2.674084472656250000e+03,
2.826751464843750000e+03,
2.930236816406250000e+03,
2.964729736328125000e+03,
2.917778808593750000e+03,
2.901486572265625000e+03,
2.892333496093750000e+03,
2.838679687500000000e+03,
2.776053955078125000e+03,
2.816174072265625000e+03,
2.897825439453125000e+03,
2.901434326171875000e+03,
2.932280517578125000e+03,
3.000366699218750000e+03,
2.924486328125000000e+03,
2.718119140625000000e+03,
2.687918457031250000e+03,
2.960265869140625000e+03,
2.974013671875000000e+03,
2.773809570312500000e+03,
2.769574218750000000e+03,
3.002887451171875000e+03,
2.928541748046875000e+03,
2.763709716796875000e+03,
2.907517333984375000e+03,
2.972395263671875000e+03,
2.900146972656250000e+03,
2.952479980468750000e+03,
3.051002685546875000e+03,
2.832143310546875000e+03,
2.596018554687500000e+03,
2.795081298828125000e+03,
3.032813476562500000e+03,
2.942472900390625000e+03,
2.803723876953125000e+03,
2.881991210937500000e+03,
2.944068359375000000e+03,
2.724531494140625000e+03,
2.817435302734375000e+03,
2.907750488281250000e+03,
2.878948730468750000e+03,
2.969966552734375000e+03,
3.025967285156250000e+03,
2.895395507812500000e+03,
2.720244384765625000e+03,
2.884505126953125000e+03,
3.067908935546875000e+03,
2.966575195312500000e+03,
2.828889160156250000e+03,
2.864924560546875000e+03,
2.959521240234375000e+03,
2.775670166015625000e+03,
2.797516113281250000e+03,
2.907240234375000000e+03,
2.830345703125000000e+03,
2.852159179687500000e+03,
2.880609375000000000e+03,
2.748755371093750000e+03,
2.606737548828125000e+03,
2.665950927734375000e+03,
2.688622802734375000e+03,
2.878939941406250000e+03,
3.070369384765625000e+03,
2.838581054687500000e+03,
2.506951904296875000e+03,
2.458491210937500000e+03,
2.524154541015625000e+03,
2.610051269531250000e+03,
2.632458007812500000e+03,
2.586930908203125000e+03,
2.507045654296875000e+03,
2.466307373046875000e+03,
2.520764160156250000e+03,
2.527493652343750000e+03,
2.653404785156250000e+03,
