4.101839599609375000e+02,
3.885610351562500000e+02,
4.112771301269531250e+02,
4.229999694824218750e+02,
4.302341613769531250e+02,
4.151053771972656250e+02,
4.026277160644531250e+02,
4.283786621093750000e+02,
4.568103027343750000e+02,
4.433872070312500000e+02,
4.198083801269531250e+02,
4.251719360351562500e+02,
4.264945678710937500e+02,
4.311043701171875000e+02,
4.271129760742187500e+02,
4.335190429687500000e+02,
4.479090576171875000e+02,
4.623629150390625000e+02,
4.563809509277343750e+02,
4.683896789550781250e+02,
4.964279174804687500e+02,
4.783005981445312500e+02,
4.628499755859375000e+02,
4.608568115234375000e+02,
4.516838073730468750e+02,
4.399444885253906250e+02,
4.243273620605468750e+02,
3.892007446289062500e+02,
3.767518615722656250e+02,
3.849767150878906250e+02,
3.854135437011718750e+02,
3.843470764160156250e+02,
3.711764526367187500e+02,
3.751795959472656250e+02,
3.949481811523437500e+02,
3.874805603027343750e+02,
3.823796386718750000e+02,
4.076130981445312500e+02,
4.280185241699218750e+02,
4.405629882812500000e+02,
4.472224121093750000e+02,
4.314138183593750000e+02,
4.269930725097656250e+02,
4.354039916992187500e+02,
5.176640014648437500e+02,
5.221085815429687500e+02,
4.973443908691406250e+02,
5.151034545898437500e+02,
5.060026550292968750e+02,
5.485952758789062500e+02,
5.988834228515625000e+02,
6.077401123046875000e+02,
6.048291015625000000e+02,
6.249020996093750000e+02,
6.270056152343750000e+02,
6.376172485351562500e+02,
6.126531372070312500e+02,
5.980012207031250000e+02,
5.766746215820312500e+02,
5.278362426757812500e+02,
4.836620788574218750e+02,
4.841074218750000000e+02,
4.616092224121093750e+02,
4.440681762695312500e+02,
4.550571594238281250e+02,
4.412451477050781250e+02,
5.077107849121093750e+02,
6.221224365234375000e+02,
6.519064941406250000e+02,
6.649235229492187500e+02,
6.909196777343750000e+02,
6.497753906250000000e+02,
6.593286743164062500e+02,
6.899519653320312500e+02,
7.164780273437500000e+02,
7.413186035156250000e+02,
7.411312255859375000e+02,
7.276213378906250000e+02,
7.332889404296875000e+02,
7.349081420898437500e+02,
6.853189697265625000e+02,
6.216133422851562500e+02,
6.183138427734375000e+02,
6.806174926757812500e+02,
7.886442260742187500e+02,
8.904761962890625000e+02,
8.903264770507812500e+02,
7.629376220703125000e+02,
8.077800292968750000e+02,
1.013689025878906250e+03,
9.721970214843750000e+02,
1.000548645019531250e+03,
1.174148437500000000e+03,
1.246050170898437500e+03,
1.146327514648437500e+03,
1.079486328125000000e+03,
1.088012207031250000e+03,
1.089337524414062500e+03,
9.748837280273437500e+02,
9.474266967773437500e+02,
9.178394775390625000e+02,
8.638113403320312500e+02,
9.942204589843750000e+02,
1.239403076171875000e+03,
1.169769897460937500e+03,
1.081118652343750000e+03,
1.043264282226562500e+03,
9.077414550781250000e+02,
8.778923339843750000e+02,
8.959285888671875000e+02,
9.181381835937500000e+02,
8.834112548828125000e+02,
9.226785888671875000e+02,
1.017861816406250000e+03,
1.065430297851562500e+03,
1.131351562500000000e+03,
1.339769775390625000e+03,
1.494348388671875000e+03,
1.469385986328125000e+03,
1.393395874023437500e+03,
1.452276733398437500e+03,
1.482481323242187500e+03,
1.437068969726562500e+03,
1.245199462890625000e+03,
1.097989501953125000e+03,
1.143013916015625000e+03,
1.173594970703125000e+03,
1.042320678710937500e+03,
1.043643920898437500e+03,
1.004044067382812500e+03,
9.467825927734375000e+02,
7.838023681640625000e+02,
7.921473388671875000e+02,
9.941152343750000000e+02,
1.088061035156250000e+03,
1.035243896484375000e+03,
9.635062866210937500e+02,
1.005658813476562500e+03,
1.277479370117187500e+03,
1.712121215820312500e+03,
2.185559814453125000e+03,
1.874824218750000000e+03,
1.486718750000000000e+03,
1.472450805664062500e+03,
1.453964477539062500e+03,
1.435384643554687500e+03,
1.718534545898437500e+03,
1.790868164062500000e+03,
1.802520019531250000e+03,
1.357631835937500000e+03,
1.355162841796875000e+03,
1.592875854492187500e+03,
1.612220458984375000e+03,
1.780577148437500000e+03,
1.762992797851562500e+03,
2.064186035156250000e+03,
1.553768798828125000e+03,
5.608843994140625000e+02,
3.657748413085937500e+02,
3.508615417480468750e+02,
3.433129577636718750e+02,
3.475421752929687500e+02,
3.551342468261718750e+02,
3.552054138183593750e+02,
3.453575439453125000e+02,
3.202000122070312500e+02,
3.152299194335937500e+02,
3.162594909667968750e+02,
3.141049804687500000e+02,
3.135475463867187500e+02,
3.160639648437500000e+02,
3.167670593261718750e+02,
3.143868408203125000e+02,
3.097261657714843750e+02,
3.059104003906250000e+02,
3.037934265136718750e+02,
3.019286193847656250e+02,
3.053124694824218750e+02,
3.084954528808593750e+02,
3.064304504394531250e+02,
2.948889770507812500e+02,
2.987620239257812500e+02,
3.117260437011718750e+02,
3.184618835449218750e+02,
3.126039733886718750e+02,
3.154632263183593750e+02,
3.230629882812500000e+02,
3.397216796875000000e+02,
3.365056152343750000e+02,
3.229279785156250000e+02,
3.140803833007812500e+02,
3.103845825195312500e+02,
3.210250549316406250e+02,
3.265307617187500000e+02,
3.228232116699218750e+02,
3.203276977539062500e+02,
3.210558776855468750e+02,
3.247697143554687500e+02,
3.269870910644531250e+02,
3.346347961425781250e+02,
