5.650228271484375000e+02,
5.560388793945312500e+02,
5.670587158203125000e+02,
5.838618774414062500e+02,
5.944954223632812500e+02,
5.993050537109375000e+02,
6.169167480468750000e+02,
6.107871704101562500e+02,
5.902481079101562500e+02,
5.849966430664062500e+02,
6.133577880859375000e+02,
6.200173950195312500e+02,
6.298989257812500000e+02,
6.061234130859375000e+02,
5.739127807617187500e+02,
5.681193847656250000e+02,
5.629227294921875000e+02,
5.706160888671875000e+02,
5.725422363281250000e+02,
5.690171508789062500e+02,
5.650651245117187500e+02,
5.622511596679687500e+02,
5.791986694335937500e+02,
6.698005371093750000e+02,
8.979757690429687500e+02,
1.160018676757812500e+03,
1.245149047851562500e+03,
1.345932983398437500e+03,
1.367344482421875000e+03,
1.387289916992187500e+03,
1.348555175781250000e+03,
1.265395385742187500e+03,
1.249634155273437500e+03,
1.164270385742187500e+03,
1.085685302734375000e+03,
1.034207275390625000e+03,
9.931924438476562500e+02,
9.619528198242187500e+02,
8.610933227539062500e+02,
7.925436401367187500e+02,
6.993544921875000000e+02,
6.260975952148437500e+02,
6.420588989257812500e+02,
6.807201538085937500e+02,
7.322379150390625000e+02,
7.585669555664062500e+02,
8.128438110351562500e+02,
8.390180053710937500e+02,
8.769041137695312500e+02,
9.006196289062500000e+02,
8.914588012695312500e+02,
8.650732421875000000e+02,
8.741026000976562500e+02,
8.841945190429687500e+02,
9.018468627929687500e+02,
8.927108764648437500e+02,
8.901336059570312500e+02,
8.774157104492187500e+02,
8.510889892578125000e+02,
8.400879516601562500e+02,
8.076287231445312500e+02,
7.584004516601562500e+02,
7.384866333007812500e+02,
7.376998291015625000e+02,
7.478002929687500000e+02,
7.621143188476562500e+02,
7.426118774414062500e+02,
7.312442016601562500e+02,
7.148511962890625000e+02,
6.943678588867187500e+02,
6.861418457031250000e+02,
6.861192016601562500e+02,
6.856602172851562500e+02,
6.835290527343750000e+02,
6.630312500000000000e+02,
6.604801025390625000e+02,
6.683446655273437500e+02,
6.697840576171875000e+02,
6.605018310546875000e+02,
6.565039672851562500e+02,
6.503540649414062500e+02,
6.671676025390625000e+02,
6.550324707031250000e+02,
6.411305541992187500e+02,
6.298816528320312500e+02,
6.118793334960937500e+02,
6.102508544921875000e+02,
6.295679931640625000e+02,
6.392968750000000000e+02,
6.394805297851562500e+02,
6.309783935546875000e+02,
6.387578735351562500e+02,
6.839859008789062500e+02,
7.971121826171875000e+02,
8.498401489257812500e+02,
8.539406738281250000e+02,
9.007553100585937500e+02,
1.090547607421875000e+03,
1.473651977539062500e+03,
1.771764648437500000e+03,
1.887577392578125000e+03,
1.669113403320312500e+03,
1.577271484375000000e+03,
1.713898681640625000e+03,
1.797867309570312500e+03,
1.699421875000000000e+03,
1.610450317382812500e+03,
1.380467529296875000e+03,
1.100304565429687500e+03,
1.194116455078125000e+03,
1.599637329101562500e+03,
1.915227783203125000e+03,
1.459943603515625000e+03,
7.842008056640625000e+02,
6.726264038085937500e+02,
6.809002075195312500e+02,
6.686091308593750000e+02,
6.461857299804687500e+02,
6.321395263671875000e+02,
6.319306640625000000e+02,
6.054818725585937500e+02,
5.934917602539062500e+02,
5.836214599609375000e+02,
5.526215820312500000e+02,
5.697297363281250000e+02,
5.757550659179687500e+02,
5.753287963867187500e+02,
5.954238891601562500e+02,
6.212363281250000000e+02,
5.992723388671875000e+02,
6.404634399414062500e+02,
6.700874633789062500e+02,
6.730721435546875000e+02,
6.754712524414062500e+02,
6.254260253906250000e+02,
5.559684448242187500e+02,
5.176259765625000000e+02,
5.339202880859375000e+02,
5.577040405273437500e+02,
5.892942504882812500e+02,
5.704739990234375000e+02,
5.837056884765625000e+02,
5.742993164062500000e+02,
5.880357055664062500e+02,
6.391300048828125000e+02,
6.810640258789062500e+02,
8.276328735351562500e+02,
1.075704467773437500e+03,
1.188952148437500000e+03,
1.112125000000000000e+03,
9.520449829101562500e+02,
8.351771240234375000e+02,
7.922032470703125000e+02,
8.136522216796875000e+02,
8.189658813476562500e+02,
8.470651245117187500e+02,
8.063121337890625000e+02,
8.239918212890625000e+02,
8.158287353515625000e+02,
8.244346313476562500e+02,
8.421456909179687500e+02,
8.203435668945312500e+02,
7.367509155273437500e+02,
7.640017700195312500e+02,
8.328587646484375000e+02,
8.535111694335937500e+02,
8.806439819335937500e+02,
9.752085571289062500e+02,
1.137440795898437500e+03,
1.096934814453125000e+03,
1.047582397460937500e+03,
7.757551879882812500e+02,
7.508456420898437500e+02,
7.067348022460937500e+02,
7.393331909179687500e+02,
8.833794555664062500e+02,
9.821984252929687500e+02,
9.016779174804687500e+02,
8.654608764648437500e+02,
9.439428100585937500e+02,
1.013647583007812500e+03,
9.362147216796875000e+02,
8.203034667968750000e+02,
8.778834228515625000e+02,
8.759694213867187500e+02,
8.592576904296875000e+02,
8.265971679687500000e+02,
7.929760742187500000e+02,
7.143693237304687500e+02,
8.282836914062500000e+02,
7.924349975585937500e+02,
6.518740234375000000e+02,
7.144719238281250000e+02,
8.696663208007812500e+02,
8.913341674804687500e+02,
9.826794433593750000e+02,
9.200202636718750000e+02,
8.964077148437500000e+02,
8.671334228515625000e+02,
8.653416748046875000e+02,
8.557598266601562500e+02,
8.281033325195312500e+02,
8.068072509765625000e+02,
7.896151123046875000e+02,
7.592318725585937500e+02,
7.959117431640625000e+02,
8.586728515625000000e+02,
8.462311401367187500e+02,
7.391557617187500000e+02,
6.789226074218750000e+02,
6.798373413085937500e+02,
7.271724853515625000e+02,
8.543311157226562500e+02,
8.515902099609375000e+02,
8.081361694335937500e+02,
6.974083251953125000e+02,
6.727581787109375000e+02,
7.019486083984375000e+02,
7.124410400390625000e+02,
7.040348510742187500e+02,
7.635465087890625000e+02,
8.375474853515625000e+02,
8.701377563476562500e+02,
9.672697753906250000e+02,
9.520133056640625000e+02,
1.010965026855468750e+03,
9.417123413085937500e+02,
9.980919799804687500e+02,
9.977609252929687500e+02,
9.486387329101562500e+02,
9.128035278320312500e+02,
9.003651123046875000e+02,
8.533048095703125000e+02,
7.229182739257812500e+02,
