2.172520019531250000e+03,
2.162370361328125000e+03,
2.214989013671875000e+03,
2.432361572265625000e+03,
2.806359130859375000e+03,
3.568986816406250000e+03,
4.245551269531250000e+03,
4.263196777343750000e+03,
4.246747558593750000e+03,
4.227619140625000000e+03,
4.095328125000000000e+03,
4.053474853515625000e+03,
4.229795410156250000e+03,
4.078083496093750000e+03,
3.758060058593750000e+03,
3.655091552734375000e+03,
3.877944091796875000e+03,
4.113381347656250000e+03,
4.205370605468750000e+03,
4.074395019531250000e+03,
4.016716552734375000e+03,
4.207114257812500000e+03,
4.257001953125000000e+03,
4.248257324218750000e+03,
4.386771484375000000e+03,
4.480480957031250000e+03,
4.678809570312500000e+03,
4.827683105468750000e+03,
5.061869628906250000e+03,
5.400943847656250000e+03,
5.358774902343750000e+03,
5.191132324218750000e+03,
4.837895507812500000e+03,
4.386626953125000000e+03,
4.081164550781250000e+03,
4.086167236328125000e+03,
4.104799316406250000e+03,
4.308588867187500000e+03,
4.353616699218750000e+03,
4.283017089843750000e+03,
4.238907714843750000e+03,
4.416979980468750000e+03,
4.680217285156250000e+03,
4.625235351562500000e+03,
4.904282714843750000e+03,
5.208658691406250000e+03,
5.167735839843750000e+03,
5.779474609375000000e+03,
