1.537649780273437500e+03,
1.169772460937500000e+03,
1.155966064453125000e+03,
1.181992309570312500e+03,
1.140491455078125000e+03,
1.106881591796875000e+03,
1.098262573242187500e+03,
1.093578002929687500e+03,
1.088680175781250000e+03,
1.075014038085937500e+03,
1.064740234375000000e+03,
1.050046875000000000e+03,
1.037600708007812500e+03,
1.054430541992187500e+03,
1.066869628906250000e+03,
1.061301269531250000e+03,
1.046590576171875000e+03,
1.026656860351562500e+03,
1.017216308593750000e+03,
1.024536132812500000e+03,
1.040421875000000000e+03,
1.037626342773437500e+03,
1.032169067382812500e+03,
1.038823486328125000e+03,
1.035625122070312500e+03,
1.031733886718750000e+03,
1.023665771484375000e+03,
1.011190124511718750e+03,
1.016144531250000000e+03,
1.009148315429687500e+03,
9.863208618164062500e+02,
9.709497680664062500e+02,
9.671546020507812500e+02,
9.740672607421875000e+02,
9.850338745117187500e+02,
1.004774902343750000e+03,
1.014863037109375000e+03,
1.014535400390625000e+03,
1.019617492675781250e+03,
1.038418212890625000e+03,
1.052782958984375000e+03,
1.032968505859375000e+03,
1.022014953613281250e+03,
1.043468750000000000e+03,
1.045817504882812500e+03,
1.013256225585937500e+03,
1.011683593750000000e+03,
1.004179077148437500e+03,
1.014259704589843750e+03,
1.018288269042968750e+03,
1.021963623046875000e+03,
1.041274902343750000e+03,
1.027791870117187500e+03,
9.859219970703125000e+02,
1.034446533203125000e+03,
1.089064941406250000e+03,
1.131902465820312500e+03,
1.163497558593750000e+03,
1.184153442382812500e+03,
1.156863647460937500e+03,
1.158372802734375000e+03,
1.167542358398437500e+03,
1.173035522460937500e+03,
1.184568481445312500e+03,
1.221090942382812500e+03,
1.335081054687500000e+03,
1.393167968750000000e+03,
1.333174438476562500e+03,
1.320838623046875000e+03,
1.316864501953125000e+03,
1.253632568359375000e+03,
1.206939331054687500e+03,
1.217071289062500000e+03,
1.227839233398437500e+03,
1.220496459960937500e+03,
1.142781982421875000e+03,
1.103158935546875000e+03,
1.152025512695312500e+03,
1.173129638671875000e+03,
1.191875244140625000e+03,
1.200906982421875000e+03,
1.239713500976562500e+03,
1.374492431640625000e+03,
1.422505981445312500e+03,
1.361181152343750000e+03,
1.299164428710937500e+03,
1.301705932617187500e+03,
1.318604492187500000e+03,
1.350363159179687500e+03,
1.385614379882812500e+03,
1.415633789062500000e+03,
1.400936035156250000e+03,
1.353660156250000000e+03,
1.204737792968750000e+03,
1.070871826171875000e+03,
1.001422729492187500e+03,
9.702700805664062500e+02,
9.734342041015625000e+02,
9.618535766601562500e+02,
9.600063476562500000e+02,
9.648222656250000000e+02,
9.727161865234375000e+02,
9.908978881835937500e+02,
1.008560058593750000e+03,
1.016165100097656250e+03,
1.011042297363281250e+03,
1.016251586914062500e+03,
1.023873901367187500e+03,
1.020882751464843750e+03,
1.038503662109375000e+03,
1.052873535156250000e+03,
1.050228759765625000e+03,
1.049311157226562500e+03,
1.021003723144531250e+03,
9.945404663085937500e+02,
1.026091064453125000e+03,
1.094448852539062500e+03,
1.135466796875000000e+03,
1.171956542968750000e+03,
1.234694335937500000e+03,
1.230746215820312500e+03,
1.212945800781250000e+03,
1.159676147460937500e+03,
1.231610229492187500e+03,
1.295953002929687500e+03,
1.299555419921875000e+03,
1.277770507812500000e+03,
1.215488769531250000e+03,
1.063469238281250000e+03,
9.647852783203125000e+02,
9.566616821289062500e+02,
9.469211425781250000e+02,
9.411454467773437500e+02,
9.395805664062500000e+02,
9.345051269531250000e+02,
9.360578613281250000e+02,
9.553661499023437500e+02,
9.545667114257812500e+02,
9.575178222656250000e+02,
9.407237548828125000e+02,
9.306137084960937500e+02,
9.265922241210937500e+02,
9.348103637695312500e+02,
1.003478820800781250e+03,
1.135129760742187500e+03,
1.232562866210937500e+03,
1.192480957031250000e+03,
1.126293579101562500e+03,
1.083882812500000000e+03,
1.070595581054687500e+03,
1.066341552734375000e+03,
1.016377807617187500e+03,
9.720510864257812500e+02,
9.467991943359375000e+02,
9.247963867187500000e+02,
9.083721313476562500e+02,
9.137523803710937500e+02,
9.253361206054687500e+02,
9.323748779296875000e+02,
9.378786010742187500e+02,
9.444789428710937500e+02,
9.552509765625000000e+02,
9.573278808593750000e+02,
9.573220825195312500e+02,
9.703345947265625000e+02,
9.612893676757812500e+02,
9.489690551757812500e+02,
9.414147338867187500e+02,
9.249788818359375000e+02,
9.128845825195312500e+02,
9.178626708984375000e+02,
9.246118164062500000e+02,
9.253983764648437500e+02,
9.157161865234375000e+02,
9.216468505859375000e+02,
9.387201538085937500e+02,
9.512159423828125000e+02,
9.579143676757812500e+02,
9.685279541015625000e+02,
9.765444946289062500e+02,
9.654793090820312500e+02,
9.467779541015625000e+02,
9.311529541015625000e+02,
9.327781372070312500e+02,
9.532294311523437500e+02,
9.737960815429687500e+02,
9.906622924804687500e+02,
9.707202758789062500e+02,
9.503466796875000000e+02,
9.458049316406250000e+02,
9.570563354492187500e+02,
9.519477539062500000e+02,
9.582823486328125000e+02,
9.671389770507812500e+02,
9.848913574218750000e+02,
1.019076171875000000e+03,
1.033417358398437500e+03,
1.010614257812500000e+03,
1.017888671875000000e+03,
1.028866455078125000e+03,
1.034854370117187500e+03,
1.043808593750000000e+03,
1.026514892578125000e+03,
1.006855346679687500e+03,
1.004624328613281250e+03,
9.980581054687500000e+02,
9.965626831054687500e+02,
1.018829345703125000e+03,
1.021402282714843750e+03,
1.015843383789062500e+03,
1.027660888671875000e+03,
1.009716430664062500e+03,
1.006761962890625000e+03,
1.145606201171875000e+03,
1.324428588867187500e+03,
1.905297607421875000e+03,
2.006086914062500000e+03,
1.985381713867187500e+03,
1.295623046875000000e+03,
1.002567443847656250e+03,
9.651596069335937500e+02,
9.551887207031250000e+02,
9.386507568359375000e+02,
9.330587158203125000e+02,
9.099063110351562500e+02,
8.569582519531250000e+02,
8.501488037109375000e+02,
8.353735351562500000e+02,
8.080381469726562500e+02,
8.755189208984375000e+02,
8.997412719726562500e+02,
9.715745239257812500e+02,
9.888309936523437500e+02,
1.024560791015625000e+03,
1.169333007812500000e+03,
1.314267944335937500e+03,
1.330540039062500000e+03,
1.311135498046875000e+03,
1.295329711914062500e+03,
1.293657714843750000e+03,
1.290307373046875000e+03,
