8.419023437500000000e+02,
8.128847656250000000e+02,
7.474339599609375000e+02,
6.847178955078125000e+02,
6.601744384765625000e+02,
6.296558227539062500e+02,
5.855981445312500000e+02,
5.676259155273437500e+02,
5.509049682617187500e+02,
5.001508789062500000e+02,
4.783383178710937500e+02,
4.766415100097656250e+02,
4.819117431640625000e+02,
4.661442565917968750e+02,
4.284550170898437500e+02,
4.137879638671875000e+02,
3.982874755859375000e+02,
3.917832336425781250e+02,
3.716715698242187500e+02,
3.534355773925781250e+02,
3.485642395019531250e+02,
3.322865905761718750e+02,
3.313021545410156250e+02,
3.156300659179687500e+02,
3.303543090820312500e+02,
3.230650024414062500e+02,
3.263525695800781250e+02,
3.410784912109375000e+02,
3.359142456054687500e+02,
3.298164062500000000e+02,
3.263334960937500000e+02,
3.218063964843750000e+02,
3.182203979492187500e+02,
3.124447937011718750e+02,
2.949564208984375000e+02,
2.952301025390625000e+02,
2.979014587402343750e+02,
3.019736633300781250e+02,
3.023567199707031250e+02,
2.961285400390625000e+02,
2.894118957519531250e+02,
2.838868713378906250e+02,
2.812849121093750000e+02,
2.863601379394531250e+02,
2.855203247070312500e+02,
2.971089477539062500e+02,
2.938657836914062500e+02,
3.027432861328125000e+02,
3.122453918457031250e+02,
3.231894836425781250e+02,
3.199720153808593750e+02,
3.252527465820312500e+02,
3.412623901367187500e+02,
3.452355346679687500e+02,
3.921077880859375000e+02,
3.929536437988281250e+02,
4.242043151855468750e+02,
4.738390502929687500e+02,
6.777668457031250000e+02,
9.758623046875000000e+02,
1.187523071289062500e+03,
1.742178344726562500e+03,
1.886022949218750000e+03,
1.763757080078125000e+03,
1.758787841796875000e+03,
1.789320922851562500e+03,
1.888318847656250000e+03,
1.710090209960937500e+03,
1.589624389648437500e+03,
1.413664184570312500e+03,
1.290216308593750000e+03,
1.552297607421875000e+03,
1.611412231445312500e+03,
1.539004150390625000e+03,
1.427424804687500000e+03,
1.375143188476562500e+03,
1.137875000000000000e+03,
1.012121398925781250e+03,
9.415578613281250000e+02,
9.714364013671875000e+02,
9.735620727539062500e+02,
7.224543457031250000e+02,
6.356488647460937500e+02,
9.221870117187500000e+02,
1.269203369140625000e+03,
1.720775878906250000e+03,
2.014227050781250000e+03,
1.416355590820312500e+03,
8.853570556640625000e+02,
8.908858642578125000e+02,
7.616160278320312500e+02,
6.527658081054687500e+02,
6.766483764648437500e+02,
7.319265136718750000e+02,
7.737325439453125000e+02,
7.299426269531250000e+02,
6.917872924804687500e+02,
6.855651245117187500e+02,
7.116619873046875000e+02,
7.748267211914062500e+02,
