7.745254516601562500e+02,
7.325233154296875000e+02,
7.093082885742187500e+02,
6.896231689453125000e+02,
6.232124023437500000e+02,
6.292584228515625000e+02,
7.328681640625000000e+02,
7.369948730468750000e+02,
7.439989624023437500e+02,
7.436873168945312500e+02,
7.655419921875000000e+02,
7.425523681640625000e+02,
7.999382324218750000e+02,
1.206615722656250000e+03,
1.219117309570312500e+03,
9.615728759765625000e+02,
9.915806884765625000e+02,
1.567147338867187500e+03,
2.037206298828125000e+03,
2.419783691406250000e+03,
2.428587646484375000e+03,
2.030031738281250000e+03,
1.575226928710937500e+03,
8.549959106445312500e+02,
7.709170532226562500e+02,
9.614824829101562500e+02,
9.244017944335937500e+02,
6.792492675781250000e+02,
6.847910156250000000e+02,
6.334926147460937500e+02,
5.544012451171875000e+02,
5.979624023437500000e+02,
5.749315795898437500e+02,
5.139611206054687500e+02,
4.745771484375000000e+02,
4.468865966796875000e+02,
4.796050720214843750e+02,
5.475343627929687500e+02,
5.826076049804687500e+02,
5.583355712890625000e+02,
5.708731689453125000e+02,
7.058748779296875000e+02,
8.228640747070312500e+02,
8.066014404296875000e+02,
6.684251098632812500e+02,
5.735030517578125000e+02,
6.543562011718750000e+02,
7.628544921875000000e+02,
7.318313598632812500e+02,
7.010079956054687500e+02,
7.928241577148437500e+02,
7.834471435546875000e+02,
7.118421630859375000e+02,
