4.678338317871093750e+02,
4.651335449218750000e+02,
4.613110961914062500e+02,
4.614786071777343750e+02,
4.640826721191406250e+02,
4.630921936035156250e+02,
4.655160217285156250e+02,
4.678661499023437500e+02,
4.725905761718750000e+02,
4.749743041992187500e+02,
4.747686157226562500e+02,
4.761903381347656250e+02,
4.814991149902343750e+02,
4.809252929687500000e+02,
4.835795593261718750e+02,
4.824381408691406250e+02,
4.784884033203125000e+02,
4.750505371093750000e+02,
4.756704406738281250e+02,
4.756913452148437500e+02,
4.803546752929687500e+02,
4.810462036132812500e+02,
4.788203430175781250e+02,
4.855482177734375000e+02,
4.786680603027343750e+02,
4.704095153808593750e+02,
4.694357299804687500e+02,
4.692780456542968750e+02,
4.726955871582031250e+02,
4.772733764648437500e+02,
4.744618225097656250e+02,
4.744745483398437500e+02,
4.745955200195312500e+02,
4.762800292968750000e+02,
4.773264770507812500e+02,
4.781125793457031250e+02,
4.751250610351562500e+02,
4.826090698242187500e+02,
4.867359619140625000e+02,
4.852021789550781250e+02,
4.815122070312500000e+02,
4.785225219726562500e+02,
4.936412353515625000e+02,
5.492597656250000000e+02,
6.508395385742187500e+02,
7.678192749023437500e+02,
8.490221557617187500e+02,
8.027965698242187500e+02,
7.425974121093750000e+02,
6.969312133789062500e+02,
7.124667968750000000e+02,
7.488366699218750000e+02,
8.122353515625000000e+02,
8.828563842773437500e+02,
8.432475585937500000e+02,
6.808089599609375000e+02,
5.525770874023437500e+02,
4.917760009765625000e+02,
4.847551269531250000e+02,
4.880932006835937500e+02,
4.920197143554687500e+02,
4.993016052246093750e+02,
4.985766601562500000e+02,
4.884249877929687500e+02,
4.823790283203125000e+02,
4.785205383300781250e+02,
4.803745422363281250e+02,
4.873014221191406250e+02,
4.851428833007812500e+02,
4.826486206054687500e+02,
4.814340515136718750e+02,
4.750489501953125000e+02,
4.676311035156250000e+02,
4.754223022460937500e+02,
4.866006164550781250e+02,
4.922823486328125000e+02,
4.902530212402343750e+02,
5.903038330078125000e+02,
9.084149780273437500e+02,
1.170275634765625000e+03,
1.214216064453125000e+03,
1.043788330078125000e+03,
1.051721191406250000e+03,
1.251698974609375000e+03,
1.227338623046875000e+03,
1.133555908203125000e+03,
1.225909667968750000e+03,
1.136210815429687500e+03,
1.160474487304687500e+03,
1.350071899414062500e+03,
1.332996337890625000e+03,
1.178502563476562500e+03,
1.152434570312500000e+03,
1.178557495117187500e+03,
1.400113281250000000e+03,
1.911922973632812500e+03,
2.386151123046875000e+03,
2.512436035156250000e+03,
2.019209960937500000e+03,
1.535194702148437500e+03,
1.220232788085937500e+03,
1.053005493164062500e+03,
1.068720336914062500e+03,
1.029953857421875000e+03,
8.839334716796875000e+02,
8.690617675781250000e+02,
8.780853271484375000e+02,
9.069193725585937500e+02,
