6.109109497070312500e+02,
5.439696655273437500e+02,
4.531833801269531250e+02,
4.295496215820312500e+02,
4.358912963867187500e+02,
4.591429138183593750e+02,
5.034858093261718750e+02,
5.161636352539062500e+02,
5.098254699707031250e+02,
5.040391235351562500e+02,
5.003740844726562500e+02,
4.759250488281250000e+02,
4.810680847167968750e+02,
4.849553833007812500e+02,
4.941913146972656250e+02,
5.247741088867187500e+02,
5.262713623046875000e+02,
5.491545410156250000e+02,
5.470730590820312500e+02,
5.654097900390625000e+02,
5.744315795898437500e+02,
5.550368041992187500e+02,
5.549788208007812500e+02,
5.105478515625000000e+02,
5.110174865722656250e+02,
5.036571350097656250e+02,
4.830611877441406250e+02,
4.712753295898437500e+02,
4.577987670898437500e+02,
4.791562194824218750e+02,
4.743654785156250000e+02,
4.874585266113281250e+02,
4.772716979980468750e+02,
4.758365478515625000e+02,
4.879649353027343750e+02,
5.220599975585937500e+02,
5.396790771484375000e+02,
5.300120239257812500e+02,
5.288396606445312500e+02,
5.286849975585937500e+02,
5.148676757812500000e+02,
5.306104125976562500e+02,
5.201915893554687500e+02,
5.267753295898437500e+02,
5.552233886718750000e+02,
5.430765380859375000e+02,
5.750748901367187500e+02,
5.491525268554687500e+02,
5.564138793945312500e+02,
5.857752685546875000e+02,
5.787672729492187500e+02,
5.518651123046875000e+02,
5.538577270507812500e+02,
5.230885620117187500e+02,
4.994127197265625000e+02,
5.134636230468750000e+02,
5.461099243164062500e+02,
5.598244018554687500e+02,
5.468851928710937500e+02,
5.323367309570312500e+02,
5.580903930664062500e+02,
6.039450683593750000e+02,
6.875683593750000000e+02,
8.239500122070312500e+02,
8.246541137695312500e+02,
7.693657836914062500e+02,
7.589297485351562500e+02,
6.928975219726562500e+02,
6.666720581054687500e+02,
6.159648437500000000e+02,
5.993670043945312500e+02,
5.933294677734375000e+02,
6.259971313476562500e+02,
6.527750854492187500e+02,
7.248392944335937500e+02,
7.995759887695312500e+02,
8.736943359375000000e+02,
8.464199829101562500e+02,
7.165172729492187500e+02,
6.226671142578125000e+02,
6.141553344726562500e+02,
5.976306152343750000e+02,
5.702463378906250000e+02,
6.073023071289062500e+02,
6.594346313476562500e+02,
6.604836425781250000e+02,
6.596855468750000000e+02,
6.940620117187500000e+02,
7.568356323242187500e+02,
7.571354980468750000e+02,
7.497442016601562500e+02,
8.224252929687500000e+02,
8.713223266601562500e+02,
9.262893676757812500e+02,
9.356687622070312500e+02,
8.993311767578125000e+02,
9.706785888671875000e+02,
1.098487548828125000e+03,
1.235616821289062500e+03,
1.211160644531250000e+03,
1.055503173828125000e+03,
1.138225219726562500e+03,
1.305737426757812500e+03,
1.456093994140625000e+03,
1.523295166015625000e+03,
1.609476928710937500e+03,
2.013692871093750000e+03,
2.433186279296875000e+03,
2.722707275390625000e+03,
2.957951904296875000e+03,
3.422815185546875000e+03,
3.962067138671875000e+03,
4.057000000000000000e+03,
3.763414306640625000e+03,
3.015350341796875000e+03,
2.387596435546875000e+03,
1.774693725585937500e+03,
8.488402099609375000e+02,
4.680784606933593750e+02,
4.301131896972656250e+02,
4.028585205078125000e+02,
4.070249328613281250e+02,
4.287121582031250000e+02,
4.259905395507812500e+02,
4.397384033203125000e+02,
4.410610961914062500e+02,
4.571903991699218750e+02,
4.853026428222656250e+02,
4.617326354980468750e+02,
4.686614990234375000e+02,
4.729852294921875000e+02,
4.957128906250000000e+02,
4.948214111328125000e+02,
4.861502990722656250e+02,
4.529003906250000000e+02,
4.818667602539062500e+02,
4.679748535156250000e+02,
4.492910766601562500e+02,
4.417197570800781250e+02,
4.502333984375000000e+02,
4.616744079589843750e+02,
4.617784118652343750e+02,
4.666539916992187500e+02,
4.752615661621093750e+02,
4.691119384765625000e+02,
4.888936767578125000e+02,
4.529476013183593750e+02,
4.211371154785156250e+02,
4.163260192871093750e+02,
4.433542785644531250e+02,
4.383966064453125000e+02,
4.595888977050781250e+02,
4.644588317871093750e+02,
4.700801696777343750e+02,
5.163220214843750000e+02,
5.350417480468750000e+02,
5.027371215820312500e+02,
5.035766296386718750e+02,
5.019336242675781250e+02,
5.105601196289062500e+02,
5.460328369140625000e+02,
5.400224609375000000e+02,
5.227494506835937500e+02,
4.967652587890625000e+02,
4.799794921875000000e+02,
4.808198242187500000e+02,
4.864429016113281250e+02,
5.083356933593750000e+02,
5.342809448242187500e+02,
5.330711059570312500e+02,
5.188984375000000000e+02,
5.138065185546875000e+02,
5.128516235351562500e+02,
5.074536743164062500e+02,
5.209173583984375000e+02,
5.297977905273437500e+02,
5.086557006835937500e+02,
4.810709228515625000e+02,
4.554113464355468750e+02,
4.387215881347656250e+02,
4.486416931152343750e+02,
4.773284606933593750e+02,
4.791103820800781250e+02,
5.111483764648437500e+02,
5.462904663085937500e+02,
5.752233886718750000e+02,
5.770781860351562500e+02,
5.116358337402343750e+02,
4.361612548828125000e+02,
3.927045593261718750e+02,
3.607009582519531250e+02,
3.451984252929687500e+02,
3.498981018066406250e+02,
3.570402526855468750e+02,
4.073726806640625000e+02,
4.334408264160156250e+02,
4.169340820312500000e+02,
4.093554077148437500e+02,
4.122655029296875000e+02,
