3.750871582031250000e+02,
3.521739196777343750e+02,
3.351266174316406250e+02,
3.165755004882812500e+02,
3.260641479492187500e+02,
3.236856994628906250e+02,
3.173533935546875000e+02,
3.247368469238281250e+02,
3.266569213867187500e+02,
3.316028747558593750e+02,
3.210410156250000000e+02,
3.151593322753906250e+02,
3.214919738769531250e+02,
3.203757629394531250e+02,
3.185172729492187500e+02,
3.146808471679687500e+02,
3.165465087890625000e+02,
3.201347961425781250e+02,
3.082221679687500000e+02,
3.011286621093750000e+02,
3.021166076660156250e+02,
3.074480590820312500e+02,
3.097117309570312500e+02,
3.098025817871093750e+02,
2.993718261718750000e+02,
2.978730773925781250e+02,
2.955470275878906250e+02,
2.931408996582031250e+02,
2.969239501953125000e+02,
2.914859008789062500e+02,
2.911879882812500000e+02,
2.894536132812500000e+02,
2.906470336914062500e+02,
2.925433349609375000e+02,
3.026034545898437500e+02,
3.176344909667968750e+02,
3.169614257812500000e+02,
3.238013916015625000e+02,
3.211649780273437500e+02,
3.167648925781250000e+02,
3.088841247558593750e+02,
3.103653259277343750e+02,
2.978431091308593750e+02,
2.922050476074218750e+02,
2.902166137695312500e+02,
2.973706054687500000e+02,
3.036051330566406250e+02,
3.065281372070312500e+02,
2.979733581542968750e+02,
2.966487731933593750e+02,
3.045996093750000000e+02,
3.036440429687500000e+02,
2.994928588867187500e+02,
2.987716369628906250e+02,
3.071711120605468750e+02,
3.131441955566406250e+02,
3.186752319335937500e+02,
3.170823974609375000e+02,
3.159368591308593750e+02,
3.176680908203125000e+02,
3.013133239746093750e+02,
3.059309082031250000e+02,
3.083286132812500000e+02,
3.096715087890625000e+02,
3.347232666015625000e+02,
3.462939758300781250e+02,
3.465204467773437500e+02,
3.385060729980468750e+02,
3.269494628906250000e+02,
3.330455322265625000e+02,
3.486747436523437500e+02,
3.540792846679687500e+02,
3.575151672363281250e+02,
3.630876464843750000e+02,
3.591883239746093750e+02,
3.509294738769531250e+02,
3.555281677246093750e+02,
3.561739501953125000e+02,
3.473628845214843750e+02,
3.605849304199218750e+02,
3.543772583007812500e+02,
3.578582458496093750e+02,
3.474033508300781250e+02,
3.326541442871093750e+02,
3.143389282226562500e+02,
3.246473083496093750e+02,
3.389836730957031250e+02,
3.531050109863281250e+02,
3.517139892578125000e+02,
3.419486083984375000e+02,
3.508648376464843750e+02,
3.451054687500000000e+02,
3.538992614746093750e+02,
3.551919555664062500e+02,
3.473648986816406250e+02,
3.499712524414062500e+02,
3.723587036132812500e+02,
4.514130859375000000e+02,
5.302012939453125000e+02,
6.197930297851562500e+02,
8.308582153320312500e+02,
8.117824707031250000e+02,
7.891732177734375000e+02,
6.097052612304687500e+02,
5.843853149414062500e+02,
6.220426635742187500e+02,
5.931773681640625000e+02,
5.547703857421875000e+02,
6.080608520507812500e+02,
6.882937011718750000e+02,
7.261514282226562500e+02,
6.625094604492187500e+02,
5.725319213867187500e+02,
5.328458862304687500e+02,
6.231220703125000000e+02,
7.287956542968750000e+02,
7.549821777343750000e+02,
6.987395629882812500e+02,
5.497742309570312500e+02,
5.375866699218750000e+02,
5.865071411132812500e+02,
6.319717407226562500e+02,
6.883573608398437500e+02,
6.559692993164062500e+02,
6.249196166992187500e+02,
5.346626586914062500e+02,
4.666159057617187500e+02,
5.142834472656250000e+02,
6.796820068359375000e+02,
8.968943481445312500e+02,
9.643737182617187500e+02,
9.905474853515625000e+02,
9.908985595703125000e+02,
1.002276611328125000e+03,
1.044030517578125000e+03,
1.025161132812500000e+03,
9.047625122070312500e+02,
7.776789550781250000e+02,
7.508471069335937500e+02,
6.976274414062500000e+02,
7.107468872070312500e+02,
7.056459960937500000e+02,
6.708173828125000000e+02,
7.132269897460937500e+02,
7.179042968750000000e+02,
6.184356689453125000e+02,
5.204190673828125000e+02,
4.473492736816406250e+02,
4.503157653808593750e+02,
4.740676879882812500e+02,
4.805604553222656250e+02,
5.665704956054687500e+02,
6.347019042968750000e+02,
5.904795532226562500e+02,
5.468484497070312500e+02,
5.332486572265625000e+02,
5.035693054199218750e+02,
5.457244873046875000e+02,
5.948757934570312500e+02,
5.830787963867187500e+02,
5.811166992187500000e+02,
6.054025268554687500e+02,
7.476912841796875000e+02,
7.018347778320312500e+02,
6.304601440429687500e+02,
6.339277954101562500e+02,
7.107963867187500000e+02,
7.795563354492187500e+02,
7.309074096679687500e+02,
6.867776489257812500e+02,
6.014979858398437500e+02,
5.239791259765625000e+02,
5.118121643066406250e+02,
5.458330078125000000e+02,
5.711580200195312500e+02,
5.503154296875000000e+02,
6.064883422851562500e+02,
6.297403564453125000e+02,
6.567665405273437500e+02,
6.705355834960937500e+02,
6.104032592773437500e+02,
8.375595703125000000e+02,
9.105664672851562500e+02,
6.659804687500000000e+02,
6.055747680664062500e+02,
4.519364318847656250e+02,
3.715598144531250000e+02,
3.731626281738281250e+02,
3.612391052246093750e+02,
3.561437988281250000e+02,
3.549393615722656250e+02,
3.632498168945312500e+02,
3.563345336914062500e+02,
3.702959289550781250e+02,
3.688009033203125000e+02,
3.689800720214843750e+02,
6.491376342773437500e+02,
1.038571899414062500e+03,
1.238300537109375000e+03,
1.345436035156250000e+03,
1.131918823242187500e+03,
1.139492065429687500e+03,
9.965001220703125000e+02,
9.596991577148437500e+02,
8.693242797851562500e+02,
7.838607177734375000e+02,
8.133192138671875000e+02,
7.731168823242187500e+02,
7.953586425781250000e+02,
9.037713623046875000e+02,
8.562763061523437500e+02,
9.428765258789062500e+02,
8.255501708984375000e+02,
9.423499145507812500e+02,
8.496545410156250000e+02,
7.455620117187500000e+02,
7.104746704101562500e+02,
6.768417358398437500e+02,
7.344069824218750000e+02,
6.833475341796875000e+02,
5.647084350585937500e+02,
5.266317749023437500e+02,
4.782403259277343750e+02,
4.564985351562500000e+02,
4.373680725097656250e+02,
3.983372497558593750e+02,
3.730398254394531250e+02,
3.652325439453125000e+02,
3.708945922851562500e+02,
3.960072326660156250e+02,
4.008073730468750000e+02,
3.954545898437500000e+02,
4.043840637207031250e+02,
4.135550231933593750e+02,
4.146227416992187500e+02,
4.266902465820312500e+02,
4.283196411132812500e+02,
4.189779052734375000e+02,
4.147389221191406250e+02,
4.200035400390625000e+02,
4.262367248535156250e+02,
4.342704772949218750e+02,
4.169047851562500000e+02,
4.142919311523437500e+02,
4.136902770996093750e+02,
4.202685852050781250e+02,
4.342141418457031250e+02,
4.298351440429687500e+02,
4.159180297851562500e+02,
6.127701416015625000e+02,
6.349796752929687500e+02,
6.776141967773437500e+02,
6.687084960937500000e+02,
