4.726087646484375000e+02,
5.202965087890625000e+02,
4.672919006347656250e+02,
4.699302673339843750e+02,
4.265468750000000000e+02,
4.566404724121093750e+02,
3.931769714355468750e+02,
3.681684570312500000e+02,
3.842760009765625000e+02,
3.787443542480468750e+02,
3.493757934570312500e+02,
3.622141418457031250e+02,
3.636767578125000000e+02,
3.685563354492187500e+02,
3.476844482421875000e+02,
3.508074951171875000e+02,
3.515831298828125000e+02,
3.794901123046875000e+02,
3.620510559082031250e+02,
3.725853576660156250e+02,
3.652530517578125000e+02,
3.720498962402343750e+02,
3.734975585937500000e+02,
3.571113891601562500e+02,
3.795439758300781250e+02,
3.811134643554687500e+02,
5.042827758789062500e+02,
4.360899353027343750e+02,
4.110850219726562500e+02,
4.490016479492187500e+02,
3.705429382324218750e+02,
3.726018371582031250e+02,
4.089662170410156250e+02,
3.805062561035156250e+02,
3.984216918945312500e+02,
4.634750976562500000e+02,
3.550497131347656250e+02,
4.662267761230468750e+02,
3.957854003906250000e+02,
4.060616760253906250e+02,
3.917912902832031250e+02,
3.463659057617187500e+02,
3.505960998535156250e+02,
3.764652709960937500e+02,
3.432814941406250000e+02,
4.217118225097656250e+02,
3.435436706542968750e+02,
3.801992187500000000e+02,
3.663326416015625000e+02,
3.840198974609375000e+02,
4.403976745605468750e+02,
4.393338012695312500e+02,
4.698419799804687500e+02,
4.840939331054687500e+02,
5.044239807128906250e+02,
4.120501403808593750e+02,
4.557937316894531250e+02,
4.424447021484375000e+02,
4.787862854003906250e+02,
4.737166137695312500e+02,
4.177025756835937500e+02,
4.143862304687500000e+02,
5.020123596191406250e+02,
4.716120605468750000e+02,
5.187312011718750000e+02,
5.680815429687500000e+02,
5.220492553710937500e+02,
4.959117736816406250e+02,
5.198566894531250000e+02,
4.365153808593750000e+02,
4.261622009277343750e+02,
4.211079101562500000e+02,
3.831462097167968750e+02,
3.529338378906250000e+02,
3.528549499511718750e+02,
3.703944702148437500e+02,
3.593717651367187500e+02,
4.109951477050781250e+02,
3.672363281250000000e+02,
3.795848999023437500e+02,
3.838275451660156250e+02,
3.829532470703125000e+02,
3.631228637695312500e+02,
4.106264038085937500e+02,
3.665034790039062500e+02,
3.769540100097656250e+02,
3.884052429199218750e+02,
3.985498046875000000e+02,
4.073823547363281250e+02,
4.294443664550781250e+02,
3.987658996582031250e+02,
4.439113769531250000e+02,
3.736175842285156250e+02,
3.763234558105468750e+02,
4.333604431152343750e+02,
4.015407409667968750e+02,
3.702204284667968750e+02,
3.651550292968750000e+02,
4.160333862304687500e+02,
4.014160766601562500e+02,
3.708241577148437500e+02,
4.015705871582031250e+02,
3.457033996582031250e+02,
3.827443542480468750e+02,
3.959461975097656250e+02,
3.731355285644531250e+02,
3.622190551757812500e+02,
3.641657409667968750e+02,
3.580930175781250000e+02,
3.544130859375000000e+02,
3.591258239746093750e+02,
3.344595336914062500e+02,
3.369956970214843750e+02,
3.772879943847656250e+02,
3.433675537109375000e+02,
3.978923950195312500e+02,
3.324862365722656250e+02,
3.888393859863281250e+02,
3.607059631347656250e+02,
3.579150085449218750e+02,
4.139503173828125000e+02,
4.202870483398437500e+02,
3.911411132812500000e+02,
3.739534606933593750e+02,
3.896582336425781250e+02,
3.543821105957031250e+02,
3.760400390625000000e+02,
3.579639892578125000e+02,
4.442721862792968750e+02,
3.542017211914062500e+02,
3.889127502441406250e+02,
3.559966430664062500e+02,
3.713030700683593750e+02,
3.885481567382812500e+02,
3.555803527832031250e+02,
3.775068969726562500e+02,
3.604612121582031250e+02,
3.616665954589843750e+02,
3.729194335937500000e+02,
4.044918518066406250e+02,
3.928140258789062500e+02,
3.659610290527343750e+02,
4.086538391113281250e+02,
3.504624328613281250e+02,
3.757570800781250000e+02,
3.386742248535156250e+02,
4.164901428222656250e+02,
3.801383666992187500e+02,
3.784075622558593750e+02,
3.603094482421875000e+02,
3.632913818359375000e+02,
4.356448669433593750e+02,
5.308703613281250000e+02,
8.897687377929687500e+02,
1.451962402343750000e+03,
2.233287597656250000e+03,
2.964041015625000000e+03,
3.849935791015625000e+03,
4.482047851562500000e+03,
4.706821777343750000e+03,
4.946677246093750000e+03,
4.694855957031250000e+03,
4.563876953125000000e+03,
4.265590820312500000e+03,
3.756068603515625000e+03,
3.488450439453125000e+03,
3.051068115234375000e+03,
2.816786621093750000e+03,
2.611520996093750000e+03,
2.369061035156250000e+03,
2.206284667968750000e+03,
2.087824951171875000e+03,
1.771936279296875000e+03,
1.765885498046875000e+03,
1.697632324218750000e+03,
1.643503051757812500e+03,
1.660332519531250000e+03,
1.756521484375000000e+03,
1.600017944335937500e+03,
1.479902343750000000e+03,
1.368517700195312500e+03,
1.303054199218750000e+03,
1.287579101562500000e+03,
1.143769042968750000e+03,
1.163239990234375000e+03,
1.116103515625000000e+03,
1.068587402343750000e+03,
9.853463134765625000e+02,
9.774602050781250000e+02,
9.745036010742187500e+02,
8.808805541992187500e+02,
8.437697753906250000e+02,
8.114270019531250000e+02,
7.787159423828125000e+02,
7.456983032226562500e+02,
6.830286254882812500e+02,
6.727402343750000000e+02,
7.359850463867187500e+02,
6.845982666015625000e+02,
7.747305908203125000e+02,
7.384013061523437500e+02,
7.489521484375000000e+02,
7.248999023437500000e+02,
7.767620849609375000e+02,
7.996210937500000000e+02,
7.711129150390625000e+02,
8.020571899414062500e+02,
8.581116333007812500e+02,
8.463129882812500000e+02,
8.565358276367187500e+02,
8.346937255859375000e+02,
8.141170043945312500e+02,
7.832622680664062500e+02,
7.777238769531250000e+02,
7.679207763671875000e+02,
6.777209472656250000e+02,
6.848850708007812500e+02,
6.759960937500000000e+02,
6.635601806640625000e+02,
7.863843994140625000e+02,
8.598703613281250000e+02,
9.180570678710937500e+02,
9.498242187500000000e+02,
1.088975219726562500e+03,
1.095983520507812500e+03,
1.065542480468750000e+03,
1.109784912109375000e+03,
1.010921813964843750e+03,
1.006118164062500000e+03,
9.217136230468750000e+02,
8.772631835937500000e+02,
8.473236694335937500e+02,
8.768236083984375000e+02,
9.320286865234375000e+02,
8.991289672851562500e+02,
8.526794433593750000e+02,
8.581200561523437500e+02,
8.159919433593750000e+02,
8.374288330078125000e+02,
7.745397338867187500e+02,
7.588449707031250000e+02,
7.575581665039062500e+02,
7.144807739257812500e+02,
6.657406616210937500e+02,
6.611079711914062500e+02,
6.894573364257812500e+02,
7.135442504882812500e+02,
6.640366821289062500e+02,
6.708783569335937500e+02,
7.068563842773437500e+02,
7.007540893554687500e+02,
6.822720947265625000e+02,
6.613090820312500000e+02,
6.239776000976562500e+02,
6.326212158203125000e+02,
6.406481933593750000e+02,
6.256970214843750000e+02,
6.282872314453125000e+02,
6.581480102539062500e+02,
6.095812377929687500e+02,
6.562938232421875000e+02,
6.327573242187500000e+02,
6.476443481445312500e+02,
6.225532226562500000e+02,
6.220098876953125000e+02,
6.651863403320312500e+02,
5.948024291992187500e+02,
5.624079589843750000e+02,
5.798700561523437500e+02,
5.835255737304687500e+02,
5.639975585937500000e+02,
5.738740234375000000e+02,
5.323123779296875000e+02,
5.432985229492187500e+02,
5.654499511718750000e+02,
6.018973999023437500e+02,
5.551068115234375000e+02,
5.508528442382812500e+02,
5.704718017578125000e+02,
5.548109741210937500e+02,
5.361170654296875000e+02,
5.594318237304687500e+02,
5.343407592773437500e+02,
5.173770751953125000e+02,
5.954973754882812500e+02,
5.563996582031250000e+02,
5.444783935546875000e+02,
5.493422851562500000e+02,
5.926117553710937500e+02,
5.599494628906250000e+02,
5.764008178710937500e+02,
5.648558959960937500e+02,
5.527318115234375000e+02,
5.437265625000000000e+02,
5.423511352539062500e+02,
4.874278564453125000e+02,
4.627165832519531250e+02,
4.585247497558593750e+02,
4.381511535644531250e+02,
4.094252929687500000e+02,
4.215620727539062500e+02,
4.052432250976562500e+02,
4.100186767578125000e+02,
4.378552246093750000e+02,
4.439342346191406250e+02,
4.198565368652343750e+02,
3.986264038085937500e+02,
3.739030761718750000e+02,
3.624031372070312500e+02,
3.766158752441406250e+02,
3.837061462402343750e+02,
4.056636962890625000e+02,
3.928097839355468750e+02,
3.742335815429687500e+02,
3.803328247070312500e+02,
3.893908081054687500e+02,
3.610921020507812500e+02,
4.460209045410156250e+02,
4.208705749511718750e+02,
4.246167907714843750e+02,
4.366903076171875000e+02,
4.108690185546875000e+02,
4.001464233398437500e+02,
3.659638671875000000e+02,
4.233706359863281250e+02,
3.891649169921875000e+02,
4.012223205566406250e+02,
3.638330688476562500e+02,
3.817305908203125000e+02,
3.598511352539062500e+02,
3.762001037597656250e+02,
3.761580200195312500e+02,
3.524030151367187500e+02,
3.827421264648437500e+02,
3.935941467285156250e+02,
4.301073913574218750e+02,
3.938767089843750000e+02,
3.824437561035156250e+02,
4.278995361328125000e+02,
3.836780700683593750e+02,
3.802669067382812500e+02,
3.860332641601562500e+02,
3.596140747070312500e+02,
3.400038452148437500e+02,
3.941013183593750000e+02,
3.594176940917968750e+02,
3.969471740722656250e+02,
3.902103271484375000e+02,
4.137507934570312500e+02,
3.979815979003906250e+02,
3.977110595703125000e+02,
4.299331665039062500e+02,
3.772712707519531250e+02,
4.156022033691406250e+02,
4.029537048339843750e+02,
3.979185180664062500e+02,
3.946284790039062500e+02,
3.965928344726562500e+02,
4.294614562988281250e+02,
4.269559326171875000e+02,
4.680021667480468750e+02,
4.840885925292968750e+02,
4.242628479003906250e+02,
3.868248596191406250e+02,
4.298858032226562500e+02,
4.022481384277343750e+02,
3.853128662109375000e+02,
3.542073364257812500e+02,
3.812280273437500000e+02,
3.812851867675781250e+02,
4.556107177734375000e+02,
4.314559326171875000e+02,
3.990120849609375000e+02,
4.234953002929687500e+02,
4.282584533691406250e+02,
4.357289733886718750e+02,
3.966901550292968750e+02,
4.132859497070312500e+02,
4.030388488769531250e+02,
4.074634094238281250e+02,
4.219092407226562500e+02,
3.734195556640625000e+02,
4.571459350585937500e+02,
3.865629882812500000e+02,
3.909746398925781250e+02,
4.003491821289062500e+02,
3.659671630859375000e+02,
4.069585266113281250e+02,
4.176611022949218750e+02,
4.557480773925781250e+02,
3.992174987792968750e+02,
3.961240234375000000e+02,
4.233320617675781250e+02,
3.800483093261718750e+02,
3.817870483398437500e+02,
4.026469421386718750e+02,
4.248917541503906250e+02,
3.713691101074218750e+02,
4.167333984375000000e+02,
4.111145629882812500e+02,
4.054935913085937500e+02,
3.962815551757812500e+02,
4.207238159179687500e+02,
3.982435607910156250e+02,
3.833244934082031250e+02,
3.890554504394531250e+02,
3.368739929199218750e+02,
3.491953735351562500e+02,
3.536947326660156250e+02,
3.701404113769531250e+02,
4.080334777832031250e+02,
3.569094848632812500e+02,
3.663320312500000000e+02,
3.826265563964843750e+02,
3.749909362792968750e+02,
3.874061584472656250e+02,
3.611406860351562500e+02,
3.848671264648437500e+02,
3.930402526855468750e+02,
3.754035949707031250e+02,
3.339455261230468750e+02,
3.681873168945312500e+02,
3.166013488769531250e+02,
3.697445068359375000e+02,
3.195057678222656250e+02,
3.463436279296875000e+02,
3.575425109863281250e+02,
3.623577880859375000e+02,
3.484096374511718750e+02,
3.738697509765625000e+02,
3.265971069335937500e+02,
3.472589721679687500e+02,
3.497149047851562500e+02,
3.875283508300781250e+02,
3.472882080078125000e+02,
3.944318237304687500e+02,
3.539649047851562500e+02,
3.678238220214843750e+02,
3.652300415039062500e+02,
3.552639160156250000e+02,
3.990282592773437500e+02,
3.891959838867187500e+02,
3.865832824707031250e+02,
3.763603210449218750e+02,
4.041376953125000000e+02,
3.872839965820312500e+02,
3.963776550292968750e+02,
4.334311523437500000e+02,
3.379266967773437500e+02,
3.519365234375000000e+02,
3.684763793945312500e+02,
3.827359619140625000e+02,
3.778973388671875000e+02,
3.934799804687500000e+02,
3.706257629394531250e+02,
3.559732666015625000e+02,
3.851510620117187500e+02,
3.882674255371093750e+02,
3.834106140136718750e+02,
3.803504638671875000e+02,
4.332520751953125000e+02,
3.916327209472656250e+02,
3.655005798339843750e+02,
4.518719482421875000e+02,
4.402075805664062500e+02,
4.061691894531250000e+02,
3.877854003906250000e+02,
4.703455810546875000e+02,
4.148620300292968750e+02,
4.116870422363281250e+02,
3.745810241699218750e+02,
3.693683166503906250e+02,
4.145124206542968750e+02,
4.381914367675781250e+02,
3.992729492187500000e+02,
3.933055725097656250e+02,
4.123959350585937500e+02,
3.717518615722656250e+02,
4.406932678222656250e+02,
4.172040710449218750e+02,
4.199712219238281250e+02,
4.142807312011718750e+02,
4.156537170410156250e+02,
4.071109313964843750e+02,
3.937483215332031250e+02,
3.985104370117187500e+02,
4.564322814941406250e+02,
4.658761596679687500e+02,
4.471608276367187500e+02,
4.966349792480468750e+02,
4.286702270507812500e+02,
4.479789428710937500e+02,
4.119058227539062500e+02,
4.460642395019531250e+02,
4.279047241210937500e+02,
4.116697082519531250e+02,
4.188328857421875000e+02,
4.181921997070312500e+02,
4.481773681640625000e+02,
4.707943725585937500e+02,
3.899995422363281250e+02,
4.277515563964843750e+02,
3.868150329589843750e+02,
3.948113098144531250e+02,
4.069755249023437500e+02,
3.746368713378906250e+02,
3.546106262207031250e+02,
3.766016235351562500e+02,
3.802142028808593750e+02,
3.927693481445312500e+02,
3.557850036621093750e+02,
3.717201538085937500e+02,
3.726874694824218750e+02,
3.953108825683593750e+02,
3.754904785156250000e+02,
4.070553588867187500e+02,
3.753788452148437500e+02,
3.847914428710937500e+02,
3.915526428222656250e+02,
3.615250549316406250e+02,
3.538955078125000000e+02,
3.729858398437500000e+02,
3.668418884277343750e+02,
3.957713623046875000e+02,
3.583579101562500000e+02,
3.401664428710937500e+02,
3.545785522460937500e+02,
4.089396362304687500e+02,
3.692008666992187500e+02,
3.621313171386718750e+02,
3.475375061035156250e+02,
3.441820983886718750e+02,
3.418150939941406250e+02,
3.624181518554687500e+02,
3.748907470703125000e+02,
3.626676330566406250e+02,
3.648345642089843750e+02,
3.520092773437500000e+02,
3.538716430664062500e+02,
3.732176513671875000e+02,
3.729273681640625000e+02,
3.902424316406250000e+02,
3.681381835937500000e+02,
3.499347534179687500e+02,
3.761279602050781250e+02,
3.913528442382812500e+02,
3.860939941406250000e+02,
3.602223815917968750e+02,
3.517811279296875000e+02,
3.656044006347656250e+02,
3.451601867675781250e+02,
3.286956176757812500e+02,
3.573839721679687500e+02,
3.759614257812500000e+02,
3.431837768554687500e+02,
3.352395019531250000e+02,
3.522349548339843750e+02,
3.323195800781250000e+02,
4.064608764648437500e+02,
3.349220275878906250e+02,
3.384375305175781250e+02,
3.837229309082031250e+02,
3.757542114257812500e+02,
3.931852416992187500e+02,
3.693679504394531250e+02,
3.579080810546875000e+02,
4.102900390625000000e+02,
3.285028686523437500e+02,
3.539250183105468750e+02,
3.493955688476562500e+02,
3.726085815429687500e+02,
3.558591613769531250e+02,
3.627860107421875000e+02,
3.629618225097656250e+02,
4.027337341308593750e+02,
3.774228820800781250e+02,
3.141249389648437500e+02,
3.686865234375000000e+02,
3.513210754394531250e+02,
3.391581115722656250e+02,
3.251184692382812500e+02,
3.589442749023437500e+02,
3.215681457519531250e+02,
3.110613403320312500e+02,
3.694917602539062500e+02,
3.179768066406250000e+02,
3.975037841796875000e+02,
3.682098083496093750e+02,
3.598998718261718750e+02,
3.290939331054687500e+02,
3.261505737304687500e+02,
3.546029968261718750e+02,
3.160866699218750000e+02,
4.172292480468750000e+02,
3.410569763183593750e+02,
3.337052307128906250e+02,
3.070892944335937500e+02,
3.635569458007812500e+02,
3.395684509277343750e+02,
3.552196960449218750e+02,
3.265276184082031250e+02,
3.143091430664062500e+02,
3.228254699707031250e+02,
3.267295837402343750e+02,
2.949578857421875000e+02,
2.975404968261718750e+02,
3.644840393066406250e+02,
3.176043701171875000e+02,
3.287061157226562500e+02,
3.106862182617187500e+02,
3.214300231933593750e+02,
2.877532348632812500e+02,
3.770303039550781250e+02,
3.558576049804687500e+02,
3.579892578125000000e+02,
3.201101379394531250e+02,
3.125762634277343750e+02,
3.443612060546875000e+02,
3.289619140625000000e+02,
3.544530029296875000e+02,
3.185790100097656250e+02,
3.635190124511718750e+02,
3.301462707519531250e+02,
3.793894653320312500e+02,
3.090611267089843750e+02,
3.188220214843750000e+02,
3.263664245605468750e+02,
2.971145324707031250e+02,
3.418746337890625000e+02,
2.819611206054687500e+02,
3.212088012695312500e+02,
3.330386047363281250e+02,
3.157975769042968750e+02,
3.167663879394531250e+02,
3.530444335937500000e+02,
3.447223510742187500e+02,
3.447605285644531250e+02,
3.628590698242187500e+02,
3.434986877441406250e+02,
3.640760498046875000e+02,
3.538397827148437500e+02,
3.384457702636718750e+02,
3.506758422851562500e+02,
3.664006652832031250e+02,
3.213568725585937500e+02,
3.357121276855468750e+02,
3.546899719238281250e+02,
3.395252075195312500e+02,
3.080309448242187500e+02,
3.357237854003906250e+02,
3.218327941894531250e+02,
3.419857482910156250e+02,
3.033150939941406250e+02,
2.962128601074218750e+02,
2.990924987792968750e+02,
2.970422973632812500e+02,
2.995284423828125000e+02,
3.352218933105468750e+02,
3.238215637207031250e+02,
3.191196594238281250e+02,
3.432765808105468750e+02,
3.313958740234375000e+02,
3.372242736816406250e+02,
3.574653930664062500e+02,
3.662053222656250000e+02,
3.784342041015625000e+02,
4.046112060546875000e+02,
3.625551757812500000e+02,
3.169317321777343750e+02,
3.345116271972656250e+02,
3.237775878906250000e+02,
3.419126892089843750e+02,
3.340592956542968750e+02,
3.330454711914062500e+02,
3.500008850097656250e+02,
3.523090820312500000e+02,
3.589204101562500000e+02,
3.224546203613281250e+02,
3.402343444824218750e+02,
3.190338439941406250e+02,
3.136081542968750000e+02,
3.281309204101562500e+02,
3.513182373046875000e+02,
3.221371154785156250e+02,
3.090500488281250000e+02,
3.208961181640625000e+02,
3.415505371093750000e+02,
3.667769165039062500e+02,
3.268294067382812500e+02,
3.483891906738281250e+02,
3.276614685058593750e+02,
3.125671997070312500e+02,
3.258650207519531250e+02,
3.074842529296875000e+02,
3.044638977050781250e+02,
3.195713500976562500e+02,
3.644061584472656250e+02,
3.333276672363281250e+02,
2.911829833984375000e+02,
3.119909362792968750e+02,
3.101435852050781250e+02,
3.318361206054687500e+02,
3.247695922851562500e+02,
3.399569396972656250e+02,
3.217378540039062500e+02,
3.072390747070312500e+02,
3.109190979003906250e+02,
3.508211669921875000e+02,
3.205284729003906250e+02,
3.283839721679687500e+02,
3.240884094238281250e+02,
3.568559265136718750e+02,
3.102629394531250000e+02,
3.653595581054687500e+02,
3.184694824218750000e+02,
3.126835937500000000e+02,
3.029485168457031250e+02,
3.661796264648437500e+02,
3.361177368164062500e+02,
3.139395446777343750e+02,
3.197175598144531250e+02,
3.165881042480468750e+02,
3.383255920410156250e+02,
3.435920104980468750e+02,
3.591148071289062500e+02,
3.165219421386718750e+02,
3.185206298828125000e+02,
3.629111328125000000e+02,
3.511134948730468750e+02,
3.337911376953125000e+02,
3.622951660156250000e+02,
3.730044250488281250e+02,
3.369639587402343750e+02,
3.740268249511718750e+02,
3.572643737792968750e+02,
3.828609619140625000e+02,
3.756834411621093750e+02,
3.637479248046875000e+02,
3.371269836425781250e+02,
3.443584289550781250e+02,
3.225056457519531250e+02,
3.756955871582031250e+02,
3.624111328125000000e+02,
3.434555053710937500e+02,
3.383429870605468750e+02,
3.637018432617187500e+02,
3.629301757812500000e+02,
3.429639282226562500e+02,
3.696856079101562500e+02,
3.235125122070312500e+02,
3.883564453125000000e+02,
5.447802734375000000e+02,
5.018136291503906250e+02,
4.774513549804687500e+02,
4.231386108398437500e+02,
3.713778686523437500e+02,
3.484549560546875000e+02,
3.816232910156250000e+02,
3.952069091796875000e+02,
4.066525573730468750e+02,
4.490946655273437500e+02,
4.156511535644531250e+02,
4.056644897460937500e+02,
4.152664184570312500e+02,
4.162599487304687500e+02,
4.238450012207031250e+02,
4.121360168457031250e+02,
4.108187255859375000e+02,
3.763912658691406250e+02,
3.825120544433593750e+02,
3.950797424316406250e+02,
4.110662231445312500e+02,
3.710371704101562500e+02,
4.157812194824218750e+02,
4.557665405273437500e+02,
4.770589904785156250e+02,
4.682827148437500000e+02,
4.748724060058593750e+02,
4.847159118652343750e+02,
5.161271972656250000e+02,
5.040945129394531250e+02,
5.009703674316406250e+02,
5.512303466796875000e+02,
6.231976318359375000e+02,
5.175114746093750000e+02,
4.852153320312500000e+02,
4.239719238281250000e+02,
3.998813171386718750e+02,
3.803502502441406250e+02,
3.871694030761718750e+02,
3.871494445800781250e+02,
3.850783996582031250e+02,
4.057690429687500000e+02,
4.816947326660156250e+02,
4.369375305175781250e+02,
4.510765991210937500e+02,
3.685522766113281250e+02,
4.247821350097656250e+02,
3.895867919921875000e+02,
4.153403625488281250e+02,
4.092424926757812500e+02,
4.323515930175781250e+02,
3.934042053222656250e+02,
3.457010803222656250e+02,
3.634266052246093750e+02,
3.963033142089843750e+02,
3.966521301269531250e+02,
3.530724487304687500e+02,
3.647403869628906250e+02,
3.815261230468750000e+02,
3.564210510253906250e+02,
4.367783813476562500e+02,
3.616195983886718750e+02,
3.751511840820312500e+02,
3.781471252441406250e+02,
3.630239257812500000e+02,
3.713283386230468750e+02,
3.604608459472656250e+02,
3.835769653320312500e+02,
3.612131958007812500e+02,
3.779802856445312500e+02,
4.137338562011718750e+02,
3.697370910644531250e+02,
3.923574523925781250e+02,
4.154742431640625000e+02,
6.059993286132812500e+02,
1.420639282226562500e+03,
2.728279785156250000e+03,
3.909441894531250000e+03,
4.838483398437500000e+03,
5.355712402343750000e+03,
5.506428222656250000e+03,
5.127867187500000000e+03,
4.658070800781250000e+03,
3.917945556640625000e+03,
3.236172607421875000e+03,
2.633668457031250000e+03,
2.277378417968750000e+03,
2.126467773437500000e+03,
1.903409667968750000e+03,
1.754317504882812500e+03,
1.510315673828125000e+03,
1.409275878906250000e+03,
1.238115966796875000e+03,
1.154921875000000000e+03,
9.968573608398437500e+02,
8.958983154296875000e+02,
8.723995361328125000e+02,
8.182286987304687500e+02,
7.779083251953125000e+02,
8.587918090820312500e+02,
8.395447387695312500e+02,
8.564212036132812500e+02,
8.484991455078125000e+02,
8.433245849609375000e+02,
9.032944946289062500e+02,
8.234362792968750000e+02,
8.193240356445312500e+02,
8.592058715820312500e+02,
8.778078002929687500e+02,
1.001406982421875000e+03,
1.013308837890625000e+03,
1.123443115234375000e+03,
1.065818725585937500e+03,
1.084065307617187500e+03,
1.037364135742187500e+03,
1.013612121582031250e+03,
9.664164428710937500e+02,
9.108423461914062500e+02,
8.988740844726562500e+02,
8.332294311523437500e+02,
8.242565307617187500e+02,
7.898966674804687500e+02,
7.755526123046875000e+02,
7.550806884765625000e+02,
7.790306396484375000e+02,
7.240651245117187500e+02,
7.004690551757812500e+02,
6.933357543945312500e+02,
6.797280883789062500e+02,
7.146939086914062500e+02,
7.380831298828125000e+02,
7.114106445312500000e+02,
6.339749145507812500e+02,
6.579314575195312500e+02,
6.447753295898437500e+02,
6.321724853515625000e+02,
6.269396362304687500e+02,
6.439658813476562500e+02,
6.320805053710937500e+02,
6.292406616210937500e+02,
6.077314453125000000e+02,
6.023490600585937500e+02,
5.956843261718750000e+02,
6.362191162109375000e+02,
6.046162109375000000e+02,
5.589447631835937500e+02,
5.540028686523437500e+02,
5.228019409179687500e+02,
5.049365539550781250e+02,
4.694165954589843750e+02,
5.229986572265625000e+02,
4.918263549804687500e+02,
4.175300292968750000e+02,
4.306455383300781250e+02,
3.791766052246093750e+02,
4.448455810546875000e+02,
4.728678283691406250e+02,
3.930935058593750000e+02,
3.949912109375000000e+02,
4.159615783691406250e+02,
4.620987548828125000e+02,
4.498595275878906250e+02,
4.261972351074218750e+02,
3.897863769531250000e+02,
3.649551696777343750e+02,
3.811777954101562500e+02,
3.700270080566406250e+02,
3.628348388671875000e+02,
4.041965637207031250e+02,
3.654205017089843750e+02,
3.959818420410156250e+02,
3.720437316894531250e+02,
3.839293823242187500e+02,
3.803968811035156250e+02,
4.040527648925781250e+02,
4.452998962402343750e+02,
3.997410583496093750e+02,
4.402226562500000000e+02,
4.246886596679687500e+02,
4.124861145019531250e+02,
4.254575500488281250e+02,
4.314347229003906250e+02,
4.043283996582031250e+02,
4.488634338378906250e+02,
4.111804199218750000e+02,
4.164804077148437500e+02,
4.376950988769531250e+02,
4.108809814453125000e+02,
4.133548583984375000e+02,
4.240601196289062500e+02,
3.904082336425781250e+02,
4.104128112792968750e+02,
4.355448913574218750e+02,
4.164440612792968750e+02,
4.190112609863281250e+02,
4.217324523925781250e+02,
4.395502319335937500e+02,
4.310392761230468750e+02,
4.162740783691406250e+02,
3.896607971191406250e+02,
3.894676208496093750e+02,
4.064587402343750000e+02,
3.887129516601562500e+02,
3.808760070800781250e+02,
3.726578674316406250e+02,
3.954966735839843750e+02,
3.886326293945312500e+02,
3.681889953613281250e+02,
3.931478576660156250e+02,
3.913449401855468750e+02,
3.997194519042968750e+02,
3.645536804199218750e+02,
4.014106750488281250e+02,
3.455058288574218750e+02,
3.851652221679687500e+02,
4.017108459472656250e+02,
3.635298156738281250e+02,
3.751601257324218750e+02,
3.940088500976562500e+02,
4.286958923339843750e+02,
3.993591308593750000e+02,
4.214318237304687500e+02,
3.797537536621093750e+02,
3.798919372558593750e+02,
4.139299316406250000e+02,
4.333331604003906250e+02,
4.502411193847656250e+02,
4.637308044433593750e+02,
4.203389892578125000e+02,
4.276717834472656250e+02,
4.456847839355468750e+02,
4.313007507324218750e+02,
4.467191162109375000e+02,
4.626661987304687500e+02,
4.909324951171875000e+02,
5.149893798828125000e+02,
4.455237426757812500e+02,
4.547189331054687500e+02,
4.517958068847656250e+02,
4.543922729492187500e+02,
4.326815795898437500e+02,
4.760219726562500000e+02,
4.820537109375000000e+02,
4.811029968261718750e+02,
4.950476989746093750e+02,
4.883163146972656250e+02,
5.300256347656250000e+02,
4.521802978515625000e+02,
4.140263366699218750e+02,
4.426845703125000000e+02,
4.727876281738281250e+02,
3.995689086914062500e+02,
4.277839965820312500e+02,
4.051537170410156250e+02,
3.985300903320312500e+02,
3.802518310546875000e+02,
4.020812072753906250e+02,
3.691187438964843750e+02,
4.034068908691406250e+02,
3.806689147949218750e+02,
4.309884338378906250e+02,
3.680192260742187500e+02,
3.548037109375000000e+02,
3.563474426269531250e+02,
4.007732238769531250e+02,
4.249853515625000000e+02,
3.792768554687500000e+02,
4.301342163085937500e+02,
4.262872924804687500e+02,
4.062546997070312500e+02,
4.232829589843750000e+02,
4.430277099609375000e+02,
4.195822143554687500e+02,
3.878343811035156250e+02,
3.654059143066406250e+02,
3.829699707031250000e+02,
3.690411682128906250e+02,
3.877807006835937500e+02,
3.568846740722656250e+02,
3.935161743164062500e+02,
3.705723266601562500e+02,
3.493281250000000000e+02,
4.239597167968750000e+02,
4.502329711914062500e+02,
3.889547424316406250e+02,
3.544126586914062500e+02,
3.380623779296875000e+02,
3.454216003417968750e+02,
3.364511108398437500e+02,
3.270895385742187500e+02,
3.485030212402343750e+02,
3.509511718750000000e+02,
3.277617492675781250e+02,
3.497944335937500000e+02,
3.531538085937500000e+02,
3.137987060546875000e+02,
2.987349548339843750e+02,
3.502058105468750000e+02,
3.181813354492187500e+02,
3.128723449707031250e+02,
3.510167846679687500e+02,
3.076160278320312500e+02,
3.067033996582031250e+02,
3.450886230468750000e+02,
3.268802795410156250e+02,
3.817811889648437500e+02,
3.542784729003906250e+02,
3.409725036621093750e+02,
3.463158874511718750e+02,
3.451519775390625000e+02,
3.646735839843750000e+02,
3.196308288574218750e+02,
3.005829162597656250e+02,
3.228556518554687500e+02,
3.411173400878906250e+02,
3.280377502441406250e+02,
3.881207885742187500e+02,
3.416034851074218750e+02,
4.244821166992187500e+02,
3.713638916015625000e+02,
3.551680297851562500e+02,
3.320913391113281250e+02,
3.821993408203125000e+02,
3.047881774902343750e+02,
2.975473022460937500e+02,
3.653477478027343750e+02,
3.108720092773437500e+02,
3.799233703613281250e+02,
3.456271972656250000e+02,
3.193245849609375000e+02,
3.422511291503906250e+02,
3.613811340332031250e+02,
3.676733093261718750e+02,
3.569928894042968750e+02,
3.455315246582031250e+02,
3.303930053710937500e+02,
3.377759094238281250e+02,
3.806610412597656250e+02,
3.439995727539062500e+02,
3.387255249023437500e+02,
3.507981567382812500e+02,
3.410989685058593750e+02,
3.210560607910156250e+02,
3.460192871093750000e+02,
3.402609558105468750e+02,
3.294896850585937500e+02,
3.222804870605468750e+02,
3.360119018554687500e+02,
3.261804199218750000e+02,
3.215697326660156250e+02,
3.189791870117187500e+02,
3.220267333984375000e+02,
3.324512939453125000e+02,
3.324783325195312500e+02,
3.007977905273437500e+02,
2.879842834472656250e+02,
3.275331726074218750e+02,
2.971356811523437500e+02,
3.252165527343750000e+02,
3.346859436035156250e+02,
3.333609313964843750e+02,
3.472463073730468750e+02,
3.443053283691406250e+02,
3.556385803222656250e+02,
3.819911804199218750e+02,
3.861913757324218750e+02,
3.695249328613281250e+02,
3.515557861328125000e+02,
3.804776916503906250e+02,
3.637122497558593750e+02,
3.535789184570312500e+02,
3.825985107421875000e+02,
3.752628784179687500e+02,
3.660818176269531250e+02,
5.519043579101562500e+02,
5.214493408203125000e+02,
5.112276306152343750e+02,
4.362312622070312500e+02,
4.324966430664062500e+02,
4.573188171386718750e+02,
4.295065917968750000e+02,
4.270438537597656250e+02,
4.547116088867187500e+02,
4.244700622558593750e+02,
4.418373413085937500e+02,
4.128190612792968750e+02,
4.233509521484375000e+02,
3.955504455566406250e+02,
4.238800964355468750e+02,
4.494548645019531250e+02,
4.659602661132812500e+02,
4.720405578613281250e+02,
5.403988037109375000e+02,
5.064883422851562500e+02,
5.258749389648437500e+02,
4.968047790527343750e+02,
5.013382263183593750e+02,
4.830045776367187500e+02,
4.210719909667968750e+02,
4.525737304687500000e+02,
4.110325622558593750e+02,
4.157991027832031250e+02,
3.937971191406250000e+02,
4.949301147460937500e+02,
4.206651306152343750e+02,
4.147804565429687500e+02,
4.015242919921875000e+02,
3.926978759765625000e+02,
4.113234252929687500e+02,
4.286661071777343750e+02,
3.759506530761718750e+02,
4.077653503417968750e+02,
3.983122558593750000e+02,
4.139926452636718750e+02,
3.909110717773437500e+02,
3.824424133300781250e+02,
4.198425598144531250e+02,
3.761663513183593750e+02,
4.010679016113281250e+02,
3.671918029785156250e+02,
4.259846801757812500e+02,
3.645394897460937500e+02,
6.986657714843750000e+02,
1.970934204101562500e+03,
3.532844238281250000e+03,
4.788812500000000000e+03,
5.329390136718750000e+03,
5.954273925781250000e+03,
5.688142578125000000e+03,
4.708483398437500000e+03,
3.674901367187500000e+03,
2.859872070312500000e+03,
2.322130615234375000e+03,
1.990594970703125000e+03,
1.623919555664062500e+03,
1.286454711914062500e+03,
1.220194091796875000e+03,
1.126281494140625000e+03,
9.959802856445312500e+02,
9.058786621093750000e+02,
9.201602783203125000e+02,
9.667470703125000000e+02,
9.283189086914062500e+02,
9.234337158203125000e+02,
9.902200927734375000e+02,
1.056010620117187500e+03,
1.056866577148437500e+03,
1.189604980468750000e+03,
1.209720703125000000e+03,
1.181704589843750000e+03,
1.121551269531250000e+03,
1.045636962890625000e+03,
9.771863403320312500e+02,
8.791001586914062500e+02,
9.075968627929687500e+02,
8.193332519531250000e+02,
8.228234252929687500e+02,
8.350017700195312500e+02,
7.675717163085937500e+02,
7.616982421875000000e+02,
7.521477661132812500e+02,
7.366027221679687500e+02,
7.202811279296875000e+02,
6.806809082031250000e+02,
6.720169067382812500e+02,
6.984971923828125000e+02,
6.832420043945312500e+02,
6.757576904296875000e+02,
6.852553100585937500e+02,
6.107662963867187500e+02,
5.832987670898437500e+02,
5.759271240234375000e+02,
5.277550659179687500e+02,
4.947398071289062500e+02,
4.821889038085937500e+02,
4.246547241210937500e+02,
4.378401794433593750e+02,
4.221474609375000000e+02,
4.206873474121093750e+02,
4.007245788574218750e+02,
4.538878479003906250e+02,
4.437741699218750000e+02,
4.395507812500000000e+02,
4.197697448730468750e+02,
3.796645507812500000e+02,
4.117881469726562500e+02,
3.847259521484375000e+02,
3.767587890625000000e+02,
4.078267211914062500e+02,
3.842931213378906250e+02,
4.979809265136718750e+02,
4.688432006835937500e+02,
4.638107299804687500e+02,
4.633426818847656250e+02,
4.631213989257812500e+02,
4.237590942382812500e+02,
4.766493835449218750e+02,
4.626268005371093750e+02,
4.599953308105468750e+02,
4.553638000488281250e+02,
4.746636047363281250e+02,
4.177909545898437500e+02,
4.561684265136718750e+02,
5.269194946289062500e+02,
4.492909545898437500e+02,
4.509799194335937500e+02,
4.449259033203125000e+02,
4.533661193847656250e+02,
4.231064453125000000e+02,
4.189833374023437500e+02,
4.573644409179687500e+02,
4.113928222656250000e+02,
4.021217651367187500e+02,
3.795446472167968750e+02,
3.685052490234375000e+02,
4.199134826660156250e+02,
3.843470458984375000e+02,
3.558889160156250000e+02,
3.696881408691406250e+02,
4.421940917968750000e+02,
4.274747009277343750e+02,
3.876601257324218750e+02,
4.378240966796875000e+02,
4.394540405273437500e+02,
4.619169311523437500e+02,
5.140991821289062500e+02,
4.994388732910156250e+02,
5.222520141601562500e+02,
4.704266662597656250e+02,
5.064714965820312500e+02,
4.814924621582031250e+02,
4.641393737792968750e+02,
5.285231323242187500e+02,
4.882950744628906250e+02,
5.407584838867187500e+02,
5.410720825195312500e+02,
4.938850708007812500e+02,
5.139402465820312500e+02,
4.841997070312500000e+02,
4.489119262695312500e+02,
5.028440551757812500e+02,
4.083235778808593750e+02,
4.087576293945312500e+02,
4.148652648925781250e+02,
4.311607055664062500e+02,
4.130222473144531250e+02,
4.533827819824218750e+02,
4.458861694335937500e+02,
4.308127441406250000e+02,
4.014520568847656250e+02,
4.233161315917968750e+02,
4.052642822265625000e+02,
3.973242492675781250e+02,
4.212309875488281250e+02,
4.302114868164062500e+02,
4.196580200195312500e+02,
4.042026672363281250e+02,
4.417060546875000000e+02,
3.882861328125000000e+02,
3.918223266601562500e+02,
3.998481140136718750e+02,
3.930969238281250000e+02,
4.088481750488281250e+02,
3.930541992187500000e+02,
4.268058166503906250e+02,
3.341950683593750000e+02,
3.897843933105468750e+02,
3.820358886718750000e+02,
3.756602172851562500e+02,
3.375919799804687500e+02,
3.774434204101562500e+02,
3.225816345214843750e+02,
3.159482727050781250e+02,
3.140261230468750000e+02,
3.307505187988281250e+02,
3.086904602050781250e+02,
3.354323120117187500e+02,
2.968748474121093750e+02,
3.273649902343750000e+02,
3.488175964355468750e+02,
3.333414306640625000e+02,
3.891648254394531250e+02,
3.780322265625000000e+02,
3.620104370117187500e+02,
3.364416809082031250e+02,
4.093451538085937500e+02,
3.958389587402343750e+02,
3.537720031738281250e+02,
3.531610107421875000e+02,
3.369740905761718750e+02,
3.093849182128906250e+02,
3.674481811523437500e+02,
3.371380004882812500e+02,
3.856734619140625000e+02,
3.481304321289062500e+02,
3.755451965332031250e+02,
3.537630004882812500e+02,
3.498538208007812500e+02,
3.751476440429687500e+02,
3.099786682128906250e+02,
3.459368286132812500e+02,
3.207384033203125000e+02,
3.273340454101562500e+02,
3.406339111328125000e+02,
3.196719055175781250e+02,
3.189473571777343750e+02,
3.257784118652343750e+02,
3.495856018066406250e+02,
3.537070312500000000e+02,
3.276487731933593750e+02,
3.195341796875000000e+02,
3.148507385253906250e+02,
3.921981201171875000e+02,
3.006470031738281250e+02,
4.182572937011718750e+02,
3.914208984375000000e+02,
3.728552551269531250e+02,
3.735286254882812500e+02,
3.943406066894531250e+02,
3.909377136230468750e+02,
3.744316406250000000e+02,
4.161586303710937500e+02,
