4.489600219726562500e+02,
5.050553894042968750e+02,
4.726404724121093750e+02,
4.536033325195312500e+02,
4.040386352539062500e+02,
4.808644409179687500e+02,
4.185089111328125000e+02,
4.746260986328125000e+02,
4.513970031738281250e+02,
4.453218994140625000e+02,
4.458236389160156250e+02,
4.337583923339843750e+02,
4.224483947753906250e+02,
4.448817443847656250e+02,
4.588985290527343750e+02,
4.410119323730468750e+02,
4.874216003417968750e+02,
4.871416931152343750e+02,
4.978487243652343750e+02,
4.977150573730468750e+02,
4.778917541503906250e+02,
5.981793823242187500e+02,
4.704898071289062500e+02,
4.783582153320312500e+02,
4.442141418457031250e+02,
4.726315307617187500e+02,
4.609484863281250000e+02,
4.494510192871093750e+02,
4.311363830566406250e+02,
4.550740356445312500e+02,
4.650840454101562500e+02,
4.370523986816406250e+02,
4.029078674316406250e+02,
3.879689941406250000e+02,
4.261297912597656250e+02,
4.458298950195312500e+02,
4.056855163574218750e+02,
3.912318725585937500e+02,
3.940605773925781250e+02,
4.214412536621093750e+02,
5.041031494140625000e+02,
3.923695983886718750e+02,
4.510600585937500000e+02,
4.102510375976562500e+02,
3.898506164550781250e+02,
4.081444091796875000e+02,
3.945585632324218750e+02,
4.133567199707031250e+02,
4.299047241210937500e+02,
3.991386108398437500e+02,
4.256979980468750000e+02,
3.741595458984375000e+02,
5.367661132812500000e+02,
4.050532531738281250e+02,
4.465317077636718750e+02,
3.799505920410156250e+02,
3.760674438476562500e+02,
4.354622802734375000e+02,
4.078090209960937500e+02,
4.119237670898437500e+02,
4.273056640625000000e+02,
3.880881347656250000e+02,
4.047257995605468750e+02,
3.853937683105468750e+02,
3.893085937500000000e+02,
3.618134765625000000e+02,
3.883817443847656250e+02,
3.617828674316406250e+02,
3.972188720703125000e+02,
3.491714172363281250e+02,
3.834683532714843750e+02,
3.680351257324218750e+02,
4.272232055664062500e+02,
3.845953369140625000e+02,
3.682600097656250000e+02,
4.316870727539062500e+02,
4.184585266113281250e+02,
4.136712341308593750e+02,
4.139609680175781250e+02,
4.077009277343750000e+02,
3.617634582519531250e+02,
3.449595031738281250e+02,
3.566158752441406250e+02,
3.964061889648437500e+02,
4.194843444824218750e+02,
3.794559020996093750e+02,
3.607136230468750000e+02,
3.684544372558593750e+02,
3.748493652343750000e+02,
3.671425170898437500e+02,
4.474623413085937500e+02,
4.132419433593750000e+02,
3.754899291992187500e+02,
3.822176513671875000e+02,
4.285693054199218750e+02,
3.784246520996093750e+02,
3.732127990722656250e+02,
3.564460754394531250e+02,
4.078391418457031250e+02,
3.913503723144531250e+02,
4.383566284179687500e+02,
3.587575378417968750e+02,
3.874408264160156250e+02,
3.714698181152343750e+02,
3.497311096191406250e+02,
3.836258544921875000e+02,
3.542495727539062500e+02,
3.220858764648437500e+02,
3.757268371582031250e+02,
3.628029479980468750e+02,
3.866986083984375000e+02,
3.916522827148437500e+02,
3.835339355468750000e+02,
3.653856201171875000e+02,
3.573215637207031250e+02,
3.709330444335937500e+02,
3.492380676269531250e+02,
3.453145141601562500e+02,
3.572033691406250000e+02,
3.604220275878906250e+02,
3.447485656738281250e+02,
3.650281372070312500e+02,
3.671010742187500000e+02,
3.630442810058593750e+02,
3.524849243164062500e+02,
3.730695800781250000e+02,
3.937562866210937500e+02,
3.844159851074218750e+02,
3.815025634765625000e+02,
3.668116149902343750e+02,
3.754249572753906250e+02,
3.772660827636718750e+02,
3.577305297851562500e+02,
3.565780944824218750e+02,
3.691944580078125000e+02,
3.674374389648437500e+02,
3.755290527343750000e+02,
3.552784729003906250e+02,
3.685981750488281250e+02,
3.629593505859375000e+02,
3.816835327148437500e+02,
3.608167724609375000e+02,
3.806676025390625000e+02,
3.571445922851562500e+02,
3.369933471679687500e+02,
4.022080688476562500e+02,
3.404191589355468750e+02,
3.733959045410156250e+02,
3.752528686523437500e+02,
3.788224182128906250e+02,
3.598513183593750000e+02,
3.656682128906250000e+02,
3.416480712890625000e+02,
3.688679809570312500e+02,
3.667224731445312500e+02,
3.728705139160156250e+02,
3.577590942382812500e+02,
3.734492797851562500e+02,
3.647984313964843750e+02,
4.097347717285156250e+02,
3.481329956054687500e+02,
3.404480895996093750e+02,
3.614501037597656250e+02,
3.707501220703125000e+02,
3.626588439941406250e+02,
3.691066589355468750e+02,
3.474373474121093750e+02,
3.174557800292968750e+02,
3.756989135742187500e+02,
3.598659362792968750e+02,
3.379689025878906250e+02,
3.418454895019531250e+02,
3.347983703613281250e+02,
3.559267272949218750e+02,
3.499646301269531250e+02,
3.482304992675781250e+02,
3.556271972656250000e+02,
3.491858520507812500e+02,
3.814217834472656250e+02,
3.290692443847656250e+02,
3.408434753417968750e+02,
3.455391235351562500e+02,
3.576800231933593750e+02,
3.410123596191406250e+02,
3.266411437988281250e+02,
3.311592712402343750e+02,
3.460566711425781250e+02,
3.393525085449218750e+02,
3.525564880371093750e+02,
3.867393798828125000e+02,
3.376780700683593750e+02,
3.462961425781250000e+02,
4.120149841308593750e+02,
4.408700561523437500e+02,
6.169468383789062500e+02,
8.489877319335937500e+02,
1.101578125000000000e+03,
1.297584228515625000e+03,
1.447129760742187500e+03,
1.508603637695312500e+03,
1.413533081054687500e+03,
1.147386840820312500e+03,
8.842053833007812500e+02,
6.144248046875000000e+02,
5.554951171875000000e+02,
5.121196289062500000e+02,
5.543706054687500000e+02,
5.804099121093750000e+02,
5.370709228515625000e+02,
5.406845703125000000e+02,
5.470759277343750000e+02,
5.882043457031250000e+02,
5.386395874023437500e+02,
5.501773681640625000e+02,
5.147312011718750000e+02,
5.169876098632812500e+02,
5.332697753906250000e+02,
5.314224243164062500e+02,
6.046670532226562500e+02,
5.512846679687500000e+02,
5.823898925781250000e+02,
5.056826171875000000e+02,
5.275097045898437500e+02,
5.564459838867187500e+02,
5.520975341796875000e+02,
5.726547851562500000e+02,
5.674188232421875000e+02,
5.366030883789062500e+02,
5.525917358398437500e+02,
5.415663452148437500e+02,
5.418720703125000000e+02,
5.467210083007812500e+02,
5.329738769531250000e+02,
4.993208923339843750e+02,
5.372178344726562500e+02,
5.357638549804687500e+02,
5.229416503906250000e+02,
5.623790893554687500e+02,
5.771431884765625000e+02,
5.510935668945312500e+02,
5.507375488281250000e+02,
5.386937255859375000e+02,
5.648301391601562500e+02,
5.761743774414062500e+02,
5.541456909179687500e+02,
5.461201171875000000e+02,
5.351749267578125000e+02,
5.680604248046875000e+02,
5.407907104492187500e+02,
5.750177612304687500e+02,
5.700092773437500000e+02,
5.669793701171875000e+02,
5.871636352539062500e+02,
5.300950317382812500e+02,
5.544211425781250000e+02,
5.494157104492187500e+02,
5.905784912109375000e+02,
5.508432006835937500e+02,
5.504501342773437500e+02,
5.593231201171875000e+02,
5.355002441406250000e+02,
5.689505004882812500e+02,
6.237276000976562500e+02,
5.638831787109375000e+02,
5.615709228515625000e+02,
6.103901367187500000e+02,
5.692966308593750000e+02,
5.485989379882812500e+02,
6.224091186523437500e+02,
5.968318481445312500e+02,
5.753303222656250000e+02,
5.533777465820312500e+02,
5.718653564453125000e+02,
5.294263305664062500e+02,
5.381624145507812500e+02,
5.664404296875000000e+02,
5.103349914550781250e+02,
5.315395507812500000e+02,
5.278277587890625000e+02,
5.565068969726562500e+02,
5.273797607421875000e+02,
5.418170166015625000e+02,
5.153961791992187500e+02,
4.952190246582031250e+02,
5.635192871093750000e+02,
5.401694946289062500e+02,
5.302459106445312500e+02,
5.780508422851562500e+02,
5.428931274414062500e+02,
5.400975952148437500e+02,
5.264207153320312500e+02,
5.455723266601562500e+02,
5.244189453125000000e+02,
6.064639892578125000e+02,
5.394765014648437500e+02,
5.369285888671875000e+02,
5.550560302734375000e+02,
5.529359741210937500e+02,
6.233850097656250000e+02,
5.769542236328125000e+02,
6.250062255859375000e+02,
5.758887939453125000e+02,
5.669115600585937500e+02,
5.556277465820312500e+02,
5.835163574218750000e+02,
5.538360595703125000e+02,
5.766355590820312500e+02,
6.482350463867187500e+02,
5.864243164062500000e+02,
5.818581542968750000e+02,
6.055839233398437500e+02,
5.837277832031250000e+02,
5.678392944335937500e+02,
6.214274902343750000e+02,
6.201776123046875000e+02,
5.922767944335937500e+02,
5.649118652343750000e+02,
5.791131591796875000e+02,
5.539389648437500000e+02,
5.532926635742187500e+02,
6.063736572265625000e+02,
5.802925415039062500e+02,
6.197253417968750000e+02,
5.681100463867187500e+02,
5.381494140625000000e+02,
5.464783325195312500e+02,
5.692820434570312500e+02,
6.147720336914062500e+02,
6.040274658203125000e+02,
5.921516113281250000e+02,
5.722681274414062500e+02,
5.937845458984375000e+02,
5.524732666015625000e+02,
5.656599731445312500e+02,
5.337446899414062500e+02,
5.976525878906250000e+02,
5.409666137695312500e+02,
5.813687744140625000e+02,
5.463694458007812500e+02,
5.775570068359375000e+02,
6.102360839843750000e+02,
5.907268066406250000e+02,
5.415850830078125000e+02,
5.226688232421875000e+02,
6.052873535156250000e+02,
5.507875976562500000e+02,
5.539739990234375000e+02,
5.586707763671875000e+02,
6.464263916015625000e+02,
5.729785766601562500e+02,
5.540665893554687500e+02,
5.436411743164062500e+02,
5.658162841796875000e+02,
5.376845703125000000e+02,
6.117445068359375000e+02,
5.468853759765625000e+02,
5.188582763671875000e+02,
5.647494506835937500e+02,
5.279051513671875000e+02,
5.819127807617187500e+02,
5.526419067382812500e+02,
5.575299682617187500e+02,
5.299355468750000000e+02,
5.738685913085937500e+02,
5.280979003906250000e+02,
5.393314819335937500e+02,
5.726034545898437500e+02,
5.398131713867187500e+02,
5.646983642578125000e+02,
5.869684448242187500e+02,
5.737545776367187500e+02,
5.850515136718750000e+02,
5.638982543945312500e+02,
5.927770385742187500e+02,
5.598624267578125000e+02,
5.508262939453125000e+02,
5.601676635742187500e+02,
5.577375488281250000e+02,
6.197460327148437500e+02,
5.985300903320312500e+02,
5.396698608398437500e+02,
6.059505004882812500e+02,
5.965885009765625000e+02,
5.752957153320312500e+02,
6.378625488281250000e+02,
6.207220458984375000e+02,
6.741879882812500000e+02,
7.183970947265625000e+02,
7.297395629882812500e+02,
7.364318237304687500e+02,
7.223000488281250000e+02,
6.523417968750000000e+02,
6.611779174804687500e+02,
6.306920166015625000e+02,
5.634680175781250000e+02,
5.657084350585937500e+02,
5.634302978515625000e+02,
5.811314697265625000e+02,
6.161967773437500000e+02,
5.887473144531250000e+02,
5.545770874023437500e+02,
6.132908325195312500e+02,
5.627871093750000000e+02,
5.432139892578125000e+02,
6.216744384765625000e+02,
6.023328247070312500e+02,
6.274005737304687500e+02,
6.696477661132812500e+02,
6.710447998046875000e+02,
6.524791870117187500e+02,
6.346110839843750000e+02,
6.116979980468750000e+02,
6.066099853515625000e+02,
5.838458251953125000e+02,
5.484667968750000000e+02,
5.752130737304687500e+02,
5.645311889648437500e+02,
5.626248168945312500e+02,
5.270615234375000000e+02,
5.538265380859375000e+02,
5.493847045898437500e+02,
5.728521728515625000e+02,
5.417992553710937500e+02,
5.979193725585937500e+02,
5.575388793945312500e+02,
5.297313842773437500e+02,
5.413308105468750000e+02,
5.778958740234375000e+02,
5.297656250000000000e+02,
5.155474853515625000e+02,
5.976495361328125000e+02,
5.517045898437500000e+02,
5.407825927734375000e+02,
5.812067260742187500e+02,
5.196484985351562500e+02,
5.182388305664062500e+02,
5.661882324218750000e+02,
5.253688964843750000e+02,
5.730052490234375000e+02,
5.456756591796875000e+02,
5.504268188476562500e+02,
5.537802734375000000e+02,
5.508023071289062500e+02,
5.547623291015625000e+02,
5.401656494140625000e+02,
5.642020263671875000e+02,
5.292836914062500000e+02,
5.543412475585937500e+02,
5.858515014648437500e+02,
5.983303833007812500e+02,
5.169522094726562500e+02,
5.170075073242187500e+02,
6.027036743164062500e+02,
5.638952636718750000e+02,
6.004341430664062500e+02,
6.013874511718750000e+02,
5.506301269531250000e+02,
5.506273803710937500e+02,
5.364195556640625000e+02,
5.507023315429687500e+02,
5.630692138671875000e+02,
5.315974121093750000e+02,
5.587955932617187500e+02,
5.463399047851562500e+02,
5.283128051757812500e+02,
5.648760375976562500e+02,
5.470004882812500000e+02,
5.685073852539062500e+02,
5.362194213867187500e+02,
6.113688964843750000e+02,
5.640274047851562500e+02,
5.334104614257812500e+02,
5.699089965820312500e+02,
5.833892822265625000e+02,
5.340469970703125000e+02,
5.744949340820312500e+02,
5.598408203125000000e+02,
5.427337036132812500e+02,
5.862713012695312500e+02,
5.565578613281250000e+02,
5.889496459960937500e+02,
5.685189819335937500e+02,
5.520253906250000000e+02,
5.627980346679687500e+02,
6.284299926757812500e+02,
5.711597290039062500e+02,
6.291553955078125000e+02,
5.728330688476562500e+02,
6.079253540039062500e+02,
5.755493774414062500e+02,
5.839913330078125000e+02,
5.422959594726562500e+02,
5.578776245117187500e+02,
5.553998413085937500e+02,
5.770865478515625000e+02,
5.911881103515625000e+02,
5.395557250976562500e+02,
5.688980712890625000e+02,
5.651026000976562500e+02,
5.546299438476562500e+02,
6.096602783203125000e+02,
6.026232299804687500e+02,
5.904197387695312500e+02,
6.097503662109375000e+02,
6.196154785156250000e+02,
5.467632446289062500e+02,
5.515640869140625000e+02,
5.982237548828125000e+02,
5.905163574218750000e+02,
5.625885620117187500e+02,
5.795153198242187500e+02,
5.963204345703125000e+02,
5.564617919921875000e+02,
5.755204467773437500e+02,
6.082546386718750000e+02,
5.749949340820312500e+02,
6.014667358398437500e+02,
5.644331665039062500e+02,
5.770167846679687500e+02,
5.589237060546875000e+02,
5.782545166015625000e+02,
5.782457885742187500e+02,
5.618948364257812500e+02,
5.928457641601562500e+02,
5.999184570312500000e+02,
6.058767700195312500e+02,
5.792835693359375000e+02,
5.550012817382812500e+02,
5.567072753906250000e+02,
5.435858154296875000e+02,
6.071616210937500000e+02,
5.939277343750000000e+02,
5.911966552734375000e+02,
5.776089477539062500e+02,
6.175343017578125000e+02,
5.855263061523437500e+02,
6.093223266601562500e+02,
5.743885498046875000e+02,
6.042216186523437500e+02,
5.541256713867187500e+02,
5.874340209960937500e+02,
5.881832275390625000e+02,
5.614564819335937500e+02,
6.029546508789062500e+02,
5.553656005859375000e+02,
5.701079711914062500e+02,
6.552744140625000000e+02,
5.736684570312500000e+02,
5.575761108398437500e+02,
6.110272216796875000e+02,
5.799742431640625000e+02,
5.678076171875000000e+02,
5.680814819335937500e+02,
6.391172485351562500e+02,
5.686731567382812500e+02,
5.700825805664062500e+02,
6.084442138671875000e+02,
5.850451049804687500e+02,
6.104032592773437500e+02,
5.574362792968750000e+02,
5.775220336914062500e+02,
5.704350585937500000e+02,
5.658335571289062500e+02,
5.696789550781250000e+02,
6.258076782226562500e+02,
5.999375000000000000e+02,
6.458511962890625000e+02,
6.168929443359375000e+02,
6.064108886718750000e+02,
5.902242431640625000e+02,
6.331813964843750000e+02,
6.001576538085937500e+02,
5.777094116210937500e+02,
6.349512939453125000e+02,
5.841043701171875000e+02,
5.837521972656250000e+02,
6.082767333984375000e+02,
5.653434448242187500e+02,
5.569837036132812500e+02,
6.192083740234375000e+02,
6.136300048828125000e+02,
5.878884887695312500e+02,
5.931787109375000000e+02,
5.470775756835937500e+02,
5.557196655273437500e+02,
6.010431518554687500e+02,
5.623359985351562500e+02,
5.441858520507812500e+02,
6.001056518554687500e+02,
6.091962280273437500e+02,
5.478425903320312500e+02,
5.650347900390625000e+02,
5.864381713867187500e+02,
5.950739135742187500e+02,
5.232587890625000000e+02,
6.172393188476562500e+02,
5.918533325195312500e+02,
5.519130859375000000e+02,
5.797127685546875000e+02,
5.126282958984375000e+02,
5.897641601562500000e+02,
4.989833679199218750e+02,
5.298559570312500000e+02,
5.422229614257812500e+02,
5.497843627929687500e+02,
5.242911987304687500e+02,
5.497615966796875000e+02,
5.329445800781250000e+02,
5.270377197265625000e+02,
5.101508483886718750e+02,
5.490448608398437500e+02,
5.191201171875000000e+02,
5.447463378906250000e+02,
5.478961181640625000e+02,
5.709768676757812500e+02,
5.800403442382812500e+02,
5.332747192382812500e+02,
5.239435424804687500e+02,
5.167385864257812500e+02,
5.480487060546875000e+02,
5.407976074218750000e+02,
5.280971679687500000e+02,
5.536081542968750000e+02,
5.569564819335937500e+02,
5.547890014648437500e+02,
5.262072143554687500e+02,
5.146835327148437500e+02,
5.298157348632812500e+02,
5.109696350097656250e+02,
5.198684082031250000e+02,
5.528990478515625000e+02,
5.737100830078125000e+02,
5.210144653320312500e+02,
5.331413574218750000e+02,
5.535213623046875000e+02,
5.074075927734375000e+02,
5.549704589843750000e+02,
5.207679443359375000e+02,
5.699354248046875000e+02,
5.365405273437500000e+02,
5.263332519531250000e+02,
5.650770263671875000e+02,
5.219429931640625000e+02,
5.191186523437500000e+02,
5.198754272460937500e+02,
5.433580932617187500e+02,
5.432649536132812500e+02,
5.386578369140625000e+02,
5.144535522460937500e+02,
5.799340820312500000e+02,
5.446031494140625000e+02,
5.347477416992187500e+02,
5.259374389648437500e+02,
5.443946533203125000e+02,
5.171074829101562500e+02,
5.640352172851562500e+02,
5.917252197265625000e+02,
5.506506347656250000e+02,
6.201771850585937500e+02,
5.156459960937500000e+02,
5.220939331054687500e+02,
5.265845947265625000e+02,
5.327905273437500000e+02,
5.139988403320312500e+02,
5.553806152343750000e+02,
5.785078125000000000e+02,
5.669224853515625000e+02,
5.667562255859375000e+02,
5.608328857421875000e+02,
5.768609008789062500e+02,
5.740176391601562500e+02,
5.894455566406250000e+02,
5.804542846679687500e+02,
5.787572631835937500e+02,
5.580234985351562500e+02,
5.918071899414062500e+02,
5.601756591796875000e+02,
5.386029663085937500e+02,
5.627741699218750000e+02,
5.325895996093750000e+02,
5.450357666015625000e+02,
6.132862548828125000e+02,
5.466184082031250000e+02,
5.806631469726562500e+02,
5.480064697265625000e+02,
5.345387573242187500e+02,
5.738675537109375000e+02,
5.387634277343750000e+02,
5.281754150390625000e+02,
5.330984497070312500e+02,
5.819217529296875000e+02,
5.749710083007812500e+02,
5.750025634765625000e+02,
5.660914306640625000e+02,
5.642015991210937500e+02,
5.584599609375000000e+02,
5.886238403320312500e+02,
5.557957153320312500e+02,
5.648733520507812500e+02,
5.312678833007812500e+02,
6.065794677734375000e+02,
5.747294311523437500e+02,
5.647343139648437500e+02,
6.118856811523437500e+02,
6.208134765625000000e+02,
6.204910888671875000e+02,
5.838675537109375000e+02,
5.906578369140625000e+02,
6.223778686523437500e+02,
6.012175903320312500e+02,
6.510630493164062500e+02,
6.713861694335937500e+02,
6.927594604492187500e+02,
7.224236450195312500e+02,
8.020762939453125000e+02,
8.522582397460937500e+02,
9.298701782226562500e+02,
8.795569458007812500e+02,
9.403983154296875000e+02,
9.241333007812500000e+02,
9.069059448242187500e+02,
8.893698730468750000e+02,
9.075201416015625000e+02,
9.364392089843750000e+02,
9.232561035156250000e+02,
9.221571655273437500e+02,
9.208591308593750000e+02,
1.019343078613281250e+03,
1.071491333007812500e+03,
1.153017211914062500e+03,
1.167599121093750000e+03,
1.170081787109375000e+03,
1.185936279296875000e+03,
1.180092529296875000e+03,
1.176082763671875000e+03,
1.134212402343750000e+03,
1.156009521484375000e+03,
1.190390014648437500e+03,
1.240481323242187500e+03,
5.001057739257812500e+02,
5.082604675292968750e+02,
5.084727172851562500e+02,
5.195394897460937500e+02,
4.613276672363281250e+02,
4.758463439941406250e+02,
5.645955200195312500e+02,
5.179503173828125000e+02,
5.824881591796875000e+02,
5.511735229492187500e+02,
5.478897705078125000e+02,
4.935992431640625000e+02,
5.083231811523437500e+02,
5.137655029296875000e+02,
5.292296142578125000e+02,
4.394541625976562500e+02,
4.885844421386718750e+02,
4.013496704101562500e+02,
4.395468444824218750e+02,
4.571669616699218750e+02,
4.540883789062500000e+02,
4.041052856445312500e+02,
4.364676513671875000e+02,
4.345571289062500000e+02,
4.184783020019531250e+02,
4.259185485839843750e+02,
4.000739440917968750e+02,
4.099891662597656250e+02,
4.271461181640625000e+02,
4.146481323242187500e+02,
3.983251342773437500e+02,
4.325730285644531250e+02,
3.803752136230468750e+02,
3.896677246093750000e+02,
4.063124084472656250e+02,
3.793277282714843750e+02,
3.915524291992187500e+02,
4.007660827636718750e+02,
3.784540710449218750e+02,
3.814474792480468750e+02,
3.891092529296875000e+02,
4.010596923828125000e+02,
3.767858886718750000e+02,
4.337981567382812500e+02,
3.780477905273437500e+02,
4.106465454101562500e+02,
3.844657287597656250e+02,
3.646487731933593750e+02,
3.804668579101562500e+02,
3.546919860839843750e+02,
3.713036499023437500e+02,
3.607591552734375000e+02,
3.878695373535156250e+02,
3.903279418945312500e+02,
3.651257629394531250e+02,
3.669148254394531250e+02,
4.235142822265625000e+02,
3.785680847167968750e+02,
3.712611083984375000e+02,
3.946343994140625000e+02,
4.114302368164062500e+02,
3.861174316406250000e+02,
3.798506774902343750e+02,
3.602586364746093750e+02,
3.470760803222656250e+02,
3.581764221191406250e+02,
3.742472229003906250e+02,
3.681281127929687500e+02,
3.979144287109375000e+02,
3.652742309570312500e+02,
3.951694335937500000e+02,
3.995950927734375000e+02,
3.491916198730468750e+02,
3.718469543457031250e+02,
3.516009216308593750e+02,
3.840689086914062500e+02,
3.463501586914062500e+02,
3.885626220703125000e+02,
3.486064453125000000e+02,
3.470708923339843750e+02,
4.207030334472656250e+02,
3.427606811523437500e+02,
3.435610656738281250e+02,
4.002407531738281250e+02,
3.493044128417968750e+02,
3.387311706542968750e+02,
3.313363342285156250e+02,
3.238999633789062500e+02,
3.400670471191406250e+02,
3.173421630859375000e+02,
3.432952270507812500e+02,
3.538737792968750000e+02,
3.540641784667968750e+02,
4.100220947265625000e+02,
3.682020263671875000e+02,
6.676830444335937500e+02,
1.085944580078125000e+03,
1.227035766601562500e+03,
1.254723754882812500e+03,
1.184639648437500000e+03,
1.122019775390625000e+03,
7.943243408203125000e+02,
5.430379028320312500e+02,
5.898123779296875000e+02,
5.878971557617187500e+02,
5.660170288085937500e+02,
5.290590820312500000e+02,
5.467083129882812500e+02,
5.475541992187500000e+02,
5.607025146484375000e+02,
5.330082397460937500e+02,
5.414329833984375000e+02,
5.914948120117187500e+02,
5.788755493164062500e+02,
5.858943481445312500e+02,
5.652259521484375000e+02,
5.848955688476562500e+02,
5.693758544921875000e+02,
5.687849731445312500e+02,
6.165156250000000000e+02,
5.689923095703125000e+02,
6.161899414062500000e+02,
5.611485595703125000e+02,
6.058618164062500000e+02,
5.438801269531250000e+02,
5.478524780273437500e+02,
5.688764648437500000e+02,
5.689989013671875000e+02,
5.859561157226562500e+02,
5.990640869140625000e+02,
5.608576049804687500e+02,
5.971145019531250000e+02,
5.751217041015625000e+02,
5.834755249023437500e+02,
6.078086547851562500e+02,
5.663094482421875000e+02,
5.393349609375000000e+02,
5.642506103515625000e+02,
5.627658081054687500e+02,
5.154510498046875000e+02,
5.443718872070312500e+02,
5.274904174804687500e+02,
6.088494262695312500e+02,
5.403831176757812500e+02,
5.714572143554687500e+02,
5.255498046875000000e+02,
5.429716186523437500e+02,
5.583149414062500000e+02,
5.435613403320312500e+02,
6.092338867187500000e+02,
5.984696044921875000e+02,
5.985278930664062500e+02,
6.084686279296875000e+02,
5.932714843750000000e+02,
5.652726440429687500e+02,
6.315741577148437500e+02,
5.989613647460937500e+02,
6.135031127929687500e+02,
6.532209472656250000e+02,
6.649577636718750000e+02,
6.090133056640625000e+02,
6.031589355468750000e+02,
5.955418701171875000e+02,
6.342052001953125000e+02,
6.113107299804687500e+02,
6.340424804687500000e+02,
5.730109252929687500e+02,
6.027245483398437500e+02,
5.822627563476562500e+02,
5.846205444335937500e+02,
6.233245239257812500e+02,
5.925173339843750000e+02,
6.256524047851562500e+02,
5.771954956054687500e+02,
5.619692993164062500e+02,
6.155979614257812500e+02,
5.899131469726562500e+02,
5.714993286132812500e+02,
6.133917236328125000e+02,
6.028533935546875000e+02,
5.960073242187500000e+02,
6.618464355468750000e+02,
5.530968627929687500e+02,
6.522882080078125000e+02,
5.812418212890625000e+02,
6.037514648437500000e+02,
5.809166870117187500e+02,
6.055276489257812500e+02,
5.756306762695312500e+02,
6.100146484375000000e+02,
6.299633178710937500e+02,
6.866815795898437500e+02,
7.236199340820312500e+02,
7.293764648437500000e+02,
7.828118896484375000e+02,
7.816710205078125000e+02,
6.772491455078125000e+02,
6.145717163085937500e+02,
6.066204833984375000e+02,
5.992981567382812500e+02,
5.857633056640625000e+02,
6.631895141601562500e+02,
6.524163818359375000e+02,
6.405456542968750000e+02,
6.508780517578125000e+02,
6.473215942382812500e+02,
6.487301025390625000e+02,
6.464950561523437500e+02,
5.799684448242187500e+02,
5.806305541992187500e+02,
5.865015869140625000e+02,
5.855580444335937500e+02,
6.358566284179687500e+02,
5.713255615234375000e+02,
5.654476318359375000e+02,
5.363607177734375000e+02,
6.592891845703125000e+02,
5.615444335937500000e+02,
5.763560791015625000e+02,
5.776733398437500000e+02,
6.036950683593750000e+02,
5.603775634765625000e+02,
5.440856933593750000e+02,
5.995620727539062500e+02,
6.468263549804687500e+02,
5.710026245117187500e+02,
6.171815795898437500e+02,
6.386981201171875000e+02,
5.691048583984375000e+02,
5.690169067382812500e+02,
5.517807006835937500e+02,
5.560833129882812500e+02,
5.322771606445312500e+02,
5.731456298828125000e+02,
6.067036743164062500e+02,
6.482496337890625000e+02,
5.905454711914062500e+02,
5.629143676757812500e+02,
5.955111694335937500e+02,
5.892163085937500000e+02,
5.991300659179687500e+02,
5.706071166992187500e+02,
6.114855957031250000e+02,
5.837180786132812500e+02,
6.529270629882812500e+02,
6.671760864257812500e+02,
6.229135131835937500e+02,
6.416519165039062500e+02,
6.340147705078125000e+02,
6.078734741210937500e+02,
6.420858154296875000e+02,
5.827750244140625000e+02,
5.834444580078125000e+02,
6.071414184570312500e+02,
5.895307006835937500e+02,
5.982830200195312500e+02,
5.840480957031250000e+02,
6.177032470703125000e+02,
5.815734252929687500e+02,
6.752568359375000000e+02,
6.059971313476562500e+02,
6.011867675781250000e+02,
5.704288940429687500e+02,
6.374375000000000000e+02,
6.127920532226562500e+02,
6.438477783203125000e+02,
6.056883544921875000e+02,
6.017707519531250000e+02,
6.017281494140625000e+02,
6.039436035156250000e+02,
6.154567871093750000e+02,
5.833979492187500000e+02,
5.882187500000000000e+02,
5.598666992187500000e+02,
5.975504760742187500e+02,
6.140197143554687500e+02,
5.895913085937500000e+02,
6.153856811523437500e+02,
6.886386108398437500e+02,
6.086558227539062500e+02,
6.396201171875000000e+02,
6.399174194335937500e+02,
5.983040161132812500e+02,
6.755786743164062500e+02,
5.947774047851562500e+02,
6.059896850585937500e+02,
5.739156494140625000e+02,
6.296612548828125000e+02,
5.672628173828125000e+02,
5.553517456054687500e+02,
5.861783447265625000e+02,
6.065773925781250000e+02,
5.547974853515625000e+02,
5.690311889648437500e+02,
5.612891235351562500e+02,
6.613340454101562500e+02,
5.611575927734375000e+02,
5.551257934570312500e+02,
5.361765136718750000e+02,
5.442526245117187500e+02,
5.306943359375000000e+02,
5.213787841796875000e+02,
6.356457519531250000e+02,
5.565006713867187500e+02,
5.570939941406250000e+02,
5.413957519531250000e+02,
5.446823120117187500e+02,
5.771907958984375000e+02,
5.499791259765625000e+02,
5.743093261718750000e+02,
5.680078125000000000e+02,
5.486837768554687500e+02,
5.321082763671875000e+02,
5.495812377929687500e+02,
5.501853637695312500e+02,
5.489997558593750000e+02,
5.600383911132812500e+02,
5.131829223632812500e+02,
5.095206298828125000e+02,
5.016535949707031250e+02,
5.248604125976562500e+02,
5.721506958007812500e+02,
6.363565673828125000e+02,
5.600956420898437500e+02,
5.599710083007812500e+02,
5.655447998046875000e+02,
5.257293701171875000e+02,
5.411081542968750000e+02,
5.531741943359375000e+02,
5.778816528320312500e+02,
5.620062866210937500e+02,
5.775172119140625000e+02,
5.548800659179687500e+02,
6.058402709960937500e+02,
5.958989257812500000e+02,
5.936953735351562500e+02,
5.966165771484375000e+02,
6.076973266601562500e+02,
5.570005493164062500e+02,
5.974478759765625000e+02,
6.015199584960937500e+02,
5.804122314453125000e+02,
5.745722656250000000e+02,
5.762460937500000000e+02,
5.684491577148437500e+02,
5.805220336914062500e+02,
5.611060791015625000e+02,
5.729470214843750000e+02,
5.851426391601562500e+02,
5.713146972656250000e+02,
5.695191040039062500e+02,
5.996629028320312500e+02,
6.149082031250000000e+02,
6.256826782226562500e+02,
7.376504516601562500e+02,
8.062585449218750000e+02,
8.976887207031250000e+02,
8.789437866210937500e+02,
9.441304321289062500e+02,
9.742902832031250000e+02,
9.526398925781250000e+02,
9.804979248046875000e+02,
1.018290710449218750e+03,
1.144867431640625000e+03,
1.153856079101562500e+03,
1.148236572265625000e+03,
1.209756225585937500e+03,
1.224694213867187500e+03,
5.494866943359375000e+02,
5.711942138671875000e+02,
5.819432983398437500e+02,
5.666406250000000000e+02,
5.786776123046875000e+02,
6.102938232421875000e+02,
5.926334838867187500e+02,
5.582733154296875000e+02,
5.444412231445312500e+02,
5.198339233398437500e+02,
4.791885070800781250e+02,
4.585599670410156250e+02,
4.701147155761718750e+02,
4.388226318359375000e+02,
4.730925598144531250e+02,
4.407885437011718750e+02,
4.236466369628906250e+02,
4.415950317382812500e+02,
4.182972412109375000e+02,
4.607656860351562500e+02,
4.512648925781250000e+02,
4.316263427734375000e+02,
4.375461425781250000e+02,
4.494375000000000000e+02,
4.585628662109375000e+02,
3.932923889160156250e+02,
3.758969726562500000e+02,
4.298708496093750000e+02,
4.138887023925781250e+02,
4.068750305175781250e+02,
3.983642272949218750e+02,
3.852167968750000000e+02,
3.801640014648437500e+02,
3.596614074707031250e+02,
4.315338745117187500e+02,
3.917704162597656250e+02,
3.754635009765625000e+02,
3.919104919433593750e+02,
3.944811401367187500e+02,
4.074413146972656250e+02,
3.893395385742187500e+02,
4.369904479980468750e+02,
3.839243774414062500e+02,
3.711954040527343750e+02,
4.397046203613281250e+02,
3.874564208984375000e+02,
3.536583862304687500e+02,
3.588468627929687500e+02,
3.507758789062500000e+02,
4.003433227539062500e+02,
3.914729919433593750e+02,
3.877746582031250000e+02,
3.727680664062500000e+02,
3.735877990722656250e+02,
3.457719421386718750e+02,
3.343554687500000000e+02,
3.459160766601562500e+02,
3.929285888671875000e+02,
3.271536865234375000e+02,
3.402640991210937500e+02,
3.600401611328125000e+02,
4.190593261718750000e+02,
6.653414306640625000e+02,
1.141564453125000000e+03,
1.192911376953125000e+03,
1.147225708007812500e+03,
1.131438842773437500e+03,
9.308625488281250000e+02,
5.660784912109375000e+02,
5.502507324218750000e+02,
5.795836181640625000e+02,
5.463323364257812500e+02,
6.034435424804687500e+02,
6.022059326171875000e+02,
5.949829711914062500e+02,
5.623361206054687500e+02,
5.706221313476562500e+02,
5.888421020507812500e+02,
5.756903076171875000e+02,
5.909387207031250000e+02,
6.310737915039062500e+02,
5.946502075195312500e+02,
6.125792236328125000e+02,
6.121862792968750000e+02,
6.011831665039062500e+02,
6.541528930664062500e+02,
6.088580322265625000e+02,
6.387013549804687500e+02,
5.991196289062500000e+02,
5.693682250976562500e+02,
5.845736694335937500e+02,
5.650474243164062500e+02,
6.312224121093750000e+02,
5.675651245117187500e+02,
5.733786621093750000e+02,
5.480178222656250000e+02,
5.799784545898437500e+02,
6.071179199218750000e+02,
6.192815551757812500e+02,
6.272454223632812500e+02,
6.130696411132812500e+02,
6.073455200195312500e+02,
6.453717041015625000e+02,
6.355538940429687500e+02,
6.429897460937500000e+02,
6.837766113281250000e+02,
6.171320800781250000e+02,
6.320780029296875000e+02,
6.337186889648437500e+02,
5.947246093750000000e+02,
6.026245117187500000e+02,
6.157076416015625000e+02,
6.282862548828125000e+02,
6.376703491210937500e+02,
6.145340576171875000e+02,
6.528163452148437500e+02,
6.077302856445312500e+02,
6.048248291015625000e+02,
6.375942993164062500e+02,
6.418524780273437500e+02,
6.316615600585937500e+02,
6.430192871093750000e+02,
6.335447998046875000e+02,
6.286624755859375000e+02,
6.165385131835937500e+02,
6.403953857421875000e+02,
7.482259521484375000e+02,
7.634723510742187500e+02,
7.999237670898437500e+02,
7.888426513671875000e+02,
7.383474731445312500e+02,
6.827717895507812500e+02,
6.531915893554687500e+02,
7.173338623046875000e+02,
6.892086181640625000e+02,
6.621815185546875000e+02,
6.681426391601562500e+02,
6.308898315429687500e+02,
6.047644653320312500e+02,
6.132821044921875000e+02,
6.297593383789062500e+02,
6.089177246093750000e+02,
6.381184692382812500e+02,
5.829218750000000000e+02,
5.973313598632812500e+02,
6.161392211914062500e+02,
5.968782958984375000e+02,
6.345034179687500000e+02,
5.930944824218750000e+02,
5.807568359375000000e+02,
5.649231567382812500e+02,
6.007923583984375000e+02,
5.830230102539062500e+02,
5.724135742187500000e+02,
6.173017578125000000e+02,
5.641939697265625000e+02,
5.825389404296875000e+02,
6.173828125000000000e+02,
5.629293212890625000e+02,
6.431085815429687500e+02,
5.927522583007812500e+02,
6.157388305664062500e+02,
6.754458618164062500e+02,
6.424381103515625000e+02,
6.559036254882812500e+02,
6.008319702148437500e+02,
6.438183593750000000e+02,
6.828122558593750000e+02,
6.340532836914062500e+02,
6.604937133789062500e+02,
6.399882812500000000e+02,
6.180410766601562500e+02,
5.963489379882812500e+02,
6.060882568359375000e+02,
5.838532714843750000e+02,
6.422701416015625000e+02,
6.835121459960937500e+02,
6.034837036132812500e+02,
6.042719116210937500e+02,
5.890151367187500000e+02,
6.098092651367187500e+02,
6.580889892578125000e+02,
6.213268432617187500e+02,
6.080390014648437500e+02,
5.893632202148437500e+02,
6.324959106445312500e+02,
6.778935546875000000e+02,
5.967280273437500000e+02,
6.510719604492187500e+02,
6.559709472656250000e+02,
5.882875366210937500e+02,
6.278178710937500000e+02,
6.028605957031250000e+02,
5.876320800781250000e+02,
6.603898925781250000e+02,
6.185299682617187500e+02,
5.576065673828125000e+02,
5.771664428710937500e+02,
5.715540771484375000e+02,
5.702161254882812500e+02,
5.310872802734375000e+02,
5.901674194335937500e+02,
6.055778808593750000e+02,
5.807058715820312500e+02,
5.783366088867187500e+02,
5.584829101562500000e+02,
5.504467773437500000e+02,
5.801063842773437500e+02,
5.481548461914062500e+02,
5.201094970703125000e+02,
5.547104492187500000e+02,
5.249771118164062500e+02,
5.179671630859375000e+02,
5.796063842773437500e+02,
5.633422851562500000e+02,
5.411032104492187500e+02,
5.604340820312500000e+02,
6.195596923828125000e+02,
6.130317382812500000e+02,
5.940736694335937500e+02,
5.845261840820312500e+02,
5.889680786132812500e+02,
5.881246948242187500e+02,
6.098544311523437500e+02,
6.020253295898437500e+02,
6.512931518554687500e+02,
6.486890869140625000e+02,
6.330059814453125000e+02,
5.907069702148437500e+02,
6.007079467773437500e+02,
6.363226318359375000e+02,
6.395774536132812500e+02,
5.890692138671875000e+02,
6.003021850585937500e+02,
6.504093627929687500e+02,
7.702984008789062500e+02,
8.829011840820312500e+02,
9.193623657226562500e+02,
9.479483642578125000e+02,
1.035749145507812500e+03,
1.073102661132812500e+03,
1.129897460937500000e+03,
1.158922851562500000e+03,
1.229890502929687500e+03,
