8.371539306640625000e+02,
8.911802368164062500e+02,
8.462001342773437500e+02,
8.670344238281250000e+02,
7.977462768554687500e+02,
8.845122070312500000e+02,
9.527495117187500000e+02,
1.020785034179687500e+03,
1.078254760742187500e+03,
1.104252441406250000e+03,
1.130879516601562500e+03,
1.122769897460937500e+03,
1.053133544921875000e+03,
1.138916503906250000e+03,
1.090277343750000000e+03,
1.124682250976562500e+03,
1.153827148437500000e+03,
1.136873046875000000e+03,
1.124395751953125000e+03,
1.234740112304687500e+03,
1.245224975585937500e+03,
1.200110351562500000e+03,
1.233397094726562500e+03,
1.105228149414062500e+03,
1.040708984375000000e+03,
9.591157226562500000e+02,
9.669370727539062500e+02,
8.741867065429687500e+02,
8.392126464843750000e+02,
7.918840942382812500e+02,
8.531909790039062500e+02,
7.305399780273437500e+02,
8.190609130859375000e+02,
9.090930175781250000e+02,
8.853058471679687500e+02,
1.016180114746093750e+03,
1.208241699218750000e+03,
1.357496093750000000e+03,
1.633837646484375000e+03,
1.795081665039062500e+03,
1.968569580078125000e+03,
2.074825439453125000e+03,
2.109993652343750000e+03,
2.157967529296875000e+03,
2.130872314453125000e+03,
2.015832885742187500e+03,
2.009732299804687500e+03,
1.915750488281250000e+03,
1.886287597656250000e+03,
1.830366699218750000e+03,
1.751500610351562500e+03,
1.635044067382812500e+03,
1.590783325195312500e+03,
1.468198608398437500e+03,
1.562341308593750000e+03,
1.422841308593750000e+03,
1.387201171875000000e+03,
1.337648315429687500e+03,
1.287567260742187500e+03,
1.232562500000000000e+03,
1.189087402343750000e+03,
1.184085815429687500e+03,
1.102286621093750000e+03,
1.185389770507812500e+03,
9.918992309570312500e+02,
8.854185180664062500e+02,
8.771506958007812500e+02,
8.713621826171875000e+02,
8.023770141601562500e+02,
8.058972167968750000e+02,
6.940712890625000000e+02,
7.328110351562500000e+02,
7.180545654296875000e+02,
7.321979370117187500e+02,
6.812049560546875000e+02,
7.554337768554687500e+02,
8.223331298828125000e+02,
8.545471801757812500e+02,
8.015520629882812500e+02,
9.045830078125000000e+02,
8.142837524414062500e+02,
7.994544067382812500e+02,
8.173686523437500000e+02,
8.165748291015625000e+02,
7.934299316406250000e+02,
8.507738037109375000e+02,
8.031888427734375000e+02,
8.024621582031250000e+02,
7.874574584960937500e+02,
7.507159423828125000e+02,
7.649367065429687500e+02,
7.473184204101562500e+02,
6.670565795898437500e+02,
6.693823242187500000e+02,
6.515895385742187500e+02,
6.669108886718750000e+02,
6.084911499023437500e+02,
6.215759277343750000e+02,
6.319965820312500000e+02,
5.695977172851562500e+02,
6.111358032226562500e+02,
5.350598754882812500e+02,
5.239283447265625000e+02,
4.968832092285156250e+02,
5.044603271484375000e+02,
5.059708557128906250e+02,
4.602074584960937500e+02,
4.637572326660156250e+02,
4.195714416503906250e+02,
4.741919860839843750e+02,
4.492932128906250000e+02,
4.634347839355468750e+02,
4.356556091308593750e+02,
4.925206298828125000e+02,
4.324100646972656250e+02,
4.809580993652343750e+02,
4.868932800292968750e+02,
4.781937561035156250e+02,
4.417418823242187500e+02,
4.324587707519531250e+02,
4.564139709472656250e+02,
4.476184997558593750e+02,
4.169909667968750000e+02,
4.155018920898437500e+02,
4.384895324707031250e+02,
4.145130004882812500e+02,
3.452231445312500000e+02,
3.720673522949218750e+02,
3.544427490234375000e+02,
3.174223937988281250e+02,
3.408586120605468750e+02,
3.475931396484375000e+02,
3.253304443359375000e+02,
3.647655334472656250e+02,
3.366508789062500000e+02,
3.569109191894531250e+02,
3.237457885742187500e+02,
3.341091003417968750e+02,
2.920700073242187500e+02,
3.496733093261718750e+02,
3.334852600097656250e+02,
3.123971557617187500e+02,
3.459607543945312500e+02,
4.027078857421875000e+02,
4.045943908691406250e+02,
4.725411987304687500e+02,
5.013425598144531250e+02,
5.406289062500000000e+02,
6.318748779296875000e+02,
7.078366088867187500e+02,
6.840376586914062500e+02,
6.836334228515625000e+02,
7.391470947265625000e+02,
6.649432373046875000e+02,
6.609288330078125000e+02,
6.544331665039062500e+02,
6.195902099609375000e+02,
5.545129394531250000e+02,
5.788974609375000000e+02,
4.924249877929687500e+02,
4.734173583984375000e+02,
4.604227294921875000e+02,
4.492671813964843750e+02,
4.753218078613281250e+02,
4.709285583496093750e+02,
4.560098571777343750e+02,
4.676475524902343750e+02,
4.192676391601562500e+02,
4.668608398437500000e+02,
4.324277954101562500e+02,
3.761994934082031250e+02,
3.838722839355468750e+02,
3.645490722656250000e+02,
3.698195495605468750e+02,
3.511788330078125000e+02,
3.203236389160156250e+02,
3.508146972656250000e+02,
3.231912841796875000e+02,
2.907518005371093750e+02,
3.312023620605468750e+02,
3.172632446289062500e+02,
3.528404235839843750e+02,
3.207484436035156250e+02,
3.447792053222656250e+02,
3.556057434082031250e+02,
3.575364379882812500e+02,
3.603564758300781250e+02,
3.620790100097656250e+02,
3.658869018554687500e+02,
3.598767395019531250e+02,
3.675657348632812500e+02,
3.537772827148437500e+02,
4.123161315917968750e+02,
4.146737060546875000e+02,
3.646349182128906250e+02,
3.263721923828125000e+02,
4.040970153808593750e+02,
3.211073913574218750e+02,
3.667398986816406250e+02,
3.717267150878906250e+02,
4.120958557128906250e+02,
3.399576110839843750e+02,
3.776786499023437500e+02,
3.698538818359375000e+02,
3.757254028320312500e+02,
3.809598693847656250e+02,
3.204598388671875000e+02,
3.593992614746093750e+02,
3.319795227050781250e+02,
3.120202941894531250e+02,
3.547626342773437500e+02,
3.446881713867187500e+02,
3.205027770996093750e+02,
3.581459350585937500e+02,
3.401588745117187500e+02,
3.439403076171875000e+02,
3.607864379882812500e+02,
3.355797424316406250e+02,
3.621696166992187500e+02,
3.935366821289062500e+02,
4.001880187988281250e+02,
3.888447265625000000e+02,
3.197312927246093750e+02,
3.413802490234375000e+02,
3.380463256835937500e+02,
3.292828063964843750e+02,
3.515082092285156250e+02,
3.535146789550781250e+02,
3.506616516113281250e+02,
3.144298706054687500e+02,
3.565513000488281250e+02,
3.651046447753906250e+02,
3.822653808593750000e+02,
3.785007324218750000e+02,
3.560367736816406250e+02,
3.891120605468750000e+02,
3.978225708007812500e+02,
3.608493652343750000e+02,
3.464584960937500000e+02,
3.476413269042968750e+02,
3.842340698242187500e+02,
3.658187255859375000e+02,
3.562125244140625000e+02,
3.790970153808593750e+02,
3.628110351562500000e+02,
3.672281799316406250e+02,
3.193269958496093750e+02,
3.163838500976562500e+02,
3.399815368652343750e+02,
3.455226440429687500e+02,
2.877803649902343750e+02,
3.481190795898437500e+02,
3.375171203613281250e+02,
3.629398498535156250e+02,
3.462279357910156250e+02,
3.904321899414062500e+02,
4.025070800781250000e+02,
3.965849304199218750e+02,
3.556264038085937500e+02,
3.518287658691406250e+02,
3.598018188476562500e+02,
3.714216918945312500e+02,
3.322354125976562500e+02,
3.571761169433593750e+02,
3.932257385253906250e+02,
3.566443786621093750e+02,
3.930649719238281250e+02,
3.674973144531250000e+02,
3.762260742187500000e+02,
3.351311035156250000e+02,
3.655668640136718750e+02,
3.442185363769531250e+02,
3.791872253417968750e+02,
3.286212158203125000e+02,
3.515085144042968750e+02,
3.280475463867187500e+02,
3.598103027343750000e+02,
3.283802185058593750e+02,
3.456221313476562500e+02,
3.334939575195312500e+02,
4.095672607421875000e+02,
4.507232971191406250e+02,
5.122350463867187500e+02,
5.128470458984375000e+02,
5.475449218750000000e+02,
6.248809814453125000e+02,
6.502068481445312500e+02,
5.926591186523437500e+02,
5.241431884765625000e+02,
4.552437133789062500e+02,
4.608619689941406250e+02,
3.864622497558593750e+02,
3.690395507812500000e+02,
3.675161132812500000e+02,
3.712071533203125000e+02,
3.803704223632812500e+02,
3.930122680664062500e+02,
4.530847473144531250e+02,
4.255936279296875000e+02,
4.482663574218750000e+02,
3.961582946777343750e+02,
5.005480957031250000e+02,
4.576002807617187500e+02,
4.017349853515625000e+02,
3.946027832031250000e+02,
3.658728027343750000e+02,
3.749743957519531250e+02,
3.423585510253906250e+02,
3.388423156738281250e+02,
3.943152770996093750e+02,
3.147382507324218750e+02,
2.872106628417968750e+02,
2.834810180664062500e+02,
2.886106262207031250e+02,
3.130502929687500000e+02,
3.062631835937500000e+02,
2.958534545898437500e+02,
2.996914672851562500e+02,
2.793945617675781250e+02,
2.998990173339843750e+02,
3.031613769531250000e+02,
3.109336853027343750e+02,
2.708027648925781250e+02,
3.175406799316406250e+02,
2.758952636718750000e+02,
3.797602539062500000e+02,
2.891463012695312500e+02,
3.536324768066406250e+02,
3.741286315917968750e+02,
2.984780883789062500e+02,
3.134498901367187500e+02,
3.235724182128906250e+02,
3.441643981933593750e+02,
3.016622619628906250e+02,
3.317296142578125000e+02,
2.766773681640625000e+02,
2.732174072265625000e+02,
2.836141967773437500e+02,
2.723462829589843750e+02,
2.770324401855468750e+02,
3.238482360839843750e+02,
2.916754150390625000e+02,
2.779912414550781250e+02,
2.688706359863281250e+02,
3.750431823730468750e+02,
2.671119079589843750e+02,
2.746798400878906250e+02,
3.333460998535156250e+02,
2.862250366210937500e+02,
2.854592895507812500e+02,
3.047522277832031250e+02,
2.770189514160156250e+02,
3.269291687011718750e+02,
2.697145080566406250e+02,
3.014255371093750000e+02,
2.892248535156250000e+02,
3.542659606933593750e+02,
2.938360290527343750e+02,
3.006202392578125000e+02,
2.978113098144531250e+02,
2.717849121093750000e+02,
2.705795898437500000e+02,
3.234921264648437500e+02,
2.835271301269531250e+02,
2.967147827148437500e+02,
2.812924499511718750e+02,
3.209435119628906250e+02,
2.802963256835937500e+02,
2.734600524902343750e+02,
2.994527282714843750e+02,
3.750476379394531250e+02,
2.763391723632812500e+02,
3.569438476562500000e+02,
2.972193298339843750e+02,
2.922047424316406250e+02,
3.168163757324218750e+02,
3.149599914550781250e+02,
2.794653625488281250e+02,
3.075518188476562500e+02,
3.166873474121093750e+02,
3.186813354492187500e+02,
3.152224731445312500e+02,
2.967699890136718750e+02,
2.725476684570312500e+02,
3.284928894042968750e+02,
3.598725585937500000e+02,
3.026095275878906250e+02,
2.852479553222656250e+02,
3.470770568847656250e+02,
2.734924926757812500e+02,
3.018501892089843750e+02,
3.109503784179687500e+02,
4.173763122558593750e+02,
3.274388427734375000e+02,
3.469931945800781250e+02,
3.534566955566406250e+02,
3.512705993652343750e+02,
3.313538513183593750e+02,
3.565945129394531250e+02,
3.400137023925781250e+02,
3.031788940429687500e+02,
2.915885009765625000e+02,
3.332534790039062500e+02,
3.416525573730468750e+02,
3.349752502441406250e+02,
3.255478820800781250e+02,
3.317314453125000000e+02,
2.877552795410156250e+02,
3.103655700683593750e+02,
3.229303894042968750e+02,
2.936677246093750000e+02,
3.137428283691406250e+02,
3.286636352539062500e+02,
3.294724426269531250e+02,
3.330643920898437500e+02,
3.162284545898437500e+02,
3.312563476562500000e+02,
3.084940185546875000e+02,
3.134239807128906250e+02,
4.019785461425781250e+02,
3.183322753906250000e+02,
3.120639953613281250e+02,
2.999717712402343750e+02,
3.117720947265625000e+02,
3.752168884277343750e+02,
4.192341308593750000e+02,
2.650074768066406250e+02,
3.476454162597656250e+02,
2.777153930664062500e+02,
2.880710754394531250e+02,
3.041348266601562500e+02,
3.196615295410156250e+02,
3.705471496582031250e+02,
3.524046630859375000e+02,
4.028842163085937500e+02,
4.349297790527343750e+02,
3.696012573242187500e+02,
3.848798828125000000e+02,
3.967095947265625000e+02,
4.853567810058593750e+02,
4.430188598632812500e+02,
4.222774047851562500e+02,
4.262738647460937500e+02,
4.113413696289062500e+02,
4.043624572753906250e+02,
3.957900390625000000e+02,
3.726610107421875000e+02,
4.308283081054687500e+02,
4.019416503906250000e+02,
4.080282897949218750e+02,
4.945627746582031250e+02,
5.889940795898437500e+02,
6.452485351562500000e+02,
6.584212646484375000e+02,
7.296474609375000000e+02,
7.038913574218750000e+02,
6.722801513671875000e+02,
6.454509887695312500e+02,
5.706130371093750000e+02,
5.650977783203125000e+02,
4.930922546386718750e+02,
4.594512634277343750e+02,
4.442471313476562500e+02,
3.444975891113281250e+02,
3.249971618652343750e+02,
3.793444519042968750e+02,
4.237441101074218750e+02,
3.804051513671875000e+02,
4.154986572265625000e+02,
4.147054138183593750e+02,
4.364010314941406250e+02,
4.639140014648437500e+02,
4.400333251953125000e+02,
4.698350830078125000e+02,
5.543806152343750000e+02,
5.759838256835937500e+02,
6.605291137695312500e+02,
7.607587890625000000e+02,
7.571331176757812500e+02,
7.376535644531250000e+02,
7.629348754882812500e+02,
6.788399047851562500e+02,
7.164630126953125000e+02,
5.926806640625000000e+02,
6.539675903320312500e+02,
6.154409790039062500e+02,
5.627902221679687500e+02,
5.735744628906250000e+02,
4.450236511230468750e+02,
3.608726501464843750e+02,
3.302208251953125000e+02,
3.414728088378906250e+02,
3.315569763183593750e+02,
3.888159484863281250e+02,
3.957953491210937500e+02,
3.332394409179687500e+02,
3.398821716308593750e+02,
3.794606628417968750e+02,
3.815160522460937500e+02,
2.946035156250000000e+02,
3.374572753906250000e+02,
3.156670532226562500e+02,
3.333209838867187500e+02,
3.353811950683593750e+02,
1.115051025390625000e+03,
1.164866333007812500e+03,
1.253651855468750000e+03,
1.212032958984375000e+03,
1.191006835937500000e+03,
1.229776977539062500e+03,
1.216949584960937500e+03,
1.224229125976562500e+03,
1.223006713867187500e+03,
1.247584594726562500e+03,
1.179658691406250000e+03,
1.144907226562500000e+03,
1.046782714843750000e+03,
9.265442504882812500e+02,
9.321584472656250000e+02,
1.003978393554687500e+03,
1.143218139648437500e+03,
1.384729125976562500e+03,
1.718302734375000000e+03,
1.919423461914062500e+03,
2.091011718750000000e+03,
2.187024902343750000e+03,
2.131167968750000000e+03,
1.961772949218750000e+03,
1.853501464843750000e+03,
1.742398071289062500e+03,
1.623862915039062500e+03,
1.489346679687500000e+03,
1.393178710937500000e+03,
1.329264160156250000e+03,
1.249459106445312500e+03,
1.128227539062500000e+03,
1.019681091308593750e+03,
9.809393310546875000e+02,
8.886690673828125000e+02,
8.990204467773437500e+02,
8.420613403320312500e+02,
8.405552368164062500e+02,
8.934338989257812500e+02,
9.466641845703125000e+02,
8.808582763671875000e+02,
9.707387695312500000e+02,
9.339058837890625000e+02,
9.749777832031250000e+02,
8.059436645507812500e+02,
7.451260986328125000e+02,
7.246793823242187500e+02,
6.720399169921875000e+02,
6.491276855468750000e+02,
5.783971557617187500e+02,
6.827657470703125000e+02,
5.215151977539062500e+02,
5.471058959960937500e+02,
5.235575561523437500e+02,
4.974760131835937500e+02,
4.901513366699218750e+02,
5.808610839843750000e+02,
4.881630859375000000e+02,
4.942844238281250000e+02,
4.589157714843750000e+02,
4.474462890625000000e+02,
4.686499328613281250e+02,
4.002602539062500000e+02,
4.233606872558593750e+02,
4.551422424316406250e+02,
3.364373168945312500e+02,
3.676302490234375000e+02,
3.503611755371093750e+02,
3.461063232421875000e+02,
3.871074218750000000e+02,
4.346005554199218750e+02,
4.586357116699218750e+02,
5.327189941406250000e+02,
6.985132446289062500e+02,
6.844116821289062500e+02,
7.247882690429687500e+02,
7.023347778320312500e+02,
6.234246215820312500e+02,
6.107155761718750000e+02,
5.229727172851562500e+02,
5.216463623046875000e+02,
4.828914794921875000e+02,
5.003885192871093750e+02,
4.602240295410156250e+02,
4.405412597656250000e+02,
4.428965148925781250e+02,
4.274945373535156250e+02,
4.345485229492187500e+02,
3.564300537109375000e+02,
3.307274780273437500e+02,
3.543744812011718750e+02,
3.601600341796875000e+02,
3.596077880859375000e+02,
3.804725952148437500e+02,
3.979776306152343750e+02,
3.714098815917968750e+02,
3.891764221191406250e+02,
3.924160766601562500e+02,
3.903932189941406250e+02,
4.105539550781250000e+02,
3.762119445800781250e+02,
3.840195617675781250e+02,
3.736245422363281250e+02,
3.637220153808593750e+02,
3.809999389648437500e+02,
3.485262756347656250e+02,
3.876166076660156250e+02,
3.836108093261718750e+02,
3.678061828613281250e+02,
4.141755981445312500e+02,
4.161209411621093750e+02,
3.717632751464843750e+02,
4.403970642089843750e+02,
3.680619812011718750e+02,
3.764813537597656250e+02,
3.706616210937500000e+02,
4.188341064453125000e+02,
3.819737548828125000e+02,
3.844372558593750000e+02,
4.327839050292968750e+02,
3.857495117187500000e+02,
3.796700439453125000e+02,
3.754804687500000000e+02,
3.668661193847656250e+02,
3.349338684082031250e+02,
3.434305725097656250e+02,
3.565324096679687500e+02,
4.614141845703125000e+02,
3.618389282226562500e+02,
4.181142578125000000e+02,
3.528351440429687500e+02,
4.492043457031250000e+02,
4.206565551757812500e+02,
3.709183959960937500e+02,
4.178355102539062500e+02,
4.083626098632812500e+02,
4.060909118652343750e+02,
3.503631896972656250e+02,
4.288473510742187500e+02,
5.219011840820312500e+02,
6.227547607421875000e+02,
6.900827636718750000e+02,
6.687004394531250000e+02,
6.456836547851562500e+02,
5.781022338867187500e+02,
4.568997192382812500e+02,
3.998684082031250000e+02,
4.389040222167968750e+02,
4.536355895996093750e+02,
4.374482421875000000e+02,
4.099152526855468750e+02,
4.108677673339843750e+02,
4.051232604980468750e+02,
3.633988647460937500e+02,
3.391277770996093750e+02,
3.292751464843750000e+02,
3.037971496582031250e+02,
3.646806030273437500e+02,
3.168207092285156250e+02,
2.854961547851562500e+02,
2.776576843261718750e+02,
3.137341918945312500e+02,
3.482581481933593750e+02,
3.084691162109375000e+02,
2.780762329101562500e+02,
3.385322875976562500e+02,
3.022774047851562500e+02,
2.978720397949218750e+02,
3.255232849121093750e+02,
3.122285461425781250e+02,
3.415920410156250000e+02,
2.862744750976562500e+02,
2.858305969238281250e+02,
2.845074768066406250e+02,
2.703702392578125000e+02,
3.030808105468750000e+02,
2.696657714843750000e+02,
2.735227661132812500e+02,
2.986047058105468750e+02,
2.724034729003906250e+02,
2.523022460937500000e+02,
2.898828735351562500e+02,
2.929458312988281250e+02,
3.347283935546875000e+02,
2.957997741699218750e+02,
3.312024536132812500e+02,
3.286529846191406250e+02,
3.289530029296875000e+02,
3.998718261718750000e+02,
2.981465759277343750e+02,
3.719057312011718750e+02,
3.635621948242187500e+02,
3.026434326171875000e+02,
3.201969909667968750e+02,
3.807090759277343750e+02,
3.675795898437500000e+02,
3.885008239746093750e+02,
3.396556396484375000e+02,
3.050184020996093750e+02,
3.540741577148437500e+02,
3.389291687011718750e+02,
2.927449340820312500e+02,
3.024161376953125000e+02,
3.254675903320312500e+02,
3.219281616210937500e+02,
3.763312072753906250e+02,
3.307406005859375000e+02,
3.537398376464843750e+02,
3.354132995605468750e+02,
3.483665466308593750e+02,
3.521121215820312500e+02,
3.305092163085937500e+02,
3.513725585937500000e+02,
3.087198181152343750e+02,
3.718598632812500000e+02,
3.756409912109375000e+02,
4.216217956542968750e+02,
3.980898132324218750e+02,
5.206464233398437500e+02,
4.733842468261718750e+02,
4.305594787597656250e+02,
4.600966186523437500e+02,
4.748932189941406250e+02,
5.225378417968750000e+02,
6.808721923828125000e+02,
7.351693725585937500e+02,
7.117761840820312500e+02,
6.324361572265625000e+02,
6.812932739257812500e+02,
6.261521606445312500e+02,
4.862203674316406250e+02,
4.257430725097656250e+02,
4.178753356933593750e+02,
4.416720886230468750e+02,
4.691727905273437500e+02,
5.423327636718750000e+02,
6.470239257812500000e+02,
6.835221557617187500e+02,
7.236925659179687500e+02,
7.202997436523437500e+02,
7.336788940429687500e+02,
7.152302856445312500e+02,
6.340828857421875000e+02,
5.311849365234375000e+02,
4.468417358398437500e+02,
3.846479492187500000e+02,
3.743221435546875000e+02,
3.980551757812500000e+02,
3.813009338378906250e+02,
4.012522888183593750e+02,
1.297326416015625000e+03,
1.284593994140625000e+03,
1.265399291992187500e+03,
1.333627929687500000e+03,
1.378489746093750000e+03,
1.314048950195312500e+03,
1.262790405273437500e+03,
1.200797119140625000e+03,
1.022409240722656250e+03,
1.170540649414062500e+03,
1.437534301757812500e+03,
1.683163818359375000e+03,
1.949716674804687500e+03,
2.105975097656250000e+03,
2.186654052734375000e+03,
2.109577148437500000e+03,
1.859535156250000000e+03,
1.696888427734375000e+03,
1.543744750976562500e+03,
1.423834838867187500e+03,
1.296917846679687500e+03,
1.183491943359375000e+03,
1.102078125000000000e+03,
1.048007324218750000e+03,
9.694733886718750000e+02,
1.000137145996093750e+03,
9.912199707031250000e+02,
1.073032592773437500e+03,
9.302213745117187500e+02,
8.665977783203125000e+02,
8.087078247070312500e+02,
6.735873413085937500e+02,
7.172277221679687500e+02,
6.238630981445312500e+02,
5.781527099609375000e+02,
5.413553466796875000e+02,
5.229556274414062500e+02,
5.556064453125000000e+02,
5.765587158203125000e+02,
4.802389831542968750e+02,
4.846376342773437500e+02,
4.212215576171875000e+02,
3.586592407226562500e+02,
4.119556274414062500e+02,
3.760391845703125000e+02,
3.757236328125000000e+02,
4.797294311523437500e+02,
6.022798461914062500e+02,
6.547612915039062500e+02,
7.042354736328125000e+02,
7.059619140625000000e+02,
6.657581787109375000e+02,
6.082006225585937500e+02,
5.467569580078125000e+02,
4.904494628906250000e+02,
5.224240112304687500e+02,
4.409043273925781250e+02,
4.030035400390625000e+02,
3.643388366699218750e+02,
4.098853149414062500e+02,
3.975741577148437500e+02,
4.078697814941406250e+02,
4.331490783691406250e+02,
4.692970275878906250e+02,
4.469561767578125000e+02,
4.460990905761718750e+02,
4.841616210937500000e+02,
4.049920959472656250e+02,
5.252196044921875000e+02,
4.161272888183593750e+02,
4.122879028320312500e+02,
4.502559204101562500e+02,
4.061456909179687500e+02,
4.095803527832031250e+02,
4.269207153320312500e+02,
4.069704589843750000e+02,
4.548991699218750000e+02,
4.287095947265625000e+02,
4.716945495605468750e+02,
5.073829650878906250e+02,
4.257083740234375000e+02,
3.747971801757812500e+02,
3.969400939941406250e+02,
3.988995361328125000e+02,
4.484758911132812500e+02,
4.141118164062500000e+02,
4.352157287597656250e+02,
4.496747741699218750e+02,
3.954536437988281250e+02,
3.824505004882812500e+02,
4.350575561523437500e+02,
5.216851196289062500e+02,
5.920090332031250000e+02,
7.521192626953125000e+02,
7.032529907226562500e+02,
6.459622192382812500e+02,
5.641909790039062500e+02,
4.591336669921875000e+02,
4.404776611328125000e+02,
4.406757812500000000e+02,
3.828883056640625000e+02,
3.809452209472656250e+02,
3.704927978515625000e+02,
4.071896667480468750e+02,
2.976963195800781250e+02,
3.111227416992187500e+02,
3.361804504394531250e+02,
3.224002685546875000e+02,
3.293540649414062500e+02,
3.289132385253906250e+02,
2.892370300292968750e+02,
3.254361877441406250e+02,
2.916245117187500000e+02,
3.040274963378906250e+02,
2.755449829101562500e+02,
3.494996337890625000e+02,
3.213383483886718750e+02,
2.894013977050781250e+02,
3.056026000976562500e+02,
2.864736633300781250e+02,
2.733543395996093750e+02,
3.073677368164062500e+02,
3.047699279785156250e+02,
2.894232788085937500e+02,
3.114068603515625000e+02,
3.490795898437500000e+02,
3.523995666503906250e+02,
3.645470581054687500e+02,
4.005340576171875000e+02,
3.769753723144531250e+02,
3.730259094238281250e+02,
3.506165771484375000e+02,
3.515176696777343750e+02,
3.367583312988281250e+02,
3.592298278808593750e+02,
4.338393249511718750e+02,
3.892998046875000000e+02,
3.975001525878906250e+02,
3.432819519042968750e+02,
3.329862060546875000e+02,
3.372460632324218750e+02,
3.393219604492187500e+02,
3.972911682128906250e+02,
4.551027832031250000e+02,
4.873628540039062500e+02,
4.874627685546875000e+02,
4.563652648925781250e+02,
5.419251098632812500e+02,
6.793571777343750000e+02,
7.181743774414062500e+02,
7.157389526367187500e+02,
6.507124633789062500e+02,
6.240894775390625000e+02,
5.031035461425781250e+02,
4.709494934082031250e+02,
5.155615844726562500e+02,
6.220787353515625000e+02,
6.522232666015625000e+02,
7.180075683593750000e+02,
7.652877197265625000e+02,
7.243959350585937500e+02,
7.117976684570312500e+02,
5.407231445312500000e+02,
4.489856567382812500e+02,
4.153068237304687500e+02,
