1.030761840820312500e+03,
1.111825439453125000e+03,
1.021178405761718750e+03,
9.595288085937500000e+02,
8.763392333984375000e+02,
8.627791137695312500e+02,
7.928772583007812500e+02,
8.186539916992187500e+02,
8.113371582031250000e+02,
8.157722167968750000e+02,
7.892608032226562500e+02,
7.946380004882812500e+02,
7.480554809570312500e+02,
7.312233276367187500e+02,
7.248606567382812500e+02,
7.176842651367187500e+02,
6.802597045898437500e+02,
6.845771484375000000e+02,
6.562946777343750000e+02,
6.049215698242187500e+02,
6.266730346679687500e+02,
6.964464721679687500e+02,
7.066539916992187500e+02,
6.969202880859375000e+02,
7.079739379882812500e+02,
7.257589111328125000e+02,
7.006351318359375000e+02,
7.174868164062500000e+02,
6.496322631835937500e+02,
6.926835327148437500e+02,
6.682620849609375000e+02,
6.981395263671875000e+02,
7.153757934570312500e+02,
8.072819824218750000e+02,
8.518314819335937500e+02,
8.451417846679687500e+02,
8.756798706054687500e+02,
8.800286254882812500e+02,
9.536626586914062500e+02,
8.779713745117187500e+02,
9.046952514648437500e+02,
9.235075073242187500e+02,
9.355542602539062500e+02,
9.057783203125000000e+02,
9.309373779296875000e+02,
8.775867919921875000e+02,
8.986938476562500000e+02,
8.457323608398437500e+02,
7.803714599609375000e+02,
8.022908325195312500e+02,
7.204019775390625000e+02,
6.508378295898437500e+02,
6.724880981445312500e+02,
6.703510131835937500e+02,
6.233478393554687500e+02,
6.214254760742187500e+02,
6.729389648437500000e+02,
6.376177978515625000e+02,
6.239872436523437500e+02,
5.942945556640625000e+02,
5.861420898437500000e+02,
6.064058837890625000e+02,
6.322814941406250000e+02,
6.444862060546875000e+02,
6.172394409179687500e+02,
6.528130493164062500e+02,
6.917033691406250000e+02,
6.141855468750000000e+02,
5.986508178710937500e+02,
6.431588745117187500e+02,
6.216015014648437500e+02,
5.991556396484375000e+02,
6.121569213867187500e+02,
5.954271850585937500e+02,
5.975405883789062500e+02,
6.055595092773437500e+02,
5.491902465820312500e+02,
5.922651977539062500e+02,
5.935276489257812500e+02,
5.887064819335937500e+02,
5.861339111328125000e+02,
6.407167358398437500e+02,
5.800952758789062500e+02,
6.109392089843750000e+02,
5.899163818359375000e+02,
5.876788330078125000e+02,
6.165772094726562500e+02,
5.729649658203125000e+02,
5.821748046875000000e+02,
6.053580932617187500e+02,
6.451158447265625000e+02,
6.262366333007812500e+02,
6.965275878906250000e+02,
7.982332153320312500e+02,
7.963956298828125000e+02,
7.514568481445312500e+02,
7.502622070312500000e+02,
8.351130371093750000e+02,
8.018408203125000000e+02,
7.365061035156250000e+02,
7.177389526367187500e+02,
7.105461425781250000e+02,
8.504318237304687500e+02,
1.002621948242187500e+03,
1.121469848632812500e+03,
1.223300292968750000e+03,
1.265996459960937500e+03,
1.266711181640625000e+03,
1.184226684570312500e+03,
1.127743530273437500e+03,
1.052297241210937500e+03,
9.678849487304687500e+02,
9.836717529296875000e+02,
9.534914550781250000e+02,
9.409590454101562500e+02,
1.012009460449218750e+03,
1.001240234375000000e+03,
1.000255798339843750e+03,
9.971493530273437500e+02,
9.598547973632812500e+02,
9.359873657226562500e+02,
9.127861328125000000e+02,
7.800393676757812500e+02,
7.636464233398437500e+02,
7.521985473632812500e+02,
7.464183959960937500e+02,
7.228931274414062500e+02,
7.508540649414062500e+02,
6.247555541992187500e+02,
6.595166625976562500e+02,
6.952979125976562500e+02,
7.545207519531250000e+02,
7.657914428710937500e+02,
7.524756469726562500e+02,
6.982773437500000000e+02,
6.636500244140625000e+02,
7.059736328125000000e+02,
6.667151489257812500e+02,
6.455108642578125000e+02,
6.014667968750000000e+02,
5.898512573242187500e+02,
5.755127563476562500e+02,
5.868721923828125000e+02,
6.237822265625000000e+02,
6.657102661132812500e+02,
7.312235107421875000e+02,
6.725264282226562500e+02,
6.897846679687500000e+02,
7.300565185546875000e+02,
7.412761840820312500e+02,
7.536921997070312500e+02,
7.241278686523437500e+02,
6.982185058593750000e+02,
7.023731689453125000e+02,
7.151541137695312500e+02,
6.513739013671875000e+02,
6.413684692382812500e+02,
6.513261718750000000e+02,
6.459100341796875000e+02,
6.316850585937500000e+02,
6.156497802734375000e+02,
6.489937744140625000e+02,
6.180360107421875000e+02,
6.172990112304687500e+02,
6.319104614257812500e+02,
6.213646240234375000e+02,
6.231680908203125000e+02,
6.085074462890625000e+02,
6.582051391601562500e+02,
6.093644409179687500e+02,
5.901069335937500000e+02,
5.774573364257812500e+02,
9.959757080078125000e+02,
1.014557617187500000e+03,
9.546809082031250000e+02,
8.970099487304687500e+02,
8.442573242187500000e+02,
8.705142822265625000e+02,
7.189125976562500000e+02,
7.440139770507812500e+02,
7.466157226562500000e+02,
7.117932739257812500e+02,
6.715390625000000000e+02,
7.242629394531250000e+02,
7.321376342773437500e+02,
7.482981567382812500e+02,
7.869381103515625000e+02,
8.524739990234375000e+02,
9.089979858398437500e+02,
8.854599609375000000e+02,
9.547786865234375000e+02,
9.744359741210937500e+02,
9.800104370117187500e+02,
9.557086181640625000e+02,
9.017791748046875000e+02,
9.205659790039062500e+02,
8.050426635742187500e+02,
7.028565063476562500e+02,
7.191596679687500000e+02,
6.610446166992187500e+02,
6.508439941406250000e+02,
6.728905639648437500e+02,
6.505216674804687500e+02,
6.668736572265625000e+02,
6.834268798828125000e+02,
7.981655273437500000e+02,
6.929328002929687500e+02,
6.492459106445312500e+02,
6.527999877929687500e+02,
6.392753295898437500e+02,
6.047300415039062500e+02,
5.994196166992187500e+02,
5.932556152343750000e+02,
6.740628051757812500e+02,
6.349055175781250000e+02,
6.450898437500000000e+02,
7.330870971679687500e+02,
7.922493286132812500e+02,
8.295018310546875000e+02,
8.587428588867187500e+02,
9.066810302734375000e+02,
1.025308837890625000e+03,
1.171790527343750000e+03,
1.379454101562500000e+03,
1.380703857421875000e+03,
1.474278686523437500e+03,
1.463550048828125000e+03,
1.283583007812500000e+03,
1.312890991210937500e+03,
1.243515747070312500e+03,
1.175069946289062500e+03,
1.115539062500000000e+03,
1.125482788085937500e+03,
9.064843750000000000e+02,
8.381246948242187500e+02,
8.420892944335937500e+02,
8.621881713867187500e+02,
8.500473022460937500e+02,
7.906117553710937500e+02,
7.313324584960937500e+02,
7.063939819335937500e+02,
6.689995727539062500e+02,
6.678702392578125000e+02,
6.908709716796875000e+02,
7.460007934570312500e+02,
7.453026123046875000e+02,
7.811339721679687500e+02,
7.396859130859375000e+02,
7.621583862304687500e+02,
6.964708251953125000e+02,
7.151984863281250000e+02,
7.383800048828125000e+02,
6.408735351562500000e+02,
6.660733642578125000e+02,
6.632396240234375000e+02,
6.639088745117187500e+02,
1.003808776855468750e+03,
1.000151184082031250e+03,
9.757003173828125000e+02,
8.820018920898437500e+02,
7.613372802734375000e+02,
7.786447753906250000e+02,
7.998414916992187500e+02,
7.738002929687500000e+02,
8.249364013671875000e+02,
8.856398315429687500e+02,
9.503499755859375000e+02,
1.001160034179687500e+03,
1.006903198242187500e+03,
9.788695678710937500e+02,
9.355242309570312500e+02,
8.788065795898437500e+02,
8.258206787109375000e+02,
7.346033325195312500e+02,
6.992344970703125000e+02,
7.193985595703125000e+02,
7.143234252929687500e+02,
7.268889160156250000e+02,
7.044442749023437500e+02,
6.632500000000000000e+02,
6.881995239257812500e+02,
6.637337036132812500e+02,
6.249227294921875000e+02,
6.645001220703125000e+02,
7.372048339843750000e+02,
8.191940307617187500e+02,
8.793000488281250000e+02,
1.049850219726562500e+03,
1.254044433593750000e+03,
1.415506469726562500e+03,
1.507378906250000000e+03,
1.552974243164062500e+03,
1.529242675781250000e+03,
1.375497924804687500e+03,
1.316711059570312500e+03,
1.181873413085937500e+03,
1.110462280273437500e+03,
1.015979370117187500e+03,
1.059172241210937500e+03,
9.264877319335937500e+02,
8.254375000000000000e+02,
8.114815063476562500e+02,
8.135719604492187500e+02,
7.861393432617187500e+02,
7.740524902343750000e+02,
7.929855346679687500e+02,
7.862375488281250000e+02,
7.755219726562500000e+02,
7.259406127929687500e+02,
6.859653930664062500e+02,
6.998446655273437500e+02,
