9.226752929687500000e+02,
8.898321533203125000e+02,
9.169843750000000000e+02,
8.897597045898437500e+02,
8.285859985351562500e+02,
8.540089721679687500e+02,
8.506789550781250000e+02,
8.871593017578125000e+02,
9.367910156250000000e+02,
9.137966308593750000e+02,
9.440660400390625000e+02,
1.012013732910156250e+03,
8.840083007812500000e+02,
8.839458007812500000e+02,
9.182874755859375000e+02,
8.922343139648437500e+02,
8.590264892578125000e+02,
8.543114013671875000e+02,
8.765980834960937500e+02,
8.334733276367187500e+02,
8.908822631835937500e+02,
8.568393554687500000e+02,
8.479117431640625000e+02,
8.514727172851562500e+02,
8.801738281250000000e+02,
8.626132812500000000e+02,
8.666134033203125000e+02,
8.660441894531250000e+02,
8.776208496093750000e+02,
9.014039916992187500e+02,
8.384031982421875000e+02,
8.759118652343750000e+02,
8.129417724609375000e+02,
8.483973388671875000e+02,
8.306115112304687500e+02,
8.069921875000000000e+02,
8.643643188476562500e+02,
7.921074218750000000e+02,
8.662948608398437500e+02,
8.048728027343750000e+02,
8.073964843750000000e+02,
8.278724365234375000e+02,
7.764188842773437500e+02,
7.795637817382812500e+02,
8.141629028320312500e+02,
8.714738159179687500e+02,
8.391030883789062500e+02,
8.851463012695312500e+02,
8.449014282226562500e+02,
9.213433837890625000e+02,
9.216169433593750000e+02,
8.851031494140625000e+02,
9.523467407226562500e+02,
9.132369384765625000e+02,
8.839867553710937500e+02,
8.643832397460937500e+02,
8.854355468750000000e+02,
9.039476318359375000e+02,
8.492896728515625000e+02,
8.476450805664062500e+02,
8.312619018554687500e+02,
8.493046875000000000e+02,
8.247195434570312500e+02,
8.639619140625000000e+02,
9.686110229492187500e+02,
9.650194702148437500e+02,
8.725078735351562500e+02,
8.873566284179687500e+02,
8.740258789062500000e+02,
8.732229614257812500e+02,
8.937084350585937500e+02,
9.511073608398437500e+02,
8.860796508789062500e+02,
9.182803955078125000e+02,
9.194830932617187500e+02,
8.776850585937500000e+02,
9.120391235351562500e+02,
9.290941162109375000e+02,
9.240104370117187500e+02,
9.472604980468750000e+02,
9.684838256835937500e+02,
9.610430297851562500e+02,
9.529171752929687500e+02,
9.362841186523437500e+02,
1.011711486816406250e+03,
1.206598876953125000e+03,
1.222800292968750000e+03,
1.360290405273437500e+03,
1.463921875000000000e+03,
1.518284667968750000e+03,
1.588290527343750000e+03,
1.656648315429687500e+03,
1.698404296875000000e+03,
1.783795898437500000e+03,
1.729026123046875000e+03,
1.690871948242187500e+03,
1.692493530273437500e+03,
1.681025146484375000e+03,
1.680594238281250000e+03,
1.647599121093750000e+03,
1.779509399414062500e+03,
1.740695434570312500e+03,
1.698070190429687500e+03,
1.737510375976562500e+03,
1.661853637695312500e+03,
1.708884033203125000e+03,
1.710271240234375000e+03,
1.615485839843750000e+03,
1.648694091796875000e+03,
1.574780883789062500e+03,
1.583593994140625000e+03,
1.560374633789062500e+03,
1.538087768554687500e+03,
1.468872802734375000e+03,
1.522244873046875000e+03,
1.480820556640625000e+03,
1.441624511718750000e+03,
1.551238647460937500e+03,
9.718421020507812500e+02,
9.687990722656250000e+02,
1.051447265625000000e+03,
9.778917846679687500e+02,
9.985541381835937500e+02,
9.828291015625000000e+02,
9.334543457031250000e+02,
9.601981201171875000e+02,
9.758502197265625000e+02,
9.535112915039062500e+02,
9.278136596679687500e+02,
9.609283447265625000e+02,
9.508874511718750000e+02,
9.625914306640625000e+02,
9.708562622070312500e+02,
8.976245727539062500e+02,
9.490130615234375000e+02,
9.224372558593750000e+02,
8.453297119140625000e+02,
8.651857910156250000e+02,
9.236911010742187500e+02,
8.481808471679687500e+02,
9.189086303710937500e+02,
9.557438964843750000e+02,
9.621842041015625000e+02,
9.757696533203125000e+02,
9.506101074218750000e+02,
9.086202392578125000e+02,
9.757736816406250000e+02,
9.604268798828125000e+02,
8.742824096679687500e+02,
9.232645874023437500e+02,
9.455627441406250000e+02,
9.609266357421875000e+02,
9.166099243164062500e+02,
9.493239135742187500e+02,
9.395253906250000000e+02,
1.072865722656250000e+03,
1.015481384277343750e+03,
1.064439941406250000e+03,
1.120375000000000000e+03,
1.251245605468750000e+03,
1.415683715820312500e+03,
1.622162841796875000e+03,
1.770595214843750000e+03,
1.908988769531250000e+03,
1.979106689453125000e+03,
1.915660766601562500e+03,
1.849135986328125000e+03,
1.876385009765625000e+03,
1.919181640625000000e+03,
1.871048095703125000e+03,
1.769651611328125000e+03,
1.766312988281250000e+03,
1.721537719726562500e+03,
1.718496948242187500e+03,
1.677266479492187500e+03,
1.054220336914062500e+03,
1.036458984375000000e+03,
1.032861816406250000e+03,
1.034144287109375000e+03,
1.040698730468750000e+03,
1.005941284179687500e+03,
9.786903686523437500e+02,
1.013286743164062500e+03,
1.035809326171875000e+03,
9.908922119140625000e+02,
1.036895507812500000e+03,
9.865488281250000000e+02,
1.025353881835937500e+03,
1.012578002929687500e+03,
1.015142456054687500e+03,
1.027482055664062500e+03,
9.995335693359375000e+02,
1.008026245117187500e+03,
1.033174804687500000e+03,
9.517904052734375000e+02,
9.844450683593750000e+02,
9.921787719726562500e+02,
9.764372558593750000e+02,
1.061661743164062500e+03,
1.048716308593750000e+03,
1.163299438476562500e+03,
1.340487426757812500e+03,
1.536457153320312500e+03,
1.748892700195312500e+03,
1.992498413085937500e+03,
2.131283691406250000e+03,
2.111798583984375000e+03,
2.035046264648437500e+03,
2.025772338867187500e+03,
1.970139038085937500e+03,
1.931235351562500000e+03,
1.916848754882812500e+03,
