3.878124084472656250e+02,
4.094835510253906250e+02,
4.081855773925781250e+02,
3.944347534179687500e+02,
3.443645629882812500e+02,
3.814452514648437500e+02,
3.756386718750000000e+02,
3.760710449218750000e+02,
4.026965942382812500e+02,
3.772153015136718750e+02,
3.886918334960937500e+02,
4.340270996093750000e+02,
3.899912719726562500e+02,
3.738495788574218750e+02,
3.816297912597656250e+02,
3.563559875488281250e+02,
4.183147583007812500e+02,
3.569486694335937500e+02,
3.137301635742187500e+02,
3.720836486816406250e+02,
3.343226623535156250e+02,
3.896121826171875000e+02,
3.787509765625000000e+02,
3.521505432128906250e+02,
4.321521301269531250e+02,
3.887304382324218750e+02,
3.571038208007812500e+02,
3.589276428222656250e+02,
3.703846435546875000e+02,
3.790347290039062500e+02,
4.270489196777343750e+02,
3.848737182617187500e+02,
3.881483764648437500e+02,
3.700616455078125000e+02,
3.700043945312500000e+02,
3.681048278808593750e+02,
3.524766845703125000e+02,
4.333573608398437500e+02,
3.983278503417968750e+02,
3.751716613769531250e+02,
4.049718017578125000e+02,
4.056705322265625000e+02,
4.078195190429687500e+02,
3.872682189941406250e+02,
3.824323425292968750e+02,
3.888560180664062500e+02,
3.538897094726562500e+02,
3.410000305175781250e+02,
3.965165405273437500e+02,
3.919756164550781250e+02,
3.930537109375000000e+02,
4.201079101562500000e+02,
3.600985717773437500e+02,
3.184881286621093750e+02,
3.395110168457031250e+02,
3.437683410644531250e+02,
3.498512573242187500e+02,
3.434291076660156250e+02,
3.464390258789062500e+02,
3.342460327148437500e+02,
3.667099609375000000e+02,
3.273602294921875000e+02,
3.325526733398437500e+02,
3.939089965820312500e+02,
4.145328979492187500e+02,
3.209054260253906250e+02,
3.144054870605468750e+02,
3.573108520507812500e+02,
3.598636169433593750e+02,
3.677127990722656250e+02,
4.331036987304687500e+02,
3.241185607910156250e+02,
3.473708801269531250e+02,
3.330691528320312500e+02,
3.344371337890625000e+02,
3.807108459472656250e+02,
5.050168151855468750e+02,
4.560801696777343750e+02,
4.862039184570312500e+02,
5.234242553710937500e+02,
5.441528930664062500e+02,
5.266998291015625000e+02,
5.213449707031250000e+02,
5.000885314941406250e+02,
5.044752807617187500e+02,
5.143132324218750000e+02,
4.976228332519531250e+02,
4.713436889648437500e+02,
4.328692626953125000e+02,
4.398258361816406250e+02,
4.628009643554687500e+02,
4.831348571777343750e+02,
4.566401367187500000e+02,
3.801048583984375000e+02,
3.880363464355468750e+02,
4.710000000000000000e+02,
3.850606994628906250e+02,
3.909616394042968750e+02,
3.950721435546875000e+02,
4.027418212890625000e+02,
3.716181945800781250e+02,
3.833287353515625000e+02,
3.943522644042968750e+02,
3.891160583496093750e+02,
3.862315368652343750e+02,
3.772505187988281250e+02,
4.419166564941406250e+02,
3.651201477050781250e+02,
3.795410461425781250e+02,
3.502811889648437500e+02,
3.604709167480468750e+02,
3.934089660644531250e+02,
3.899662475585937500e+02,
3.743933105468750000e+02,
3.965810852050781250e+02,
3.512538146972656250e+02,
3.663179016113281250e+02,
3.830702514648437500e+02,
3.898476867675781250e+02,
3.844006652832031250e+02,
4.372404785156250000e+02,
3.566791076660156250e+02,
4.310278625488281250e+02,
4.175130615234375000e+02,
4.046941833496093750e+02,
3.996948242187500000e+02,
4.409140014648437500e+02,
3.752573547363281250e+02,
3.830842285156250000e+02,
3.627855529785156250e+02,
3.780534362792968750e+02,
4.686677856445312500e+02,
3.915968017578125000e+02,
3.763182373046875000e+02,
3.703707275390625000e+02,
3.840742797851562500e+02,
3.999959411621093750e+02,
3.621156616210937500e+02,
3.836199645996093750e+02,
3.774256591796875000e+02,
3.978350219726562500e+02,
4.075517883300781250e+02,
3.773279418945312500e+02,
3.845863037109375000e+02,
3.994141540527343750e+02,
3.384804382324218750e+02,
3.399295959472656250e+02,
3.714981384277343750e+02,
3.541960144042968750e+02,
4.182052001953125000e+02,
3.624446411132812500e+02,
3.871378784179687500e+02,
3.903190612792968750e+02,
3.865314331054687500e+02,
3.762283020019531250e+02,
3.598640136718750000e+02,
3.652826538085937500e+02,
3.745039978027343750e+02,
3.590402832031250000e+02,
3.426845397949218750e+02,
4.386430664062500000e+02,
3.749361877441406250e+02,
3.593085937500000000e+02,
3.658405761718750000e+02,
3.679296569824218750e+02,
4.005213928222656250e+02,
3.481325378417968750e+02,
3.356044921875000000e+02,
3.299889221191406250e+02,
3.469261474609375000e+02,
3.504418029785156250e+02,
3.186456909179687500e+02,
3.444157409667968750e+02,
3.192436523437500000e+02,
3.251542053222656250e+02,
3.337355041503906250e+02,
3.496278686523437500e+02,
3.220272521972656250e+02,
2.912667846679687500e+02,
3.117820434570312500e+02,
3.421931762695312500e+02,
3.360844726562500000e+02,
3.427574157714843750e+02,
3.353159790039062500e+02,
3.553796081542968750e+02,
3.393166198730468750e+02,
3.787691955566406250e+02,
3.529083251953125000e+02,
3.489197082519531250e+02,
3.221206970214843750e+02,
3.654099426269531250e+02,
3.538635864257812500e+02,
3.497792053222656250e+02,
3.620164184570312500e+02,
3.184485168457031250e+02,
3.372004394531250000e+02,
3.431377563476562500e+02,
3.618915405273437500e+02,
3.658008117675781250e+02,
3.634120788574218750e+02,
3.226730346679687500e+02,
3.698326416015625000e+02,
3.162557678222656250e+02,
3.653654785156250000e+02,
3.336046447753906250e+02,
3.357339782714843750e+02,
3.940624694824218750e+02,
3.541244506835937500e+02,
3.378944396972656250e+02,
3.079547424316406250e+02,
3.473413696289062500e+02,
3.601041564941406250e+02,
3.534927062988281250e+02,
3.365525817871093750e+02,
3.031538085937500000e+02,
3.593501281738281250e+02,
3.257698669433593750e+02,
3.526977233886718750e+02,
3.206478271484375000e+02,
3.593359985351562500e+02,
4.098038330078125000e+02,
3.013492126464843750e+02,
3.584063415527343750e+02,
3.508226318359375000e+02,
3.118404235839843750e+02,
3.144292297363281250e+02,
3.314099426269531250e+02,
3.098162231445312500e+02,
3.628949890136718750e+02,
3.192961425781250000e+02,
3.686588134765625000e+02,
3.179591064453125000e+02,
3.832225341796875000e+02,
3.325748291015625000e+02,
3.394402465820312500e+02,
3.423385314941406250e+02,
3.701650085449218750e+02,
3.303120422363281250e+02,
3.616661376953125000e+02,
3.704500427246093750e+02,
3.126503295898437500e+02,
3.559114379882812500e+02,
3.640552673339843750e+02,
3.685936889648437500e+02,
3.725483703613281250e+02,
3.685921630859375000e+02,
3.619153442382812500e+02,
3.538330993652343750e+02,
3.728684692382812500e+02,
3.658706359863281250e+02,
4.216449584960937500e+02,
4.771758728027343750e+02,
3.410476379394531250e+02,
3.658734741210937500e+02,
3.602566833496093750e+02,
3.505690307617187500e+02,
3.568644409179687500e+02,
3.483691711425781250e+02,
3.928386840820312500e+02,
3.448901672363281250e+02,
3.473198547363281250e+02,
3.141046752929687500e+02,
3.100563049316406250e+02,
2.879915161132812500e+02,
3.112910156250000000e+02,
3.211778564453125000e+02,
3.183254089355468750e+02,
3.911116943359375000e+02,
3.040021972656250000e+02,
3.150569763183593750e+02,
3.245831909179687500e+02,
3.366430664062500000e+02,
3.526109008789062500e+02,
3.288076782226562500e+02,
3.539560852050781250e+02,
2.938811340332031250e+02,
3.267227172851562500e+02,
3.440038146972656250e+02,
3.168307800292968750e+02,
3.297918395996093750e+02,
3.249851074218750000e+02,
3.337809448242187500e+02,
3.575529479980468750e+02,
3.114670715332031250e+02,
3.370892639160156250e+02,
3.507023620605468750e+02,
3.271136474609375000e+02,
3.393421325683593750e+02,
2.943296813964843750e+02,
3.215477294921875000e+02,
3.252295837402343750e+02,
3.550924072265625000e+02,
3.590031738281250000e+02,
3.763097839355468750e+02,
3.357273254394531250e+02,
3.598359680175781250e+02,
3.500140991210937500e+02,
3.673065185546875000e+02,
3.788968200683593750e+02,
3.752084655761718750e+02,
3.818656311035156250e+02,
3.653474121093750000e+02,
3.693034057617187500e+02,
4.050587768554687500e+02,
4.242064819335937500e+02,
3.493534545898437500e+02,
4.069935607910156250e+02,
4.525821838378906250e+02,
5.443751220703125000e+02,
5.705784912109375000e+02,
5.357958984375000000e+02,
5.262905273437500000e+02,
5.372081298828125000e+02,
5.043424682617187500e+02,
4.780182800292968750e+02,
4.798656921386718750e+02,
4.260041198730468750e+02,
4.488869323730468750e+02,
4.414477539062500000e+02,
4.528126525878906250e+02,
4.290008850097656250e+02,
4.227322082519531250e+02,
3.853007507324218750e+02,
4.544725952148437500e+02,
4.199466552734375000e+02,
3.775326538085937500e+02,
3.937669677734375000e+02,
3.914196166992187500e+02,
3.921357727050781250e+02,
4.048182678222656250e+02,
3.940577697753906250e+02,
3.488336181640625000e+02,
3.666187438964843750e+02,
3.685491027832031250e+02,
3.500540771484375000e+02,
3.868822631835937500e+02,
3.831474304199218750e+02,
3.829789123535156250e+02,
3.704836730957031250e+02,
3.702546997070312500e+02,
3.662644348144531250e+02,
4.211496887207031250e+02,
3.838715209960937500e+02,
3.720931396484375000e+02,
3.698075866699218750e+02,
3.563823852539062500e+02,
3.399819335937500000e+02,
3.646280212402343750e+02,
4.016701049804687500e+02,
3.371240234375000000e+02,
3.408580017089843750e+02,
3.619984741210937500e+02,
3.887561950683593750e+02,
3.734083557128906250e+02,
3.332470092773437500e+02,
3.877512817382812500e+02,
3.836103820800781250e+02,
3.578245544433593750e+02,
3.698088989257812500e+02,
3.641936950683593750e+02,
3.802019348144531250e+02,
4.052395629882812500e+02,
3.739816589355468750e+02,
3.304310913085937500e+02,
3.664574279785156250e+02,
3.797634887695312500e+02,
3.940656127929687500e+02,
3.738822021484375000e+02,
3.581400756835937500e+02,
4.295571289062500000e+02,
3.528452148437500000e+02,
3.004389648437500000e+02,
3.167763977050781250e+02,
3.458960266113281250e+02,
2.995919799804687500e+02,
3.453708190917968750e+02,
3.106277160644531250e+02,
3.189981384277343750e+02,
3.014191284179687500e+02,
3.226054687500000000e+02,
3.388485107421875000e+02,
3.047322082519531250e+02,
3.571863708496093750e+02,
3.436720275878906250e+02,
3.423353576660156250e+02,
3.146765441894531250e+02,
4.654288940429687500e+02,
4.694180297851562500e+02,
4.876012268066406250e+02,
4.124775695800781250e+02,
4.358315429687500000e+02,
5.148912963867187500e+02,
5.125303344726562500e+02,
4.534749145507812500e+02,
4.826253356933593750e+02,
3.994310302734375000e+02,
4.417254028320312500e+02,
4.134271545410156250e+02,
4.091277770996093750e+02,
4.869019470214843750e+02,
4.106315612792968750e+02,
3.886124877929687500e+02,
4.240924377441406250e+02,
4.130057067871093750e+02,
4.201349182128906250e+02,
4.076373291015625000e+02,
4.101854858398437500e+02,
4.499548034667968750e+02,
4.380891723632812500e+02,
4.315848083496093750e+02,
4.016537475585937500e+02,
4.589342956542968750e+02,
4.050659790039062500e+02,
3.938745727539062500e+02,
3.857881469726562500e+02,
3.725982360839843750e+02,
3.970017395019531250e+02,
3.903817443847656250e+02,
3.625043640136718750e+02,
4.053441467285156250e+02,
3.929244079589843750e+02,
4.145679931640625000e+02,
4.150106811523437500e+02,
4.817135009765625000e+02,
4.864232482910156250e+02,
5.701526489257812500e+02,
5.456926879882812500e+02,
5.508092041015625000e+02,
5.270565185546875000e+02,
5.454573974609375000e+02,
4.914175109863281250e+02,
4.954116516113281250e+02,
4.440018615722656250e+02,
4.506970214843750000e+02,
4.476958312988281250e+02,
4.528017883300781250e+02,
4.728565673828125000e+02,
4.205544128417968750e+02,
4.416811828613281250e+02,
4.596813659667968750e+02,
4.304547424316406250e+02,
4.377851867675781250e+02,
4.879425354003906250e+02,
4.425602722167968750e+02,
4.218752136230468750e+02,
4.641790771484375000e+02,
4.111357727050781250e+02,
4.572411804199218750e+02,
4.642001037597656250e+02,
4.104830322265625000e+02,
4.288119812011718750e+02,
4.486495361328125000e+02,
4.124757080078125000e+02,
4.308405456542968750e+02,
4.107525329589843750e+02,
4.352140197753906250e+02,
4.044925231933593750e+02,
3.978992919921875000e+02,
4.152956542968750000e+02,
4.125627136230468750e+02,
4.452206420898437500e+02,
4.192108459472656250e+02,
4.007181091308593750e+02,
3.951015014648437500e+02,
3.832867736816406250e+02,
4.343384704589843750e+02,
3.849223327636718750e+02,
3.827658996582031250e+02,
3.464469909667968750e+02,
3.797007446289062500e+02,
3.434780883789062500e+02,
3.410174865722656250e+02,
4.072589721679687500e+02,
4.047126464843750000e+02,
3.318289794921875000e+02,
4.002691345214843750e+02,
3.763145751953125000e+02,
3.622696838378906250e+02,
3.704404907226562500e+02,
3.961953735351562500e+02,
3.513786010742187500e+02,
4.297885437011718750e+02,
3.543923034667968750e+02,
3.620302429199218750e+02,
3.423566894531250000e+02,
3.992633056640625000e+02,
3.777896118164062500e+02,
3.442087707519531250e+02,
3.545012207031250000e+02,
3.405661926269531250e+02,
3.707011718750000000e+02,
3.428011779785156250e+02,
3.975941467285156250e+02,
3.680167236328125000e+02,
3.745830993652343750e+02,
3.716654357910156250e+02,
4.040069580078125000e+02,
3.695540466308593750e+02,
3.818565979003906250e+02,
3.515272827148437500e+02,
3.337369079589843750e+02,
3.687164001464843750e+02,
3.575906982421875000e+02,
3.517962341308593750e+02,
3.631655578613281250e+02,
4.289653625488281250e+02,
3.873700561523437500e+02,
4.233476562500000000e+02,
4.053288574218750000e+02,
4.550422363281250000e+02,
4.050068359375000000e+02,
4.022382812500000000e+02,
4.095529174804687500e+02,
4.576296691894531250e+02,
3.902701416015625000e+02,
3.793264770507812500e+02,
3.770794982910156250e+02,
3.381573791503906250e+02,
3.805596313476562500e+02,
3.287143859863281250e+02,
3.454140625000000000e+02,
3.376962585449218750e+02,
3.358949890136718750e+02,
3.829234619140625000e+02,
4.050045776367187500e+02,
3.897768249511718750e+02,
3.505520019531250000e+02,
3.635783996582031250e+02,
3.496984863281250000e+02,
3.808824157714843750e+02,
4.174873352050781250e+02,
3.766359863281250000e+02,
4.249173583984375000e+02,
4.081859436035156250e+02,
4.580916137695312500e+02,
4.385710754394531250e+02,
4.307037048339843750e+02,
4.147117004394531250e+02,
4.885699462890625000e+02,
6.271071777343750000e+02,
5.751420898437500000e+02,
5.904344482421875000e+02,
5.154527587890625000e+02,
5.487232055664062500e+02,
5.193345336914062500e+02,
4.677015380859375000e+02,
4.976909484863281250e+02,
4.639414062500000000e+02,
4.274617004394531250e+02,
4.432030639648437500e+02,
4.469255676269531250e+02,
3.928276062011718750e+02,
4.386102905273437500e+02,
4.107456359863281250e+02,
4.632346801757812500e+02,
4.202628784179687500e+02,
3.587848815917968750e+02,
4.122073364257812500e+02,
3.989166870117187500e+02,
4.128674926757812500e+02,
3.636121215820312500e+02,
3.943812255859375000e+02,
4.539890136718750000e+02,
4.526888427734375000e+02,
3.979954833984375000e+02,
4.163263549804687500e+02,
4.029281311035156250e+02,
3.826641235351562500e+02,
3.679517211914062500e+02,
3.433442077636718750e+02,
3.678053894042968750e+02,
3.752120971679687500e+02,
3.362182006835937500e+02,
3.627690124511718750e+02,
3.329835815429687500e+02,
3.454774780273437500e+02,
3.789108581542968750e+02,
5.043851928710937500e+02,
5.549199218750000000e+02,
5.107922058105468750e+02,
5.161780395507812500e+02,
5.117068481445312500e+02,
4.571596374511718750e+02,
4.693151245117187500e+02,
4.752421569824218750e+02,
4.701887512207031250e+02,
4.962583923339843750e+02,
4.730837402343750000e+02,
4.931282653808593750e+02,
4.503933410644531250e+02,
5.375247192382812500e+02,
4.854080200195312500e+02,
4.799517211914062500e+02,
4.016354064941406250e+02,
4.350523681640625000e+02,
4.157984619140625000e+02,
4.106292724609375000e+02,
4.345652770996093750e+02,
4.805975341796875000e+02,
4.229224853515625000e+02,
4.895814514160156250e+02,
5.391046752929687500e+02,
5.861635742187500000e+02,
6.035516967773437500e+02,
5.585447998046875000e+02,
5.219161987304687500e+02,
4.830067443847656250e+02,
4.784380187988281250e+02,
5.048332519531250000e+02,
5.062669677734375000e+02,
4.919975280761718750e+02,
4.854852294921875000e+02,
4.873019409179687500e+02,
4.848276367187500000e+02,
4.902741088867187500e+02,
4.805666503906250000e+02,
4.982603759765625000e+02,
5.009676513671875000e+02,
5.378760986328125000e+02,
4.917526855468750000e+02,
5.129843139648437500e+02,
4.937003479003906250e+02,
4.670483398437500000e+02,
4.675404968261718750e+02,
4.773943481445312500e+02,
4.990250244140625000e+02,
4.387200622558593750e+02,
4.878006286621093750e+02,
4.416507263183593750e+02,
4.555002746582031250e+02,
4.490970458984375000e+02,
3.866004333496093750e+02,
3.803680419921875000e+02,
4.117403259277343750e+02,
3.557531127929687500e+02,
3.930816040039062500e+02,
4.086698608398437500e+02,
4.118580322265625000e+02,
4.100171203613281250e+02,
4.514441528320312500e+02,
3.796530456542968750e+02,
3.741650085449218750e+02,
4.025753479003906250e+02,
3.803004150390625000e+02,
4.130827636718750000e+02,
3.855328674316406250e+02,
3.812551879882812500e+02,
3.968607788085937500e+02,
4.519805603027343750e+02,
4.407536010742187500e+02,
4.140454101562500000e+02,
4.168446960449218750e+02,
3.961940917968750000e+02,
4.217061462402343750e+02,
4.566533203125000000e+02,
4.573731384277343750e+02,
4.759978332519531250e+02,
4.861559753417968750e+02,
4.735970764160156250e+02,
4.595456542968750000e+02,
4.567254638671875000e+02,
5.155342407226562500e+02,
3.874971313476562500e+02,
3.853301696777343750e+02,
3.712344055175781250e+02,
3.692854614257812500e+02,
3.498238830566406250e+02,
3.359778442382812500e+02,
4.093697814941406250e+02,
4.438577575683593750e+02,
3.783965148925781250e+02,
4.054278259277343750e+02,
4.233266296386718750e+02,
4.730384216308593750e+02,
4.830970153808593750e+02,
4.477243957519531250e+02,
4.575336914062500000e+02,
5.310665893554687500e+02,
5.493302001953125000e+02,
5.937667236328125000e+02,
6.313569335937500000e+02,
6.211117553710937500e+02,
5.621061401367187500e+02,
5.134610595703125000e+02,
4.801037597656250000e+02,
4.813719177246093750e+02,
5.046027526855468750e+02,
4.372713623046875000e+02,
4.130584411621093750e+02,
4.106787109375000000e+02,
4.184290466308593750e+02,
4.515701599121093750e+02,
4.828540039062500000e+02,
4.831456298828125000e+02,
4.414633789062500000e+02,
4.208942260742187500e+02,
4.664803771972656250e+02,
4.182099304199218750e+02,
3.941954650878906250e+02,
3.926141662597656250e+02,
3.727109985351562500e+02,
4.377169494628906250e+02,
3.425178833007812500e+02,
