6.169844360351562500e+02,
6.772793579101562500e+02,
6.260130004882812500e+02,
6.637060546875000000e+02,
6.101607055664062500e+02,
6.531752929687500000e+02,
6.694901733398437500e+02,
6.492306518554687500e+02,
7.240775146484375000e+02,
7.162246704101562500e+02,
7.064877929687500000e+02,
7.275628051757812500e+02,
6.870659790039062500e+02,
7.181989135742187500e+02,
7.849470825195312500e+02,
6.997683715820312500e+02,
7.227487182617187500e+02,
7.336637573242187500e+02,
7.305316772460937500e+02,
7.093801269531250000e+02,
6.839461669921875000e+02,
6.846179199218750000e+02,
7.525458374023437500e+02,
7.077598876953125000e+02,
6.950804443359375000e+02,
6.937850341796875000e+02,
7.382610473632812500e+02,
7.385137939453125000e+02,
6.706375732421875000e+02,
6.565984497070312500e+02,
7.156040039062500000e+02,
6.491451416015625000e+02,
6.418389892578125000e+02,
6.149244995117187500e+02,
6.640245971679687500e+02,
6.257996826171875000e+02,
6.363681640625000000e+02,
6.853837890625000000e+02,
6.744932250976562500e+02,
6.746392211914062500e+02,
7.094514770507812500e+02,
7.005012817382812500e+02,
6.775925903320312500e+02,
7.129593505859375000e+02,
6.676486206054687500e+02,
6.722701416015625000e+02,
7.141311645507812500e+02,
6.448208618164062500e+02,
6.720844116210937500e+02,
6.705831298828125000e+02,
7.134320068359375000e+02,
6.077241210937500000e+02,
6.045625000000000000e+02,
6.267256469726562500e+02,
6.267559204101562500e+02,
6.758066406250000000e+02,
6.801632690429687500e+02,
6.869709472656250000e+02,
6.800449218750000000e+02,
6.644519042968750000e+02,
6.903701782226562500e+02,
6.368099365234375000e+02,
6.249288940429687500e+02,
6.028563232421875000e+02,
6.632462768554687500e+02,
6.433461914062500000e+02,
6.107578735351562500e+02,
6.505477294921875000e+02,
6.135420532226562500e+02,
6.322287597656250000e+02,
6.218035888671875000e+02,
6.185432739257812500e+02,
6.223433837890625000e+02,
5.783051147460937500e+02,
6.034158935546875000e+02,
6.117216186523437500e+02,
6.015128173828125000e+02,
6.863054199218750000e+02,
5.752724609375000000e+02,
5.961107788085937500e+02,
5.968472900390625000e+02,
6.021257324218750000e+02,
6.135024414062500000e+02,
6.303511352539062500e+02,
5.885416870117187500e+02,
6.060791015625000000e+02,
6.068474121093750000e+02,
6.279887084960937500e+02,
5.540261230468750000e+02,
5.683532714843750000e+02,
6.149624023437500000e+02,
5.958958129882812500e+02,
6.099448852539062500e+02,
6.196337280273437500e+02,
5.899193725585937500e+02,
6.009685058593750000e+02,
5.840349121093750000e+02,
6.070964965820312500e+02,
6.297813720703125000e+02,
6.332192382812500000e+02,
5.857821044921875000e+02,
5.760810546875000000e+02,
6.038969116210937500e+02,
5.940288085937500000e+02,
5.989998779296875000e+02,
5.862497558593750000e+02,
6.015947875976562500e+02,
5.782894287109375000e+02,
6.085292358398437500e+02,
6.075516967773437500e+02,
6.294011840820312500e+02,
5.773905029296875000e+02,
6.710049438476562500e+02,
6.910897827148437500e+02,
6.426574707031250000e+02,
6.016362915039062500e+02,
6.220816040039062500e+02,
6.536123657226562500e+02,
6.851540527343750000e+02,
6.223388671875000000e+02,
6.888514404296875000e+02,
6.434734497070312500e+02,
7.070263061523437500e+02,
7.084908447265625000e+02,
7.042708740234375000e+02,
6.778684692382812500e+02,
6.573094482421875000e+02,
6.672646484375000000e+02,
6.803430786132812500e+02,
6.882628173828125000e+02,
6.859745483398437500e+02,
7.040698852539062500e+02,
7.630518798828125000e+02,
7.122191772460937500e+02,
7.472183837890625000e+02,
7.000239868164062500e+02,
7.290737915039062500e+02,
7.313803100585937500e+02,
6.669813232421875000e+02,
6.628267211914062500e+02,
6.783487548828125000e+02,
6.626752319335937500e+02,
6.772493896484375000e+02,
7.050924682617187500e+02,
7.423141479492187500e+02,
7.165166015625000000e+02,
6.845480346679687500e+02,
6.660062866210937500e+02,
6.787534179687500000e+02,
6.486090698242187500e+02,
6.547066650390625000e+02,
6.774107055664062500e+02,
7.292061157226562500e+02,
6.670086059570312500e+02,
6.602053833007812500e+02,
6.425980224609375000e+02,
6.584668579101562500e+02,
6.314436645507812500e+02,
6.470294799804687500e+02,
6.531315917968750000e+02,
6.079732055664062500e+02,
6.231279907226562500e+02,
6.235870361328125000e+02,
6.906194458007812500e+02,
5.993403930664062500e+02,
6.353528442382812500e+02,
6.645677490234375000e+02,
6.914050292968750000e+02,
7.097921142578125000e+02,
6.496773681640625000e+02,
6.395205078125000000e+02,
6.575848999023437500e+02,
7.150920410156250000e+02,
6.717040405273437500e+02,
7.282365112304687500e+02,
6.911807250976562500e+02,
7.611069946289062500e+02,
6.680395507812500000e+02,
6.977482910156250000e+02,
7.236383666992187500e+02,
6.601104736328125000e+02,
6.851046142578125000e+02,
6.637846679687500000e+02,
6.723960571289062500e+02,
6.540706176757812500e+02,
6.910610351562500000e+02,
7.074040527343750000e+02,
6.744710083007812500e+02,
7.128574829101562500e+02,
7.320043945312500000e+02,
7.696066894531250000e+02,
7.100643920898437500e+02,
8.261030883789062500e+02,
8.290004272460937500e+02,
8.412564086914062500e+02,
8.759409179687500000e+02,
8.268709716796875000e+02,
7.915487670898437500e+02,
7.820823364257812500e+02,
7.215327758789062500e+02,
6.908483886718750000e+02,
7.162629394531250000e+02,
7.010233154296875000e+02,
6.866398315429687500e+02,
6.717228393554687500e+02,
6.241816406250000000e+02,
6.405030517578125000e+02,
6.692678833007812500e+02,
6.309276123046875000e+02,
7.333602905273437500e+02,
7.194192504882812500e+02,
7.422751464843750000e+02,
7.651648559570312500e+02,
7.485310058593750000e+02,
8.431638793945312500e+02,
7.305066528320312500e+02,
7.428258056640625000e+02,
7.728126831054687500e+02,
6.781126708984375000e+02,
7.111831054687500000e+02,
7.309777832031250000e+02,
7.132156982421875000e+02,
8.490375366210937500e+02,
7.433900756835937500e+02,
7.632664794921875000e+02,
7.236290283203125000e+02,
7.278780517578125000e+02,
7.082119140625000000e+02,
7.761248779296875000e+02,
7.165516357421875000e+02,
6.728961791992187500e+02,
6.728072509765625000e+02,
6.681949462890625000e+02,
6.801915283203125000e+02,
6.470750732421875000e+02,
6.323397216796875000e+02,
6.440663452148437500e+02,
6.603017578125000000e+02,
6.322272338867187500e+02,
5.968414306640625000e+02,
5.963037719726562500e+02,
6.269031372070312500e+02,
6.365731201171875000e+02,
6.525131225585937500e+02,
5.905945434570312500e+02,
6.624945678710937500e+02,
6.088695068359375000e+02,
5.993908081054687500e+02,
5.776557617187500000e+02,
5.876593627929687500e+02,
6.124625244140625000e+02,
8.279654541015625000e+02,
7.640745849609375000e+02,
7.531405029296875000e+02,
7.791975097656250000e+02,
7.183388671875000000e+02,
7.647432250976562500e+02,
7.453299560546875000e+02,
7.481257324218750000e+02,
7.609492187500000000e+02,
7.236230468750000000e+02,
7.275758666992187500e+02,
7.270940551757812500e+02,
7.238104858398437500e+02,
7.665195922851562500e+02,
7.649368286132812500e+02,
7.197028198242187500e+02,
7.439897460937500000e+02,
7.082547607421875000e+02,
7.523603515625000000e+02,
6.748662719726562500e+02,
7.208671875000000000e+02,
6.811086425781250000e+02,
6.885317993164062500e+02,
6.829302368164062500e+02,
6.715203247070312500e+02,
6.342918090820312500e+02,
6.689205322265625000e+02,
7.187719726562500000e+02,
6.670211181640625000e+02,
7.141158447265625000e+02,
6.476168212890625000e+02,
6.614016723632812500e+02,
6.379823608398437500e+02,
6.904357299804687500e+02,
6.770996704101562500e+02,
6.629417114257812500e+02,
6.612290649414062500e+02,
6.274482421875000000e+02,
5.959403686523437500e+02,
6.275419311523437500e+02,
5.933132934570312500e+02,
6.112302856445312500e+02,
6.853518066406250000e+02,
6.283606567382812500e+02,
6.456220703125000000e+02,
5.962175292968750000e+02,
6.167147216796875000e+02,
6.396844482421875000e+02,
6.557017211914062500e+02,
6.159859619140625000e+02,
5.966036376953125000e+02,
6.612715454101562500e+02,
6.289846801757812500e+02,
6.696650390625000000e+02,
6.492076416015625000e+02,
6.072508544921875000e+02,
6.809566650390625000e+02,
6.720445556640625000e+02,
6.887446289062500000e+02,
6.954790649414062500e+02,
7.245872192382812500e+02,
7.432737426757812500e+02,
7.347284545898437500e+02,
7.854416503906250000e+02,
7.622690429687500000e+02,
7.359455566406250000e+02,
7.721882324218750000e+02,
8.337208251953125000e+02,
7.359497680664062500e+02,
7.338964233398437500e+02,
6.981583251953125000e+02,
6.960463867187500000e+02,
7.059015502929687500e+02,
7.104703369140625000e+02,
6.731712646484375000e+02,
6.767745971679687500e+02,
7.188421630859375000e+02,
7.491778564453125000e+02,
6.991859741210937500e+02,
6.418466796875000000e+02,
6.485344848632812500e+02,
6.698432617187500000e+02,
6.903344116210937500e+02,
7.130446777343750000e+02,
7.673159179687500000e+02,
7.771151733398437500e+02,
7.636146240234375000e+02,
7.481560058593750000e+02,
7.397450561523437500e+02,
7.910191650390625000e+02,
7.595949707031250000e+02,
7.739658813476562500e+02,
7.825363159179687500e+02,
7.400583496093750000e+02,
8.887113647460937500e+02,
8.767595825195312500e+02,
9.267601928710937500e+02,
9.034309692382812500e+02,
8.589069824218750000e+02,
8.226271362304687500e+02,
7.458802490234375000e+02,
7.785828857421875000e+02,
8.680884399414062500e+02,
7.604922485351562500e+02,
8.016207885742187500e+02,
8.111229858398437500e+02,
8.073374633789062500e+02,
7.730750732421875000e+02,
8.125940551757812500e+02,
7.426858520507812500e+02,
7.518214111328125000e+02,
7.676321411132812500e+02,
8.077960205078125000e+02,
7.472749633789062500e+02,
7.243729858398437500e+02,
7.936788940429687500e+02,
7.007839355468750000e+02,
6.889884643554687500e+02,
6.641849975585937500e+02,
6.794586181640625000e+02,
6.469390869140625000e+02,
6.274190063476562500e+02,
6.706670532226562500e+02,
8.262244262695312500e+02,
7.759072875976562500e+02,
8.035344238281250000e+02,
8.181238403320312500e+02,
7.384374389648437500e+02,
7.573400268554687500e+02,
7.432465820312500000e+02,
7.460397949218750000e+02,
7.356624145507812500e+02,
7.450318603515625000e+02,
7.325560302734375000e+02,
8.022389526367187500e+02,
7.547783813476562500e+02,
7.716298828125000000e+02,
7.385726318359375000e+02,
7.777538452148437500e+02,
7.463355712890625000e+02,
7.456090698242187500e+02,
7.386520385742187500e+02,
7.828316650390625000e+02,
6.758762207031250000e+02,
7.273963623046875000e+02,
6.910759887695312500e+02,
6.737539672851562500e+02,
6.415104370117187500e+02,
7.107567749023437500e+02,
5.843521118164062500e+02,
6.300111694335937500e+02,
6.175775146484375000e+02,
6.786097412109375000e+02,
6.416003417968750000e+02,
6.148153076171875000e+02,
6.246405639648437500e+02,
6.521843261718750000e+02,
6.415022583007812500e+02,
6.701926269531250000e+02,
7.072540283203125000e+02,
6.929088134765625000e+02,
7.772788696289062500e+02,
7.484991455078125000e+02,
7.444113769531250000e+02,
7.641688842773437500e+02,
7.789361572265625000e+02,
7.647677001953125000e+02,
8.138461303710937500e+02,
7.625952758789062500e+02,
7.611763305664062500e+02,
7.385893554687500000e+02,
7.292882080078125000e+02,
7.451164550781250000e+02,
7.333893432617187500e+02,
7.334603271484375000e+02,
6.953723144531250000e+02,
7.273425292968750000e+02,
7.691335449218750000e+02,
7.938181152343750000e+02,
8.063927612304687500e+02,
8.100335693359375000e+02,
7.725631713867187500e+02,
8.130027465820312500e+02,
8.155741577148437500e+02,
8.557860717773437500e+02,
9.036121215820312500e+02,
9.022533569335937500e+02,
9.032914428710937500e+02,
8.865424804687500000e+02,
8.779254150390625000e+02,
8.364625244140625000e+02,
8.323405151367187500e+02,
8.551105346679687500e+02,
8.722850341796875000e+02,
8.362838745117187500e+02,
8.005703125000000000e+02,
8.214733886718750000e+02,
8.046198120117187500e+02,
7.934870605468750000e+02,
7.543275146484375000e+02,
7.614645996093750000e+02,
7.540288696289062500e+02,
7.079117431640625000e+02,
6.552081298828125000e+02,
