3.685674743652343750e+02,
3.462600097656250000e+02,
3.810835876464843750e+02,
3.736702880859375000e+02,
3.481880187988281250e+02,
3.816630554199218750e+02,
3.547674560546875000e+02,
3.909217224121093750e+02,
3.500175781250000000e+02,
4.155807189941406250e+02,
3.439123840332031250e+02,
3.929121398925781250e+02,
3.637456054687500000e+02,
3.913907470703125000e+02,
4.131395874023437500e+02,
3.938872375488281250e+02,
3.507613830566406250e+02,
3.706553344726562500e+02,
4.080191650390625000e+02,
4.094989929199218750e+02,
3.894762268066406250e+02,
4.104579162597656250e+02,
3.830511474609375000e+02,
3.906332702636718750e+02,
4.202836608886718750e+02,
3.943967590332031250e+02,
3.876266479492187500e+02,
3.954893798828125000e+02,
3.708760375976562500e+02,
3.727146911621093750e+02,
4.074692382812500000e+02,
3.510573730468750000e+02,
3.737182922363281250e+02,
3.866769714355468750e+02,
3.720693969726562500e+02,
4.132131652832031250e+02,
4.182430725097656250e+02,
3.708404235839843750e+02,
3.927698974609375000e+02,
3.817236022949218750e+02,
4.244664001464843750e+02,
3.954283752441406250e+02,
4.251469116210937500e+02,
4.324709777832031250e+02,
3.935279846191406250e+02,
4.546236572265625000e+02,
4.087573547363281250e+02,
3.667633666992187500e+02,
4.103999328613281250e+02,
4.220948791503906250e+02,
3.976712341308593750e+02,
3.686466064453125000e+02,
4.027351989746093750e+02,
4.338592224121093750e+02,
4.585259399414062500e+02,
4.450662841796875000e+02,
4.500275573730468750e+02,
4.242967834472656250e+02,
4.156728820800781250e+02,
4.612539672851562500e+02,
4.460285949707031250e+02,
4.586096801757812500e+02,
4.328110656738281250e+02,
4.492747802734375000e+02,
4.365544128417968750e+02,
4.444236450195312500e+02,
4.878195190429687500e+02,
4.194165039062500000e+02,
4.707625732421875000e+02,
4.547285461425781250e+02,
4.608132934570312500e+02,
3.955450439453125000e+02,
3.914574584960937500e+02,
3.894265747070312500e+02,
4.205655822753906250e+02,
4.649863891601562500e+02,
3.977863159179687500e+02,
4.092321166992187500e+02,
4.607636413574218750e+02,
4.246884765625000000e+02,
3.949370422363281250e+02,
3.923298950195312500e+02,
3.979044799804687500e+02,
4.189310302734375000e+02,
3.914614257812500000e+02,
4.111370239257812500e+02,
3.608247375488281250e+02,
3.727525634765625000e+02,
3.913619384765625000e+02,
3.815153198242187500e+02,
3.989983520507812500e+02,
3.941264953613281250e+02,
4.070831909179687500e+02,
4.336837158203125000e+02,
3.785298767089843750e+02,
4.367141113281250000e+02,
4.461320800781250000e+02,
4.144305114746093750e+02,
4.647213745117187500e+02,
3.642665100097656250e+02,
3.804402160644531250e+02,
3.578099365234375000e+02,
4.402590942382812500e+02,
3.546453247070312500e+02,
3.532167358398437500e+02,
3.634496459960937500e+02,
3.790323791503906250e+02,
3.778304748535156250e+02,
3.618290405273437500e+02,
3.611731567382812500e+02,
3.839948425292968750e+02,
3.772087402343750000e+02,
4.034419860839843750e+02,
4.493337097167968750e+02,
3.746994628906250000e+02,
3.628175048828125000e+02,
3.683980102539062500e+02,
3.819483337402343750e+02,
3.151715393066406250e+02,
3.916112670898437500e+02,
3.481777648925781250e+02,
3.479830627441406250e+02,
3.409867553710937500e+02,
4.359818115234375000e+02,
3.714813537597656250e+02,
3.455839233398437500e+02,
3.665897827148437500e+02,
3.969851989746093750e+02,
3.664146728515625000e+02,
3.869750061035156250e+02,
3.664683532714843750e+02,
4.055060424804687500e+02,
4.865375366210937500e+02,
4.257254028320312500e+02,
4.574837036132812500e+02,
3.717354125976562500e+02,
4.153498229980468750e+02,
3.798872070312500000e+02,
4.184786071777343750e+02,
3.532617492675781250e+02,
4.615245666503906250e+02,
3.694744873046875000e+02,
3.279335021972656250e+02,
3.164453125000000000e+02,
3.189832458496093750e+02,
3.300023803710937500e+02,
3.577896423339843750e+02,
3.513809814453125000e+02,
3.768579101562500000e+02,
4.494293823242187500e+02,
2.828179626464843750e+02,
2.866817321777343750e+02,
3.056723327636718750e+02,
3.105588684082031250e+02,
2.948859863281250000e+02,
3.264499511718750000e+02,
3.169224548339843750e+02,
2.964453125000000000e+02,
3.216172180175781250e+02,
2.916724548339843750e+02,
3.228201904296875000e+02,
3.307267456054687500e+02,
3.334751586914062500e+02,
3.943230895996093750e+02,
3.582872314453125000e+02,
3.417730712890625000e+02,
3.818956298828125000e+02,
3.692428894042968750e+02,
4.053864135742187500e+02,
3.607654724121093750e+02,
3.607517395019531250e+02,
3.778369750976562500e+02,
3.566213989257812500e+02,
3.772116699218750000e+02,
3.897359619140625000e+02,
3.565969848632812500e+02,
3.669450988769531250e+02,
3.903887939453125000e+02,
3.726761169433593750e+02,
3.451407165527343750e+02,
3.488364562988281250e+02,
3.297238159179687500e+02,
3.587476501464843750e+02,
3.515790100097656250e+02,
3.597201843261718750e+02,
3.490192871093750000e+02,
4.083375244140625000e+02,
4.048705749511718750e+02,
4.108156127929687500e+02,
3.750782470703125000e+02,
3.268567199707031250e+02,
3.130491638183593750e+02,
3.367454223632812500e+02,
3.109270324707031250e+02,
3.092347412109375000e+02,
3.624057617187500000e+02,
3.552600097656250000e+02,
3.094140930175781250e+02,
3.070717468261718750e+02,
3.253659973144531250e+02,
3.096864624023437500e+02,
3.311815490722656250e+02,
3.228126220703125000e+02,
3.109274291992187500e+02,
3.235562133789062500e+02,
3.713296203613281250e+02,
2.885361938476562500e+02,
3.048068237304687500e+02,
2.821280822753906250e+02,
2.792267456054687500e+02,
3.428994140625000000e+02,
3.105357360839843750e+02,
3.420039367675781250e+02,
3.508420410156250000e+02,
3.119021606445312500e+02,
3.408268737792968750e+02,
3.380747375488281250e+02,
3.099480590820312500e+02,
3.930612487792968750e+02,
3.366445312500000000e+02,
2.997598266601562500e+02,
3.556256103515625000e+02,
3.479361267089843750e+02,
3.041985778808593750e+02,
3.724943847656250000e+02,
3.221682739257812500e+02,
3.433335571289062500e+02,
3.218465270996093750e+02,
3.569864196777343750e+02,
3.679569091796875000e+02,
3.429959106445312500e+02,
3.177873535156250000e+02,
3.375779418945312500e+02,
3.555540161132812500e+02,
3.523811035156250000e+02,
3.392619018554687500e+02,
3.348980102539062500e+02,
3.459929199218750000e+02,
3.663087463378906250e+02,
3.224464721679687500e+02,
3.133937377929687500e+02,
3.412339477539062500e+02,
2.977593383789062500e+02,
3.484356689453125000e+02,
3.473609313964843750e+02,
3.245326232910156250e+02,
3.183927917480468750e+02,
3.595998840332031250e+02,
3.892362976074218750e+02,
3.857304992675781250e+02,
3.909512329101562500e+02,
4.104809265136718750e+02,
3.561820678710937500e+02,
3.659561157226562500e+02,
3.341549987792968750e+02,
3.525625305175781250e+02,
3.367290344238281250e+02,
3.687944335937500000e+02,
3.338383178710937500e+02,
4.310871582031250000e+02,
3.577134094238281250e+02,
4.618887939453125000e+02,
5.326658325195312500e+02,
5.843855590820312500e+02,
5.963488159179687500e+02,
5.869995727539062500e+02,
5.830159912109375000e+02,
5.016838684082031250e+02,
4.204903564453125000e+02,
3.956188964843750000e+02,
3.879691467285156250e+02,
3.863533935546875000e+02,
3.768552551269531250e+02,
3.644998474121093750e+02,
3.513538208007812500e+02,
3.593977966308593750e+02,
4.105023498535156250e+02,
3.716432800292968750e+02,
3.884594421386718750e+02,
3.658972778320312500e+02,
3.366890869140625000e+02,
3.257880859375000000e+02,
3.737264404296875000e+02,
3.821438293457031250e+02,
3.166611938476562500e+02,
3.331565551757812500e+02,
2.898367919921875000e+02,
3.046986083984375000e+02,
3.066088562011718750e+02,
2.741000061035156250e+02,
3.211068420410156250e+02,
2.645950622558593750e+02,
2.678306274414062500e+02,
3.078667602539062500e+02,
3.105834655761718750e+02,
2.951797790527343750e+02,
2.720537109375000000e+02,
3.295292663574218750e+02,
2.910588989257812500e+02,
2.798176574707031250e+02,
2.340680389404296875e+02,
2.819801635742187500e+02,
2.730432128906250000e+02,
2.641961059570312500e+02,
2.918468322753906250e+02,
2.941889648437500000e+02,
2.614081726074218750e+02,
3.167247924804687500e+02,
3.063323059082031250e+02,
2.928860473632812500e+02,
3.236640625000000000e+02,
2.975555725097656250e+02,
2.815070495605468750e+02,
3.166924133300781250e+02,
2.887656860351562500e+02,
3.291839599609375000e+02,
2.841884765625000000e+02,
2.914068908691406250e+02,
3.019065856933593750e+02,
3.431528015136718750e+02,
3.574453735351562500e+02,
2.871174926757812500e+02,
2.992998657226562500e+02,
3.084986877441406250e+02,
2.797217712402343750e+02,
3.219190063476562500e+02,
3.437389526367187500e+02,
3.408080749511718750e+02,
3.252367553710937500e+02,
3.333223266601562500e+02,
3.344634704589843750e+02,
3.052455444335937500e+02,
2.961834106445312500e+02,
3.309637145996093750e+02,
3.377308959960937500e+02,
3.369918823242187500e+02,
3.355725097656250000e+02,
3.362519836425781250e+02,
3.285089416503906250e+02,
3.146380920410156250e+02,
3.848966369628906250e+02,
3.495907287597656250e+02,
3.964520874023437500e+02,
3.473916320800781250e+02,
3.355552368164062500e+02,
3.460588378906250000e+02,
3.588038635253906250e+02,
2.935395812988281250e+02,
2.851098937988281250e+02,
3.361968078613281250e+02,
3.344079284667968750e+02,
3.112935791015625000e+02,
3.026250610351562500e+02,
3.395688781738281250e+02,
3.417808532714843750e+02,
3.121811523437500000e+02,
2.950449218750000000e+02,
3.198658752441406250e+02,
2.642261657714843750e+02,
2.773586120605468750e+02,
2.985109558105468750e+02,
2.919109191894531250e+02,
3.357425231933593750e+02,
3.128083496093750000e+02,
3.358402709960937500e+02,
3.068254394531250000e+02,
3.034064331054687500e+02,
3.438572387695312500e+02,
3.273886718750000000e+02,
3.415115966796875000e+02,
2.852852172851562500e+02,
2.827609252929687500e+02,
2.885584106445312500e+02,
3.512318115234375000e+02,
2.859586486816406250e+02,
3.066524353027343750e+02,
2.801048889160156250e+02,
3.036800537109375000e+02,
2.878249206542968750e+02,
3.169615783691406250e+02,
3.116576843261718750e+02,
3.328021545410156250e+02,
3.327926635742187500e+02,
3.023559570312500000e+02,
3.095174560546875000e+02,
3.297368469238281250e+02,
2.982433471679687500e+02,
3.088017883300781250e+02,
3.531774291992187500e+02,
2.859252929687500000e+02,
3.053241882324218750e+02,
3.165665588378906250e+02,
3.056896362304687500e+02,
3.040675964355468750e+02,
3.149421691894531250e+02,
3.024384155273437500e+02,
2.955558166503906250e+02,
3.343278503417968750e+02,
3.269826354980468750e+02,
2.928901367187500000e+02,
2.851504516601562500e+02,
3.463774108886718750e+02,
3.282698974609375000e+02,
3.075914916992187500e+02,
3.177527160644531250e+02,
2.781780700683593750e+02,
3.196100769042968750e+02,
3.247242431640625000e+02,
3.077971496582031250e+02,
3.100688476562500000e+02,
3.227110290527343750e+02,
3.149559936523437500e+02,
3.142006225585937500e+02,
3.467433776855468750e+02,
2.944986572265625000e+02,
3.152600402832031250e+02,
3.009030151367187500e+02,
3.700164489746093750e+02,
3.012214355468750000e+02,
3.217273254394531250e+02,
3.256750793457031250e+02,
3.156922302246093750e+02,
2.824225158691406250e+02,
2.790051574707031250e+02,
2.925515136718750000e+02,
3.026015625000000000e+02,
2.936996765136718750e+02,
3.127935180664062500e+02,
3.451032104492187500e+02,
2.850650939941406250e+02,
3.134954223632812500e+02,
2.976534423828125000e+02,
2.547544860839843750e+02,
2.998438415527343750e+02,
3.103383178710937500e+02,
3.107100830078125000e+02,
3.002308349609375000e+02,
2.959898071289062500e+02,
3.359606323242187500e+02,
2.962221679687500000e+02,
3.219743347167968750e+02,
3.131199340820312500e+02,
3.334346618652343750e+02,
3.879434509277343750e+02,
3.868878173828125000e+02,
3.074015502929687500e+02,
3.436107788085937500e+02,
3.547046508789062500e+02,
3.378430786132812500e+02,
3.156598815917968750e+02,
3.371983947753906250e+02,
3.010596923828125000e+02,
3.295052185058593750e+02,
2.959504089355468750e+02,
2.807261962890625000e+02,
3.396184997558593750e+02,
3.018188476562500000e+02,
3.792377319335937500e+02,
3.000197753906250000e+02,
3.645795593261718750e+02,
2.849955749511718750e+02,
4.151041259765625000e+02,
2.868604736328125000e+02,
3.152285766601562500e+02,
3.038295593261718750e+02,
3.491729431152343750e+02,
3.419468078613281250e+02,
3.215693054199218750e+02,
3.277415771484375000e+02,
3.004981689453125000e+02,
3.087390136718750000e+02,
3.298590087890625000e+02,
3.074626464843750000e+02,
3.278019714355468750e+02,
3.042278747558593750e+02,
3.318197326660156250e+02,
3.275673828125000000e+02,
3.518251342773437500e+02,
3.424136657714843750e+02,
3.329288330078125000e+02,
3.642326354980468750e+02,
3.782477416992187500e+02,
4.543639526367187500e+02,
6.202867431640625000e+02,
7.264855346679687500e+02,
8.392951049804687500e+02,
8.874920043945312500e+02,
9.169216308593750000e+02,
9.356604003906250000e+02,
8.927985839843750000e+02,
8.971023559570312500e+02,
9.104771118164062500e+02,
8.881786499023437500e+02,
9.750538330078125000e+02,
9.498942871093750000e+02,
9.956834106445312500e+02,
1.018203063964843750e+03,
1.051337158203125000e+03,
1.011767944335937500e+03,
9.818710937500000000e+02,
9.530034790039062500e+02,
9.382080688476562500e+02,
8.972011718750000000e+02,
9.565462036132812500e+02,
8.064725341796875000e+02,
8.612925415039062500e+02,
7.983430175781250000e+02,
7.915374755859375000e+02,
7.765226440429687500e+02,
7.643572387695312500e+02,
7.251859741210937500e+02,
7.936323242187500000e+02,
7.789702758789062500e+02,
8.804084472656250000e+02,
6.858906860351562500e+02,
6.677302856445312500e+02,
6.199016113281250000e+02,
6.325823974609375000e+02,
6.172734985351562500e+02,
5.763466796875000000e+02,
5.532138671875000000e+02,
5.608214721679687500e+02,
5.241329345703125000e+02,
5.035524902343750000e+02,
6.543442993164062500e+02,
4.847485046386718750e+02,
5.163289794921875000e+02,
5.316994018554687500e+02,
4.804610595703125000e+02,
4.448294677734375000e+02,
4.887523498535156250e+02,
5.268494262695312500e+02,
4.938591003417968750e+02,
4.490320434570312500e+02,
4.483190002441406250e+02,
4.737115783691406250e+02,
4.358988037109375000e+02,
5.130755615234375000e+02,
4.779060363769531250e+02,
4.787547302246093750e+02,
5.230138549804687500e+02,
4.572787170410156250e+02,
4.482893676757812500e+02,
4.703042907714843750e+02,
4.959190063476562500e+02,
5.053997192382812500e+02,
4.722239990234375000e+02,
4.962466125488281250e+02,
5.093843078613281250e+02,
5.434477539062500000e+02,
4.922391052246093750e+02,
5.001506042480468750e+02,
5.299598999023437500e+02,
5.519526977539062500e+02,
5.433823242187500000e+02,
6.232853393554687500e+02,
6.151652832031250000e+02,
6.315552368164062500e+02,
5.926664428710937500e+02,
6.150605468750000000e+02,
6.276476440429687500e+02,
5.612207031250000000e+02,
5.865061035156250000e+02,
6.178417968750000000e+02,
5.380859375000000000e+02,
4.870742492675781250e+02,
4.702659912109375000e+02,
4.071702270507812500e+02,
3.765229492187500000e+02,
3.983154907226562500e+02,
3.983268737792968750e+02,
3.845995788574218750e+02,
3.361451416015625000e+02,
3.472117919921875000e+02,
3.681243591308593750e+02,
3.259935302734375000e+02,
3.499509277343750000e+02,
3.364680786132812500e+02,
3.337853393554687500e+02,
3.603927001953125000e+02,
3.389887390136718750e+02,
3.532640075683593750e+02,
3.160208129882812500e+02,
3.172935180664062500e+02,
3.403514404296875000e+02,
3.591281127929687500e+02,
3.240624084472656250e+02,
3.115291748046875000e+02,
3.580270690917968750e+02,
3.213095703125000000e+02,
3.192630615234375000e+02,
3.041237182617187500e+02,
3.370130004882812500e+02,
3.344042358398437500e+02,
3.200959777832031250e+02,
3.091633911132812500e+02,
2.963320617675781250e+02,
3.267666625976562500e+02,
3.547894897460937500e+02,
3.193177490234375000e+02,
3.044493103027343750e+02,
3.341379394531250000e+02,
3.636868896484375000e+02,
3.239097900390625000e+02,
3.239424743652343750e+02,
2.950351867675781250e+02,
3.059678039550781250e+02,
3.551843566894531250e+02,
3.376015625000000000e+02,
3.052409362792968750e+02,
3.145929565429687500e+02,
3.181630554199218750e+02,
3.486116943359375000e+02,
3.242074890136718750e+02,
3.374785461425781250e+02,
3.354430541992187500e+02,
3.304959106445312500e+02,
3.546762695312500000e+02,
3.270772094726562500e+02,
3.257468566894531250e+02,
3.377715759277343750e+02,
3.148360290527343750e+02,
3.258793945312500000e+02,
3.322100524902343750e+02,
3.783363647460937500e+02,
3.880191955566406250e+02,
5.162136230468750000e+02,
5.588941040039062500e+02,
5.556921386718750000e+02,
6.026271362304687500e+02,
5.772739868164062500e+02,
6.308232421875000000e+02,
6.010195312500000000e+02,
5.799648437500000000e+02,
5.910749511718750000e+02,
5.760882568359375000e+02,
5.576968994140625000e+02,
5.322438964843750000e+02,
4.839202270507812500e+02,
5.027826843261718750e+02,
5.034541015625000000e+02,
5.206771240234375000e+02,
4.473384704589843750e+02,
4.466298522949218750e+02,
4.485851440429687500e+02,
4.545686035156250000e+02,
4.971396179199218750e+02,
5.142767944335937500e+02,
5.729446411132812500e+02,
5.246920776367187500e+02,
5.660487060546875000e+02,
5.523290405273437500e+02,
4.751190795898437500e+02,
4.690299377441406250e+02,
4.561152648925781250e+02,
5.006769104003906250e+02,
5.849447021484375000e+02,
5.838535156250000000e+02,
6.038695678710937500e+02,
6.201360473632812500e+02,
6.235469360351562500e+02,
6.278147583007812500e+02,
4.900278930664062500e+02,
4.901891174316406250e+02,
4.245996704101562500e+02,
4.649074707031250000e+02,
4.214857177734375000e+02,
4.357724609375000000e+02,
3.758032226562500000e+02,
3.908880615234375000e+02,
3.794847412109375000e+02,
3.785810546875000000e+02,
3.597713012695312500e+02,
3.995313415527343750e+02,
3.836396179199218750e+02,
3.944132995605468750e+02,
4.261732177734375000e+02,
3.704984741210937500e+02,
4.039641418457031250e+02,
4.705171508789062500e+02,
3.917666015625000000e+02,
3.677431945800781250e+02,
3.973626098632812500e+02,
3.713913879394531250e+02,
3.794724426269531250e+02,
4.328076477050781250e+02,
3.780715637207031250e+02,
4.097642822265625000e+02,
4.018287048339843750e+02,
4.072307739257812500e+02,
3.942513122558593750e+02,
4.524156799316406250e+02,
4.297026977539062500e+02,
4.266630554199218750e+02,
4.415537109375000000e+02,
4.227066650390625000e+02,
4.304949951171875000e+02,
4.311808471679687500e+02,
3.821707763671875000e+02,
3.725966491699218750e+02,
4.142065124511718750e+02,
4.032235412597656250e+02,
4.313195495605468750e+02,
3.599066467285156250e+02,
3.845924377441406250e+02,
3.944490966796875000e+02,
3.687015380859375000e+02,
3.711794433593750000e+02,
4.037911682128906250e+02,
3.755847778320312500e+02,
4.253663940429687500e+02,
4.044650573730468750e+02,
4.603177795410156250e+02,
4.024675598144531250e+02,
3.997798156738281250e+02,
4.223966979980468750e+02,
3.741009521484375000e+02,
4.400755615234375000e+02,
4.407003173828125000e+02,
4.024581604003906250e+02,
4.274492797851562500e+02,
4.183235168457031250e+02,
3.911586914062500000e+02,
3.773241577148437500e+02,
3.751296691894531250e+02,
4.210959472656250000e+02,
3.715861511230468750e+02,
4.101590270996093750e+02,
3.589815063476562500e+02,
3.802541809082031250e+02,
3.675122680664062500e+02,
3.901966857910156250e+02,
4.274334716796875000e+02,
4.061709899902343750e+02,
4.118066406250000000e+02,
4.657501831054687500e+02,
4.312118530273437500e+02,
4.133989257812500000e+02,
4.369396057128906250e+02,
4.509659118652343750e+02,
3.984169311523437500e+02,
4.310861816406250000e+02,
4.033729553222656250e+02,
4.086355590820312500e+02,
3.750829467773437500e+02,
3.963596496582031250e+02,
3.724466552734375000e+02,
4.433019409179687500e+02,
4.341390991210937500e+02,
3.623052673339843750e+02,
3.669754333496093750e+02,
4.406913452148437500e+02,
4.043878479003906250e+02,
3.995870971679687500e+02,
4.079736633300781250e+02,
3.848411865234375000e+02,
4.390968933105468750e+02,
3.843673706054687500e+02,
3.831961364746093750e+02,
4.721312561035156250e+02,
4.347448730468750000e+02,
3.930497741699218750e+02,
4.043288269042968750e+02,
4.215298156738281250e+02,
4.004598693847656250e+02,
4.260378112792968750e+02,
3.861270446777343750e+02,
3.831614074707031250e+02,
4.234848327636718750e+02,
4.365332641601562500e+02,
4.150867919921875000e+02,
4.047168579101562500e+02,
4.323881530761718750e+02,
3.917221374511718750e+02,
4.085012817382812500e+02,
4.388708496093750000e+02,
4.961054687500000000e+02,
4.548082275390625000e+02,
4.592686462402343750e+02,
4.568375244140625000e+02,
4.890875854492187500e+02,
4.998640441894531250e+02,
5.162908935546875000e+02,
4.336102905273437500e+02,
4.534429321289062500e+02,
4.559599609375000000e+02,
4.371038208007812500e+02,
4.554739379882812500e+02,
4.808542480468750000e+02,
4.478533020019531250e+02,
4.306515197753906250e+02,
4.153869018554687500e+02,
4.080978698730468750e+02,
4.076862487792968750e+02,
3.769962463378906250e+02,
4.213606262207031250e+02,
4.124346923828125000e+02,
4.178955383300781250e+02,
3.829617919921875000e+02,
4.114609680175781250e+02,
4.040534362792968750e+02,
3.748769531250000000e+02,
3.497821350097656250e+02,
4.069089355468750000e+02,
4.225690002441406250e+02,
4.034241943359375000e+02,
3.747532043457031250e+02,
4.525449523925781250e+02,
3.718493347167968750e+02,
3.530145263671875000e+02,
3.577330017089843750e+02,
3.485444335937500000e+02,
3.646191406250000000e+02,
3.924741821289062500e+02,
3.899190368652343750e+02,
3.824523925781250000e+02,
3.979461059570312500e+02,
4.058500671386718750e+02,
4.411697082519531250e+02,
3.977382812500000000e+02,
4.454808654785156250e+02,
3.763954467773437500e+02,
3.859047241210937500e+02,
3.681218566894531250e+02,
3.724161376953125000e+02,
3.357098083496093750e+02,
3.129233703613281250e+02,
3.312555541992187500e+02,
3.079207763671875000e+02,
3.302860717773437500e+02,
3.479995727539062500e+02,
3.596617431640625000e+02,
3.777261352539062500e+02,
3.863837585449218750e+02,
4.196069335937500000e+02,
3.970401000976562500e+02,
4.016370544433593750e+02,
4.046722106933593750e+02,
3.935570373535156250e+02,
4.488702392578125000e+02,
3.833341674804687500e+02,
3.865824584960937500e+02,
3.800051269531250000e+02,
3.714884643554687500e+02,
3.709238281250000000e+02,
3.386638183593750000e+02,
3.582595214843750000e+02,
4.024729919433593750e+02,
3.599253540039062500e+02,
3.445924987792968750e+02,
3.685608215332031250e+02,
3.246383972167968750e+02,
3.425781860351562500e+02,
3.598029174804687500e+02,
3.225964660644531250e+02,
3.731029968261718750e+02,
3.680645446777343750e+02,
3.446770629882812500e+02,
3.497777099609375000e+02,
3.773671264648437500e+02,
3.502722167968750000e+02,
3.319708862304687500e+02,
3.771163635253906250e+02,
3.902749938964843750e+02,
4.282552795410156250e+02,
3.923416748046875000e+02,
4.196717529296875000e+02,
3.595452880859375000e+02,
4.561036071777343750e+02,
3.930563049316406250e+02,
3.654313354492187500e+02,
4.250868530273437500e+02,
3.811210327148437500e+02,
4.031419067382812500e+02,
4.202796630859375000e+02,
4.680252380371093750e+02,
4.634744262695312500e+02,
3.901302185058593750e+02,
4.239454650878906250e+02,
4.629651184082031250e+02,
5.938485107421875000e+02,
6.189442749023437500e+02,
6.425162963867187500e+02,
6.315784301757812500e+02,
5.791009521484375000e+02,
5.092028503417968750e+02,
4.250643615722656250e+02,
4.210572509765625000e+02,
3.717579345703125000e+02,
4.144169921875000000e+02,
3.701956481933593750e+02,
3.710161132812500000e+02,
3.295387573242187500e+02,
3.672799682617187500e+02,
2.861596069335937500e+02,
2.959931030273437500e+02,
2.977413330078125000e+02,
2.731113891601562500e+02,
3.071292419433593750e+02,
2.910083923339843750e+02,
3.117663574218750000e+02,
3.029648437500000000e+02,
3.016872253417968750e+02,
3.190830078125000000e+02,
3.268860168457031250e+02,
2.947291870117187500e+02,
2.921106262207031250e+02,
3.254121093750000000e+02,
3.443063659667968750e+02,
3.744803771972656250e+02,
3.062455749511718750e+02,
3.593362426757812500e+02,
3.295278015136718750e+02,
3.634061279296875000e+02,
3.527826843261718750e+02,
3.854635925292968750e+02,
3.973499145507812500e+02,
3.152091064453125000e+02,
3.343440246582031250e+02,
3.764281921386718750e+02,
3.561788330078125000e+02,
3.681156921386718750e+02,
3.407026672363281250e+02,
2.911691894531250000e+02,
3.368190612792968750e+02,
3.519171447753906250e+02,
3.421291198730468750e+02,
3.175187377929687500e+02,
3.190403442382812500e+02,
3.490289611816406250e+02,
3.148741760253906250e+02,
3.061045532226562500e+02,
3.157080383300781250e+02,
3.294780273437500000e+02,
3.292098083496093750e+02,
3.124932556152343750e+02,
2.829111328125000000e+02,
3.269211120605468750e+02,
2.990715026855468750e+02,
3.624294433593750000e+02,
2.961054077148437500e+02,
2.845800476074218750e+02,
2.943434753417968750e+02,
2.994039611816406250e+02,
3.218440856933593750e+02,
2.812783508300781250e+02,
2.659225769042968750e+02,
2.913195495605468750e+02,
3.311231079101562500e+02,
3.039189453125000000e+02,
3.379962768554687500e+02,
3.445209045410156250e+02,
3.527269287109375000e+02,
3.338861999511718750e+02,
3.042301025390625000e+02,
3.230146179199218750e+02,
3.173452148437500000e+02,
3.188423461914062500e+02,
3.936237182617187500e+02,
3.346682739257812500e+02,
3.582792968750000000e+02,
3.133445739746093750e+02,
3.455332946777343750e+02,
3.087363586425781250e+02,
2.611525268554687500e+02,
2.999295959472656250e+02,
3.325558166503906250e+02,
3.240274658203125000e+02,
3.321798095703125000e+02,
2.898497619628906250e+02,
3.338591308593750000e+02,
3.323104553222656250e+02,
3.226538696289062500e+02,
3.090971679687500000e+02,
3.123325805664062500e+02,
3.194299926757812500e+02,
3.244470520019531250e+02,
3.140252075195312500e+02,
4.242834777832031250e+02,
3.275809020996093750e+02,
3.314964294433593750e+02,
3.735133972167968750e+02,
3.261238708496093750e+02,
3.796019287109375000e+02,
3.120274658203125000e+02,
3.150346374511718750e+02,
3.137440795898437500e+02,
3.334253845214843750e+02,
2.997001647949218750e+02,
3.604141540527343750e+02,
4.354944763183593750e+02,
5.572914428710937500e+02,
7.137822875976562500e+02,
8.327582397460937500e+02,
8.965842895507812500e+02,
9.193964843750000000e+02,
1.029552368164062500e+03,
1.001287475585937500e+03,
1.041929077148437500e+03,
9.442738037109375000e+02,
9.605213623046875000e+02,
9.035551757812500000e+02,
8.510307617187500000e+02,
8.441565551757812500e+02,
8.369952392578125000e+02,
8.340065307617187500e+02,
7.476776123046875000e+02,
6.873530273437500000e+02,
6.335217285156250000e+02,
5.688522338867187500e+02,
6.695199584960937500e+02,
6.037247314453125000e+02,
5.352209472656250000e+02,
5.186688232421875000e+02,
4.972402648925781250e+02,
4.996234741210937500e+02,
4.820083312988281250e+02,
4.903631286621093750e+02,
4.568384704589843750e+02,
4.970519409179687500e+02,
4.862628173828125000e+02,
5.309738769531250000e+02,
5.273933105468750000e+02,
5.176688232421875000e+02,
5.603250122070312500e+02,
5.413474731445312500e+02,
5.670391845703125000e+02,
5.825930786132812500e+02,
6.371172485351562500e+02,
6.369727172851562500e+02,
6.410487060546875000e+02,
6.069620971679687500e+02,
5.545061645507812500e+02,
4.823164367675781250e+02,
4.700864562988281250e+02,
4.432947082519531250e+02,
3.583494873046875000e+02,
4.222980957031250000e+02,
3.884873657226562500e+02,
3.450867614746093750e+02,
3.328427734375000000e+02,
3.661564636230468750e+02,
3.418162841796875000e+02,
3.401562194824218750e+02,
3.552206420898437500e+02,
3.592496337890625000e+02,
3.481405334472656250e+02,
3.286929321289062500e+02,
3.282120666503906250e+02,
3.231623840332031250e+02,
3.906431274414062500e+02,
3.459574584960937500e+02,
3.097256469726562500e+02,
3.620063171386718750e+02,
3.307432250976562500e+02,
3.751502990722656250e+02,
3.710164184570312500e+02,
3.369674682617187500e+02,
4.880733032226562500e+02,
3.389284057617187500e+02,
3.482777709960937500e+02,
3.982156982421875000e+02,
4.378323059082031250e+02,
4.855218811035156250e+02,
5.479893188476562500e+02,
6.410983886718750000e+02,
7.514788208007812500e+02,
5.999626464843750000e+02,
5.657306518554687500e+02,
5.564506835937500000e+02,
5.287606201171875000e+02,
5.760957031250000000e+02,
5.597600097656250000e+02,
5.982696533203125000e+02,
6.229378051757812500e+02,
6.671946411132812500e+02,
5.993165283203125000e+02,
5.903767089843750000e+02,
6.493494262695312500e+02,
6.612953491210937500e+02,
6.050619506835937500e+02,
5.541170654296875000e+02,
4.788431701660156250e+02,
4.814174499511718750e+02,
4.544718322753906250e+02,
3.803867797851562500e+02,
4.251701660156250000e+02,
4.101805114746093750e+02,
4.138544616699218750e+02,
4.196602478027343750e+02,
4.523870849609375000e+02,
4.254457397460937500e+02,
4.367143249511718750e+02,
4.723547058105468750e+02,
4.116530456542968750e+02,
4.252263183593750000e+02,
4.475124511718750000e+02,
4.555131530761718750e+02,
4.326603698730468750e+02,
4.215438842773437500e+02,
3.896076965332031250e+02,
4.218624877929687500e+02,
4.057973022460937500e+02,
4.400075988769531250e+02,
4.185858459472656250e+02,
4.630453491210937500e+02,
4.499898681640625000e+02,
4.224533081054687500e+02,
4.288785095214843750e+02,
4.440541076660156250e+02,
4.376292724609375000e+02,
4.598377075195312500e+02,
3.975498657226562500e+02,
4.369974975585937500e+02,
3.887457885742187500e+02,
4.322335510253906250e+02,
4.565450134277343750e+02,
4.375677795410156250e+02,
4.546766967773437500e+02,
5.054880065917968750e+02,
4.119485473632812500e+02,
4.822031250000000000e+02,
4.204198608398437500e+02,
4.294395446777343750e+02,
4.218111877441406250e+02,
4.148495178222656250e+02,
4.358665771484375000e+02,
4.038570861816406250e+02,
4.337752990722656250e+02,
3.980434875488281250e+02,
3.960355224609375000e+02,
3.668861694335937500e+02,
3.654768676757812500e+02,
4.190179443359375000e+02,
4.182113952636718750e+02,
4.063011779785156250e+02,
4.111927795410156250e+02,
4.177114562988281250e+02,
4.143741455078125000e+02,
4.564640197753906250e+02,
4.544688720703125000e+02,
5.048254394531250000e+02,
5.526268310546875000e+02,
5.250376586914062500e+02,
5.447716674804687500e+02,
5.299779663085937500e+02,
4.809910888671875000e+02,
5.209229736328125000e+02,
4.938778991699218750e+02,
4.499371643066406250e+02,
4.975098266601562500e+02,
4.601151123046875000e+02,
4.422290649414062500e+02,
4.457118530273437500e+02,
3.969388427734375000e+02,
4.076629638671875000e+02,
3.936524963378906250e+02,
3.765534667968750000e+02,
3.892596435546875000e+02,
3.861054382324218750e+02,
3.817718505859375000e+02,
3.681906738281250000e+02,
3.952761840820312500e+02,
3.829733581542968750e+02,
3.803061218261718750e+02,
3.995668029785156250e+02,
4.006847839355468750e+02,
4.337413940429687500e+02,
4.431616210937500000e+02,
3.967781372070312500e+02,
4.141752014160156250e+02,
4.151622924804687500e+02,
3.835413818359375000e+02,
3.773093261718750000e+02,
3.631021728515625000e+02,
3.209255981445312500e+02,
3.375726318359375000e+02,
3.876730346679687500e+02,
3.843323364257812500e+02,
4.026635742187500000e+02,
4.116506958007812500e+02,
4.531357116699218750e+02,
4.798535156250000000e+02,
5.586911010742187500e+02,
4.432418518066406250e+02,
4.358464050292968750e+02,
3.937048339843750000e+02,
4.190879211425781250e+02,
3.681394653320312500e+02,
4.259907531738281250e+02,
3.758646545410156250e+02,
3.932211608886718750e+02,
3.545465698242187500e+02,
4.031136474609375000e+02,
4.043386230468750000e+02,
3.683795776367187500e+02,
4.076191711425781250e+02,
3.823823852539062500e+02,
3.946520080566406250e+02,
4.062541503906250000e+02,
4.162861328125000000e+02,
4.697631835937500000e+02,
4.306738281250000000e+02,
4.053251342773437500e+02,
4.352162475585937500e+02,
4.271889648437500000e+02,
4.546829833984375000e+02,
4.477819824218750000e+02,
4.602097167968750000e+02,
5.416440429687500000e+02,
6.245402832031250000e+02,
6.799899291992187500e+02,
6.489038085937500000e+02,
6.381090087890625000e+02,
5.585350952148437500e+02,
4.793702697753906250e+02,
4.259347534179687500e+02,
3.420125427246093750e+02,
3.607597045898437500e+02,
3.521115417480468750e+02,
2.972349243164062500e+02,
3.170728759765625000e+02,
3.674478454589843750e+02,
3.637506713867187500e+02,
3.370870971679687500e+02,
3.305224914550781250e+02,
3.320730285644531250e+02,
3.250499267578125000e+02,
3.237008361816406250e+02,
3.605170288085937500e+02,
3.383457336425781250e+02,
3.890671997070312500e+02,
3.776278076171875000e+02,
3.551938171386718750e+02,
3.605922851562500000e+02,
3.775242309570312500e+02,
3.782485961914062500e+02,
3.302988586425781250e+02,
3.557375183105468750e+02,
3.509363098144531250e+02,
3.406921081542968750e+02,
3.505187377929687500e+02,
3.577030639648437500e+02,
3.467999877929687500e+02,
3.367880249023437500e+02,
3.672832031250000000e+02,
3.925986022949218750e+02,
3.487906494140625000e+02,
3.714910583496093750e+02,
3.274860839843750000e+02,
3.234223937988281250e+02,
2.838428039550781250e+02,
3.263493041992187500e+02,
2.768933715820312500e+02,
3.345658264160156250e+02,
3.014336547851562500e+02,
3.226067810058593750e+02,
2.989008178710937500e+02,
3.263370666503906250e+02,
3.213310241699218750e+02,
2.951827087402343750e+02,
3.533406066894531250e+02,
3.554032897949218750e+02,
3.302807617187500000e+02,
3.200941772460937500e+02,
2.860729370117187500e+02,
3.517666320800781250e+02,
2.934026184082031250e+02,
3.091030883789062500e+02,
3.891500854492187500e+02,
3.297203063964843750e+02,
3.529048156738281250e+02,
3.890866699218750000e+02,
3.118687438964843750e+02,
3.476426086425781250e+02,
3.393608398437500000e+02,
3.337107238769531250e+02,
3.266964416503906250e+02,
3.391010131835937500e+02,
3.504862976074218750e+02,
3.682927246093750000e+02,
3.311170349121093750e+02,
3.855186157226562500e+02,
4.166498718261718750e+02,
5.621256103515625000e+02,
6.849965209960937500e+02,
8.342125244140625000e+02,
9.530744628906250000e+02,
9.635826416015625000e+02,
9.917150268554687500e+02,
9.350491333007812500e+02,
9.243171386718750000e+02,
8.658835449218750000e+02,
7.921247558593750000e+02,
8.016417846679687500e+02,
6.944857788085937500e+02,
6.319675292968750000e+02,
5.506168823242187500e+02,
5.204387817382812500e+02,
4.921256408691406250e+02,
5.720388183593750000e+02,
5.379121093750000000e+02,
4.841547241210937500e+02,
5.312555541992187500e+02,
5.254855346679687500e+02,
5.562987060546875000e+02,
6.051329956054687500e+02,
6.001577148437500000e+02,
6.346250000000000000e+02,
6.399950561523437500e+02,
6.483388671875000000e+02,
6.145499877929687500e+02,
5.814146118164062500e+02,
4.699707641601562500e+02,
4.391318054199218750e+02,
3.842165527343750000e+02,
3.446231079101562500e+02,
3.553150024414062500e+02,
3.455509033203125000e+02,
3.441427612304687500e+02,
3.345776672363281250e+02,
3.235824279785156250e+02,
3.418743591308593750e+02,
3.320018310546875000e+02,
3.264677429199218750e+02,
4.685527343750000000e+02,
3.482611999511718750e+02,
3.182300415039062500e+02,
4.060357360839843750e+02,
3.183191528320312500e+02,
3.583299865722656250e+02,
4.384923400878906250e+02,
5.592542114257812500e+02,
6.432915649414062500e+02,
6.527097778320312500e+02,
6.688666992187500000e+02,
6.498406372070312500e+02,
6.572664184570312500e+02,
6.194110717773437500e+02,
6.567710571289062500e+02,
7.092467651367187500e+02,
7.675643310546875000e+02,
7.088551025390625000e+02,
6.558612670898437500e+02,
6.080939941406250000e+02,
5.778739624023437500e+02,
5.111994628906250000e+02,
4.568313903808593750e+02,
4.224902343750000000e+02,
4.534793701171875000e+02,
4.490965576171875000e+02,
4.612888488769531250e+02,
4.947657775878906250e+02,
4.661286315917968750e+02,
4.833563232421875000e+02,
4.496553955078125000e+02,
4.838123474121093750e+02,
4.614741516113281250e+02,
4.745415039062500000e+02,
4.547521057128906250e+02,
4.653872680664062500e+02,
4.739403686523437500e+02,
4.942746276855468750e+02,
4.841818542480468750e+02,
4.495253906250000000e+02,
4.678131103515625000e+02,
4.650855407714843750e+02,
4.778407287597656250e+02,
4.747990112304687500e+02,
4.662716064453125000e+02,
5.201730957031250000e+02,
4.670443420410156250e+02,
4.448178100585937500e+02,
