3.044538269042968750e+02,
3.555062255859375000e+02,
3.514212646484375000e+02,
3.343468017578125000e+02,
2.806795043945312500e+02,
3.032466125488281250e+02,
3.501737060546875000e+02,
2.631029357910156250e+02,
2.924957580566406250e+02,
3.419460449218750000e+02,
2.878846130371093750e+02,
3.157984008789062500e+02,
3.417611389160156250e+02,
3.246929016113281250e+02,
3.104445800781250000e+02,
3.136471557617187500e+02,
3.044748840332031250e+02,
3.173952636718750000e+02,
3.492182006835937500e+02,
3.744762573242187500e+02,
3.332364807128906250e+02,
2.997223510742187500e+02,
3.120194396972656250e+02,
2.767227783203125000e+02,
2.834779968261718750e+02,
3.312074279785156250e+02,
3.134803771972656250e+02,
3.139892272949218750e+02,
3.274381103515625000e+02,
2.911612243652343750e+02,
2.920074157714843750e+02,
3.130050354003906250e+02,
2.930234375000000000e+02,
2.914277648925781250e+02,
2.949839477539062500e+02,
3.258087158203125000e+02,
3.181265563964843750e+02,
3.395544128417968750e+02,
3.758825988769531250e+02,
3.721570434570312500e+02,
3.858645935058593750e+02,
3.826543884277343750e+02,
4.130661315917968750e+02,
3.962755737304687500e+02,
4.533228149414062500e+02,
4.021568603515625000e+02,
3.951699218750000000e+02,
4.293406372070312500e+02,
4.219967956542968750e+02,
4.414663085937500000e+02,
3.770644531250000000e+02,
3.725790710449218750e+02,
3.450370483398437500e+02,
4.063905944824218750e+02,
3.521859741210937500e+02,
4.240908508300781250e+02,
3.418296508789062500e+02,
3.133773803710937500e+02,
3.809016113281250000e+02,
3.434041137695312500e+02,
3.207361755371093750e+02,
3.256467895507812500e+02,
2.973140563964843750e+02,
3.174256896972656250e+02,
2.983740539550781250e+02,
3.013580017089843750e+02,
2.757546691894531250e+02,
2.910936279296875000e+02,
3.220411987304687500e+02,
2.884087219238281250e+02,
3.019529724121093750e+02,
2.857968750000000000e+02,
2.895497741699218750e+02,
2.623572998046875000e+02,
2.510721588134765625e+02,
2.539915924072265625e+02,
2.399608612060546875e+02,
2.711643066406250000e+02,
2.975433654785156250e+02,
2.959748840332031250e+02,
3.015374145507812500e+02,
2.957612304687500000e+02,
2.988500061035156250e+02,
2.584495544433593750e+02,
2.718964538574218750e+02,
2.481959075927734375e+02,
2.501032867431640625e+02,
2.778992614746093750e+02,
2.496964874267578125e+02,
2.485131835937500000e+02,
2.426750488281250000e+02,
2.660594482421875000e+02,
2.662557373046875000e+02,
2.833909606933593750e+02,
2.673715820312500000e+02,
2.619788818359375000e+02,
2.758303222656250000e+02,
3.216900634765625000e+02,
3.163775329589843750e+02,
2.408576660156250000e+02,
2.669966125488281250e+02,
2.748486328125000000e+02,
2.846870117187500000e+02,
2.625508728027343750e+02,
2.628133850097656250e+02,
3.152024536132812500e+02,
2.476880340576171875e+02,
2.806459350585937500e+02,
2.699885864257812500e+02,
3.561667480468750000e+02,
2.375024871826171875e+02,
2.417226867675781250e+02,
2.898458557128906250e+02,
2.719500732421875000e+02,
2.621416015625000000e+02,
2.695574645996093750e+02,
2.427787170410156250e+02,
3.377533569335937500e+02,
2.996360473632812500e+02,
2.468083648681640625e+02,
2.537963409423828125e+02,
2.441188507080078125e+02,
2.685850830078125000e+02,
2.615581054687500000e+02,
2.671856079101562500e+02,
2.978674621582031250e+02,
3.047637329101562500e+02,
2.973816833496093750e+02,
3.211017761230468750e+02,
2.949006347656250000e+02,
2.652573547363281250e+02,
2.705139160156250000e+02,
2.964212646484375000e+02,
3.049382324218750000e+02,
3.211206665039062500e+02,
2.994337158203125000e+02,
3.582883911132812500e+02,
2.740644836425781250e+02,
3.202312622070312500e+02,
2.944504089355468750e+02,
3.174958496093750000e+02,
2.964076232910156250e+02,
3.290428466796875000e+02,
3.894700622558593750e+02,
3.203483276367187500e+02,
3.211936950683593750e+02,
2.760144653320312500e+02,
3.082615051269531250e+02,
2.934917602539062500e+02,
3.222339172363281250e+02,
3.076386718750000000e+02,
3.329227294921875000e+02,
3.815619812011718750e+02,
3.380537109375000000e+02,
3.048132934570312500e+02,
2.746860351562500000e+02,
3.159749450683593750e+02,
2.873513793945312500e+02,
3.508089599609375000e+02,
3.635625915527343750e+02,
3.308739624023437500e+02,
3.166447143554687500e+02,
2.659730834960937500e+02,
2.826357421875000000e+02,
3.332697753906250000e+02,
3.407516174316406250e+02,
3.106720275878906250e+02,
3.071523437500000000e+02,
3.062138671875000000e+02,
2.697912597656250000e+02,
2.986761779785156250e+02,
2.637432556152343750e+02,
2.969698181152343750e+02,
2.605462646484375000e+02,
2.676047058105468750e+02,
2.626511230468750000e+02,
2.941635131835937500e+02,
2.925143127441406250e+02,
2.796044006347656250e+02,
2.827985229492187500e+02,
3.013486328125000000e+02,
2.813496704101562500e+02,
3.262229309082031250e+02,
3.199528808593750000e+02,
2.850873413085937500e+02,
3.294839172363281250e+02,
3.168562316894531250e+02,
2.644519042968750000e+02,
2.727225036621093750e+02,
2.739108886718750000e+02,
2.844583740234375000e+02,
3.105685729980468750e+02,
2.779636535644531250e+02,
3.197045898437500000e+02,
3.572333984375000000e+02,
2.714586181640625000e+02,
2.917799072265625000e+02,
3.217835998535156250e+02,
2.896655883789062500e+02,
2.587846679687500000e+02,
3.058826293945312500e+02,
3.095703430175781250e+02,
2.964715270996093750e+02,
2.879887084960937500e+02,
2.951740112304687500e+02,
2.965731201171875000e+02,
2.582416381835937500e+02,
3.657495117187500000e+02,
2.849956359863281250e+02,
3.135352783203125000e+02,
2.862085571289062500e+02,
2.940902099609375000e+02,
3.643736877441406250e+02,
2.990302124023437500e+02,
2.542311553955078125e+02,
2.762207336425781250e+02,
2.668292236328125000e+02,
2.805920104980468750e+02,
2.571282958984375000e+02,
3.145610961914062500e+02,
3.105749206542968750e+02,
3.017150268554687500e+02,
2.841006774902343750e+02,
2.526590728759765625e+02,
3.190715026855468750e+02,
3.347278442382812500e+02,
2.817189636230468750e+02,
3.031336669921875000e+02,
2.848149108886718750e+02,
2.727011108398437500e+02,
2.716076965332031250e+02,
2.820646972656250000e+02,
2.961367187500000000e+02,
2.963392333984375000e+02,
3.117326354980468750e+02,
2.969166259765625000e+02,
3.585311889648437500e+02,
3.087360229492187500e+02,
3.246833190917968750e+02,
3.468900756835937500e+02,
3.336325378417968750e+02,
2.806841430664062500e+02,
3.047067565917968750e+02,
2.858837280273437500e+02,
3.422610778808593750e+02,
2.735406799316406250e+02,
2.648133544921875000e+02,
2.746559448242187500e+02,
3.109768066406250000e+02,
2.852934875488281250e+02,
3.434328613281250000e+02,
3.839537353515625000e+02,
3.187163085937500000e+02,
3.541977233886718750e+02,
3.384481506347656250e+02,
3.033992919921875000e+02,
2.960902404785156250e+02,
2.945689392089843750e+02,
3.177437744140625000e+02,
3.310996398925781250e+02,
3.695828247070312500e+02,
3.089695739746093750e+02,
3.406808166503906250e+02,
3.079834594726562500e+02,
2.861635437011718750e+02,
2.994978332519531250e+02,
3.006215515136718750e+02,
2.864481201171875000e+02,
3.346036376953125000e+02,
3.154563903808593750e+02,
2.603634948730468750e+02,
2.912435607910156250e+02,
3.133216247558593750e+02,
2.935529785156250000e+02,
2.473993988037109375e+02,
2.726510009765625000e+02,
2.698781127929687500e+02,
2.819168701171875000e+02,
2.813225708007812500e+02,
2.795782165527343750e+02,
2.753349609375000000e+02,
2.451881256103515625e+02,
2.905691528320312500e+02,
2.831255798339843750e+02,
2.703348388671875000e+02,
2.645996093750000000e+02,
2.997041320800781250e+02,
2.595276184082031250e+02,
2.795091552734375000e+02,
2.797197265625000000e+02,
3.531923217773437500e+02,
2.892031860351562500e+02,
2.894199523925781250e+02,
2.834230041503906250e+02,
2.554417419433593750e+02,
2.997687072753906250e+02,
2.719274597167968750e+02,
2.835690917968750000e+02,
2.729173278808593750e+02,
2.678246154785156250e+02,
2.861085205078125000e+02,
2.652396850585937500e+02,
2.479990997314453125e+02,
2.835019226074218750e+02,
2.676470642089843750e+02,
2.757700195312500000e+02,
3.125567016601562500e+02,
2.642368469238281250e+02,
2.574504394531250000e+02,
2.624192504882812500e+02,
3.103371582031250000e+02,
2.908172302246093750e+02,
2.664185180664062500e+02,
3.230298461914062500e+02,
2.961755676269531250e+02,
3.134475402832031250e+02,
2.869688415527343750e+02,
3.143750610351562500e+02,
2.586700439453125000e+02,
2.822210083007812500e+02,
2.769432678222656250e+02,
3.032103576660156250e+02,
2.942573852539062500e+02,
3.219493408203125000e+02,
3.109664916992187500e+02,
2.801635437011718750e+02,
2.773999328613281250e+02,
2.725567321777343750e+02,
3.216528015136718750e+02,
2.629617919921875000e+02,
2.342586364746093750e+02,
3.074418029785156250e+02,
2.914387207031250000e+02,
2.323065948486328125e+02,
2.811708374023437500e+02,
2.779325561523437500e+02,
2.350581970214843750e+02,
2.782213439941406250e+02,
2.852257690429687500e+02,
3.501408386230468750e+02,
3.168792114257812500e+02,
2.821577148437500000e+02,
3.145286560058593750e+02,
2.864374084472656250e+02,
2.819918823242187500e+02,
3.198015747070312500e+02,
3.015129089355468750e+02,
2.513049468994140625e+02,
2.906000671386718750e+02,
3.573600158691406250e+02,
2.986212158203125000e+02,
3.028367919921875000e+02,
3.199714355468750000e+02,
3.042773132324218750e+02,
2.972901000976562500e+02,
3.172201232910156250e+02,
4.026921386718750000e+02,
3.341365661621093750e+02,
3.396618957519531250e+02,
4.017667236328125000e+02,
2.922136840820312500e+02,
3.405204162597656250e+02,
2.766878662109375000e+02,
3.506045837402343750e+02,
3.265673217773437500e+02,
2.732084045410156250e+02,
2.755217285156250000e+02,
2.891247863769531250e+02,
2.484005737304687500e+02,
2.960676574707031250e+02,
3.006952209472656250e+02,
2.699347229003906250e+02,
2.988038330078125000e+02,
2.701235656738281250e+02,
2.940768127441406250e+02,
2.863989868164062500e+02,
3.064362487792968750e+02,
2.553851013183593750e+02,
3.016951293945312500e+02,
2.461703033447265625e+02,
2.423161621093750000e+02,
2.817579040527343750e+02,
2.826822509765625000e+02,
2.788124694824218750e+02,
2.402785491943359375e+02,
2.762600708007812500e+02,
2.542778778076171875e+02,
2.752812194824218750e+02,
2.846717224121093750e+02,
3.031955871582031250e+02,
2.956411132812500000e+02,
3.117815856933593750e+02,
2.965979919433593750e+02,
2.831353149414062500e+02,
3.314505615234375000e+02,
3.054609985351562500e+02,
2.610028991699218750e+02,
2.841220092773437500e+02,
2.726737670898437500e+02,
2.962452087402343750e+02,
2.953636474609375000e+02,
3.314093017578125000e+02,
2.960974121093750000e+02,
2.835900878906250000e+02,
2.946057128906250000e+02,
2.755138854980468750e+02,
2.629261779785156250e+02,
2.649205627441406250e+02,
3.175379638671875000e+02,
2.939605712890625000e+02,
2.896520996093750000e+02,
3.008142395019531250e+02,
2.944084472656250000e+02,
2.949020080566406250e+02,
2.826683654785156250e+02,
2.730193481445312500e+02,
3.655975341796875000e+02,
2.803582458496093750e+02,
3.067344055175781250e+02,
2.781618347167968750e+02,
2.875950927734375000e+02,
2.799160461425781250e+02,
3.041756896972656250e+02,
2.768377380371093750e+02,
2.578864746093750000e+02,
3.121524353027343750e+02,
2.738330078125000000e+02,
2.834908142089843750e+02,
3.153907775878906250e+02,
2.885475463867187500e+02,
2.638925170898437500e+02,
2.846986999511718750e+02,
3.132760314941406250e+02,
3.149841308593750000e+02,
2.963753051757812500e+02,
2.820434875488281250e+02,
3.043110046386718750e+02,
3.208690795898437500e+02,
3.080276794433593750e+02,
3.133723144531250000e+02,
3.353638305664062500e+02,
2.945969848632812500e+02,
3.513864135742187500e+02,
3.065301513671875000e+02,
3.092999572753906250e+02,
3.441756896972656250e+02,
3.218184509277343750e+02,
3.062477416992187500e+02,
2.817205810546875000e+02,
3.045360107421875000e+02,
2.779607238769531250e+02,
2.879570007324218750e+02,
2.825676879882812500e+02,
2.724180297851562500e+02,
2.518057708740234375e+02,
2.930415344238281250e+02,
2.788668823242187500e+02,
3.052745056152343750e+02,
3.229747314453125000e+02,
2.661637573242187500e+02,
2.834869995117187500e+02,
2.937859497070312500e+02,
3.198584594726562500e+02,
2.626517028808593750e+02,
2.753276062011718750e+02,
3.188623962402343750e+02,
2.608945312500000000e+02,
2.839042358398437500e+02,
2.416394653320312500e+02,
2.760899658203125000e+02,
3.171589355468750000e+02,
2.743825683593750000e+02,
3.012248535156250000e+02,
2.937534790039062500e+02,
2.902175598144531250e+02,
2.889920654296875000e+02,
3.220166625976562500e+02,
3.121772460937500000e+02,
3.191539001464843750e+02,
3.173351135253906250e+02,
3.074227294921875000e+02,
3.294289245605468750e+02,
3.310187988281250000e+02,
3.023382263183593750e+02,
3.161616821289062500e+02,
3.428020019531250000e+02,
3.149583435058593750e+02,
3.524558410644531250e+02,
3.021336059570312500e+02,
3.338744506835937500e+02,
3.304322814941406250e+02,
3.060479431152343750e+02,
3.319085998535156250e+02,
3.150046997070312500e+02,
3.575515441894531250e+02,
3.302861328125000000e+02,
3.220668029785156250e+02,
3.144044189453125000e+02,
3.852622985839843750e+02,
3.350677490234375000e+02,
3.316874389648437500e+02,
3.048081359863281250e+02,
2.939992370605468750e+02,
3.099814453125000000e+02,
2.841299133300781250e+02,
2.896836547851562500e+02,
3.054275207519531250e+02,
4.042071533203125000e+02,
3.039022216796875000e+02,
3.053607788085937500e+02,
3.010765075683593750e+02,
3.190645751953125000e+02,
3.740493774414062500e+02,
3.138441162109375000e+02,
3.007026367187500000e+02,
3.583937377929687500e+02,
3.499830932617187500e+02,
3.289528503417968750e+02,
3.505281066894531250e+02,
3.675273132324218750e+02,
3.721869201660156250e+02,
3.768641662597656250e+02,
3.643931579589843750e+02,
3.765489196777343750e+02,
3.690010375976562500e+02,
3.608599243164062500e+02,
3.582539672851562500e+02,
3.404981079101562500e+02,
3.265417480468750000e+02,
4.014794006347656250e+02,
4.142483215332031250e+02,
3.533881225585937500e+02,
4.118967895507812500e+02,
4.119237365722656250e+02,
3.527295837402343750e+02,
3.843530883789062500e+02,
4.012634582519531250e+02,
3.920492248535156250e+02,
4.384191894531250000e+02,
4.400658874511718750e+02,
4.344285888671875000e+02,
4.409224243164062500e+02,
4.334174499511718750e+02,
4.471300048828125000e+02,
4.351173706054687500e+02,
4.537501220703125000e+02,
4.380294799804687500e+02,
4.304659423828125000e+02,
4.492263793945312500e+02,
4.059724426269531250e+02,
4.303284912109375000e+02,
4.414307861328125000e+02,
4.624131774902343750e+02,
4.611915588378906250e+02,
5.298399658203125000e+02,
5.050194396972656250e+02,
5.176450805664062500e+02,
4.564460754394531250e+02,
4.730066223144531250e+02,
4.801574096679687500e+02,
4.907261047363281250e+02,
4.760039978027343750e+02,
4.440976867675781250e+02,
4.607520141601562500e+02,
4.649611816406250000e+02,
4.225597229003906250e+02,
4.098504943847656250e+02,
4.445090942382812500e+02,
4.445710754394531250e+02,
4.960136413574218750e+02,
4.592333984375000000e+02,
4.507304687500000000e+02,
4.925830688476562500e+02,
6.092335205078125000e+02,
5.768386230468750000e+02,
6.172302246093750000e+02,
5.931267700195312500e+02,
5.306937866210937500e+02,
4.901245727539062500e+02,
4.298550720214843750e+02,
4.329289245605468750e+02,
4.008299255371093750e+02,
3.742149658203125000e+02,
4.134644775390625000e+02,
4.645403442382812500e+02,
5.414776611328125000e+02,
4.958877868652343750e+02,
4.553370361328125000e+02,
4.871720275878906250e+02,
5.253109741210937500e+02,
4.454411621093750000e+02,
3.600194396972656250e+02,
3.751755676269531250e+02,
3.725148925781250000e+02,
3.700385437011718750e+02,
3.819480590820312500e+02,
4.320550231933593750e+02,
4.210372924804687500e+02,
3.993357238769531250e+02,
4.334382019042968750e+02,
4.189631042480468750e+02,
4.502853698730468750e+02,
4.847777709960937500e+02,
4.204597167968750000e+02,
4.130255432128906250e+02,
4.721950378417968750e+02,
4.677057495117187500e+02,
4.909089050292968750e+02,
5.193646850585937500e+02,
5.250902709960937500e+02,
5.072771911621093750e+02,
5.694438476562500000e+02,
5.435002441406250000e+02,
6.248232421875000000e+02,
6.496817016601562500e+02,
7.264503784179687500e+02,
7.091015014648437500e+02,
7.844960937500000000e+02,
7.886203002929687500e+02,
7.502039794921875000e+02,
7.396770629882812500e+02,
7.625117797851562500e+02,
7.134426269531250000e+02,
6.851697387695312500e+02,
6.530598754882812500e+02,
6.054301147460937500e+02,
5.465562744140625000e+02,
5.187329101562500000e+02,
5.033640441894531250e+02,
5.113768310546875000e+02,
4.446558532714843750e+02,
5.087939453125000000e+02,
4.702623901367187500e+02,
4.576766967773437500e+02,
4.730663146972656250e+02,
4.309512329101562500e+02,
4.052180175781250000e+02,
3.887884216308593750e+02,
3.999431457519531250e+02,
3.709539489746093750e+02,
3.415684814453125000e+02,
4.473986511230468750e+02,
3.681293945312500000e+02,
4.022142333984375000e+02,
4.063915710449218750e+02,
3.998020629882812500e+02,
3.910184326171875000e+02,
4.116260986328125000e+02,
4.499722290039062500e+02,
4.272946166992187500e+02,
3.576322937011718750e+02,
3.810647277832031250e+02,
3.926906738281250000e+02,
3.591172790527343750e+02,
3.773617248535156250e+02,
3.861929931640625000e+02,
3.597054748535156250e+02,
3.639353332519531250e+02,
3.865542907714843750e+02,
3.951407165527343750e+02,
3.968996276855468750e+02,
4.138463439941406250e+02,
3.855469970703125000e+02,
3.899918823242187500e+02,
4.411557922363281250e+02,
4.235650329589843750e+02,
4.723098754882812500e+02,
4.671639099121093750e+02,
4.229267578125000000e+02,
4.105810241699218750e+02,
4.160180664062500000e+02,
4.546861877441406250e+02,
3.863633117675781250e+02,
3.731475219726562500e+02,
4.043108215332031250e+02,
3.674546508789062500e+02,
3.701767883300781250e+02,
3.652326965332031250e+02,
3.991827087402343750e+02,
4.480607299804687500e+02,
4.001986694335937500e+02,
4.322925415039062500e+02,
4.151049194335937500e+02,
4.079546508789062500e+02,
4.126041870117187500e+02,
4.305616455078125000e+02,
4.972942199707031250e+02,
5.697920532226562500e+02,
5.560768432617187500e+02,
4.947464599609375000e+02,
4.906446533203125000e+02,
3.270460205078125000e+02,
3.429874267578125000e+02,
3.368932495117187500e+02,
3.646354370117187500e+02,
3.326979675292968750e+02,
3.677530822753906250e+02,
3.303040771484375000e+02,
4.113141174316406250e+02,
3.292230224609375000e+02,
3.054007263183593750e+02,
3.012684020996093750e+02,
3.055882873535156250e+02,
3.247065734863281250e+02,
3.218258361816406250e+02,
3.255493469238281250e+02,
3.611079711914062500e+02,
3.723986206054687500e+02,
3.569111633300781250e+02,
3.591883544921875000e+02,
3.732474670410156250e+02,
4.045510864257812500e+02,
4.846463317871093750e+02,
4.623780822753906250e+02,
4.143613891601562500e+02,
3.975876770019531250e+02,
4.140547180175781250e+02,
3.518981018066406250e+02,
3.573217163085937500e+02,
3.974795837402343750e+02,
3.577377014160156250e+02,
3.204844665527343750e+02,
3.184828491210937500e+02,
2.795105285644531250e+02,
2.961981201171875000e+02,
2.659173889160156250e+02,
2.762226562500000000e+02,
2.868606567382812500e+02,
2.614458923339843750e+02,
2.748610229492187500e+02,
2.692143554687500000e+02,
2.607964782714843750e+02,
3.161229858398437500e+02,
3.090258789062500000e+02,
3.200678710937500000e+02,
3.159935302734375000e+02,
2.397430419921875000e+02,
2.583512573242187500e+02,
2.964437866210937500e+02,
3.081081542968750000e+02,
2.849140014648437500e+02,
2.594282226562500000e+02,
2.716290588378906250e+02,
2.668099060058593750e+02,
2.359986572265625000e+02,
2.868602905273437500e+02,
2.670780944824218750e+02,
2.472091979980468750e+02,
2.882409973144531250e+02,
2.535462799072265625e+02,
3.058588562011718750e+02,
2.589238586425781250e+02,
2.809140625000000000e+02,
3.055036010742187500e+02,
2.920077514648437500e+02,
3.487399597167968750e+02,
2.923555297851562500e+02,
3.556918029785156250e+02,
3.682156677246093750e+02,
3.157150268554687500e+02,
3.366708984375000000e+02,
3.063138122558593750e+02,
3.689057312011718750e+02,
3.551563415527343750e+02,
3.746722106933593750e+02,
3.167077331542968750e+02,
3.318559875488281250e+02,
3.452392578125000000e+02,
3.276918640136718750e+02,
3.614595947265625000e+02,
3.377457275390625000e+02,
3.253981018066406250e+02,
3.262882995605468750e+02,
3.037109069824218750e+02,
3.045566406250000000e+02,
2.794866638183593750e+02,
2.947693176269531250e+02,
3.354640197753906250e+02,
2.667456054687500000e+02,
3.055550231933593750e+02,
2.790940246582031250e+02,
2.978869628906250000e+02,
3.313244323730468750e+02,
3.155662231445312500e+02,
3.452166442871093750e+02,
3.157743225097656250e+02,
3.277127685546875000e+02,
2.923640136718750000e+02,
3.131777038574218750e+02,
3.292533874511718750e+02,
2.805881042480468750e+02,
2.835924682617187500e+02,
3.098789062500000000e+02,
3.323353576660156250e+02,
2.541621856689453125e+02,
3.187302246093750000e+02,
2.597397460937500000e+02,
2.982022094726562500e+02,
2.910947265625000000e+02,
3.211762084960937500e+02,
2.807135009765625000e+02,
3.334578247070312500e+02,
2.954378967285156250e+02,
3.492869873046875000e+02,
2.642327575683593750e+02,
3.236800842285156250e+02,
3.218354797363281250e+02,
4.171394653320312500e+02,
3.554279174804687500e+02,
3.398017272949218750e+02,
3.021257019042968750e+02,
3.433760986328125000e+02,
3.602573547363281250e+02,
3.506571350097656250e+02,
3.194816894531250000e+02,
3.626719970703125000e+02,
3.272469787597656250e+02,
3.376812438964843750e+02,
3.546346130371093750e+02,
3.541242370605468750e+02,
3.559154968261718750e+02,
3.929067993164062500e+02,
3.434732666015625000e+02,
3.492360534667968750e+02,
3.423503723144531250e+02,
2.830009155273437500e+02,
3.009029541015625000e+02,
2.830763549804687500e+02,
2.884635620117187500e+02,
3.068889770507812500e+02,
4.200596923828125000e+02,
3.216766357421875000e+02,
3.085514526367187500e+02,
2.948488159179687500e+02,
3.155361938476562500e+02,
2.981267089843750000e+02,
2.974230346679687500e+02,
3.274858398437500000e+02,
2.604582519531250000e+02,
2.720476684570312500e+02,
2.801278381347656250e+02,
2.918627624511718750e+02,
2.705901794433593750e+02,
2.730067443847656250e+02,
2.923621215820312500e+02,
3.710970153808593750e+02,
2.920769958496093750e+02,
3.095660400390625000e+02,
2.893233642578125000e+02,
3.278647460937500000e+02,
3.060772094726562500e+02,
2.897941284179687500e+02,
2.796104431152343750e+02,
2.731065673828125000e+02,
2.957911376953125000e+02,
3.129012145996093750e+02,
2.688017578125000000e+02,
2.699097290039062500e+02,
2.776175842285156250e+02,
3.083034667968750000e+02,
2.785892639160156250e+02,
3.064803771972656250e+02,
3.028444213867187500e+02,
3.394198303222656250e+02,
3.160118408203125000e+02,
3.141534118652343750e+02,
3.710551452636718750e+02,
3.390247497558593750e+02,
3.621903076171875000e+02,
3.600538024902343750e+02,
3.421183776855468750e+02,
3.078175354003906250e+02,
3.157036437988281250e+02,
3.130494689941406250e+02,
3.074969482421875000e+02,
2.502347259521484375e+02,
3.079360351562500000e+02,
2.880596008300781250e+02,
2.880841674804687500e+02,
2.575776977539062500e+02,
2.599735412597656250e+02,
2.801462402343750000e+02,
2.793890991210937500e+02,
3.060312194824218750e+02,
2.718267822265625000e+02,
2.410727996826171875e+02,
2.993288879394531250e+02,
2.933348693847656250e+02,
3.036308288574218750e+02,
2.678789672851562500e+02,
2.853005676269531250e+02,
2.821354675292968750e+02,
2.979856567382812500e+02,
3.595484313964843750e+02,
3.052395935058593750e+02,
2.818828735351562500e+02,
2.784008178710937500e+02,
3.149800720214843750e+02,
2.953409423828125000e+02,
4.186674499511718750e+02,
3.073223876953125000e+02,
2.687908020019531250e+02,
3.181348571777343750e+02,
3.479961853027343750e+02,
2.860993347167968750e+02,
3.364682312011718750e+02,
3.180317993164062500e+02,
3.115988769531250000e+02,
3.088643493652343750e+02,
3.385386657714843750e+02,
3.468562622070312500e+02,
3.989555664062500000e+02,
3.762376403808593750e+02,
3.144016418457031250e+02,
3.316422729492187500e+02,
3.141081848144531250e+02,
3.062145996093750000e+02,
2.878118286132812500e+02,
3.310321960449218750e+02,
2.741520385742187500e+02,
3.003351440429687500e+02,
3.213895263671875000e+02,
2.819001159667968750e+02,
2.900556945800781250e+02,
2.915886230468750000e+02,
2.765213317871093750e+02,
3.025007934570312500e+02,
3.188658447265625000e+02,
3.370877380371093750e+02,
3.470536499023437500e+02,
3.793041992187500000e+02,
3.620962219238281250e+02,
3.517443237304687500e+02,
3.943044128417968750e+02,
3.492619934082031250e+02,
3.522147216796875000e+02,
3.494993896484375000e+02,
3.660185852050781250e+02,
3.394905090332031250e+02,
3.797761535644531250e+02,
3.478095703125000000e+02,
3.178061828613281250e+02,
3.461666259765625000e+02,
3.225417785644531250e+02,
3.237059631347656250e+02,
3.590132141113281250e+02,
3.326498107910156250e+02,
4.019548339843750000e+02,
4.059899597167968750e+02,
3.953241577148437500e+02,
3.647172241210937500e+02,
4.183483886718750000e+02,
3.774434204101562500e+02,
4.007966613769531250e+02,
3.735342407226562500e+02,
3.756281433105468750e+02,
3.970656738281250000e+02,
4.112142028808593750e+02,
4.974766235351562500e+02,
4.669848937988281250e+02,
4.823404541015625000e+02,
4.978810729980468750e+02,
4.835319213867187500e+02,
4.822522277832031250e+02,
4.756504211425781250e+02,
4.704598083496093750e+02,
5.042695617675781250e+02,
4.974647216796875000e+02,
5.481325683593750000e+02,
5.373150024414062500e+02,
4.837935791015625000e+02,
5.209752807617187500e+02,
4.977627563476562500e+02,
5.193569946289062500e+02,
5.387061157226562500e+02,
5.897857666015625000e+02,
5.908688964843750000e+02,
5.815637817382812500e+02,
5.632545166015625000e+02,
5.450174560546875000e+02,
4.966747741699218750e+02,
5.025731201171875000e+02,
4.904186401367187500e+02,
5.032421875000000000e+02,
5.131696777343750000e+02,
5.078199462890625000e+02,
4.568244934082031250e+02,
3.906785278320312500e+02,
4.277604675292968750e+02,
4.342835083007812500e+02,
4.303307189941406250e+02,
4.996568298339843750e+02,
4.962033386230468750e+02,
5.651751098632812500e+02,
5.138447265625000000e+02,
5.672260742187500000e+02,
6.520100708007812500e+02,
6.666503906250000000e+02,
7.331799316406250000e+02,
7.803856201171875000e+02,
7.862619628906250000e+02,
6.871065673828125000e+02,
6.602536010742187500e+02,
6.753739624023437500e+02,
5.317940673828125000e+02,
5.494579467773437500e+02,
5.192413940429687500e+02,
5.097740173339843750e+02,
4.263030090332031250e+02,
4.552253417968750000e+02,
3.792384033203125000e+02,
4.113248291015625000e+02,
4.099459228515625000e+02,
4.097000427246093750e+02,
4.462810363769531250e+02,
4.484309387207031250e+02,
4.324808654785156250e+02,
4.145835266113281250e+02,
4.168358764648437500e+02,
4.035142211914062500e+02,
3.956595153808593750e+02,
4.668374328613281250e+02,
4.461085510253906250e+02,
4.532726440429687500e+02,
4.537347717285156250e+02,
4.681725769042968750e+02,
4.194777832031250000e+02,
4.296017761230468750e+02,
3.679113769531250000e+02,
4.096222229003906250e+02,
4.421087036132812500e+02,
5.524519653320312500e+02,
5.183099975585937500e+02,
4.759879760742187500e+02,
4.873688964843750000e+02,
3.269158630371093750e+02,
3.436755371093750000e+02,
3.812427368164062500e+02,
3.272296447753906250e+02,
3.513005371093750000e+02,
3.194255371093750000e+02,
3.179334716796875000e+02,
3.518150024414062500e+02,
3.503093566894531250e+02,
3.677745056152343750e+02,
3.685789489746093750e+02,
3.893084716796875000e+02,
4.554667358398437500e+02,
4.518395080566406250e+02,
4.603069458007812500e+02,
4.590942687988281250e+02,
4.525236816406250000e+02,
3.822203369140625000e+02,
3.657536926269531250e+02,
3.566544189453125000e+02,
3.437511901855468750e+02,
3.264635009765625000e+02,
2.868887023925781250e+02,
2.876915893554687500e+02,
2.817708740234375000e+02,
3.043844299316406250e+02,
2.825181579589843750e+02,
3.524985046386718750e+02,
2.642869873046875000e+02,
2.797765808105468750e+02,
2.961039428710937500e+02,
2.728412475585937500e+02,
2.661045227050781250e+02,
2.712471618652343750e+02,
2.836675720214843750e+02,
2.828646545410156250e+02,
2.828522949218750000e+02,
2.574712829589843750e+02,
2.576350708007812500e+02,
2.838949279785156250e+02,
3.546664428710937500e+02,
3.135701293945312500e+02,
3.430632324218750000e+02,
3.270992126464843750e+02,
3.155983276367187500e+02,
3.540739440917968750e+02,
3.769179382324218750e+02,
3.639745788574218750e+02,
3.748688354492187500e+02,
4.042430114746093750e+02,
3.658664245605468750e+02,
3.750292358398437500e+02,
3.652343750000000000e+02,
3.481122131347656250e+02,
3.742075805664062500e+02,
3.129888610839843750e+02,
3.185021667480468750e+02,
3.050034484863281250e+02,
3.206395568847656250e+02,
3.205111083984375000e+02,
3.184266357421875000e+02,
4.164966125488281250e+02,
3.321182556152343750e+02,
3.103204956054687500e+02,
3.475759277343750000e+02,
2.919017333984375000e+02,
3.134254455566406250e+02,
3.001339416503906250e+02,
3.262099609375000000e+02,
3.215747680664062500e+02,
3.005322570800781250e+02,
2.964897155761718750e+02,
3.055081481933593750e+02,
3.119911804199218750e+02,
3.249005737304687500e+02,
3.144222717285156250e+02,
3.319915771484375000e+02,
3.380306396484375000e+02,
3.603706970214843750e+02,
3.523870544433593750e+02,
4.160987854003906250e+02,
3.601252746582031250e+02,
3.765025939941406250e+02,
4.147306213378906250e+02,
3.752447204589843750e+02,
3.666787719726562500e+02,
3.549740905761718750e+02,
3.624401550292968750e+02,
2.956885375976562500e+02,
3.370990600585937500e+02,
3.079465942382812500e+02,
3.112390747070312500e+02,
3.319277648925781250e+02,
2.816867675781250000e+02,
3.408962097167968750e+02,
3.176518859863281250e+02,
3.541163024902343750e+02,
3.159656982421875000e+02,
2.710988464355468750e+02,
2.731559753417968750e+02,
2.731023559570312500e+02,
3.369472351074218750e+02,
3.051914978027343750e+02,
3.155212707519531250e+02,
3.542162475585937500e+02,
3.178780212402343750e+02,
3.161399841308593750e+02,
2.814805297851562500e+02,
2.904999084472656250e+02,
3.476937255859375000e+02,
2.899336853027343750e+02,
3.007269897460937500e+02,
3.727404785156250000e+02,
3.256270446777343750e+02,
3.220870056152343750e+02,
3.378266906738281250e+02,
3.270808105468750000e+02,
3.426045227050781250e+02,
3.165173339843750000e+02,
3.662508239746093750e+02,
3.069992675781250000e+02,
3.871646423339843750e+02,
3.086956481933593750e+02,
2.673690795898437500e+02,
2.736164245605468750e+02,
3.348936157226562500e+02,
3.365603942871093750e+02,
3.052172241210937500e+02,
2.552952880859375000e+02,
2.872064208984375000e+02,
3.088239746093750000e+02,
2.817609863281250000e+02,
3.206946105957031250e+02,
3.014107971191406250e+02,
3.217685241699218750e+02,
3.412818298339843750e+02,
2.906707153320312500e+02,
3.789499816894531250e+02,
3.927893676757812500e+02,
3.365027160644531250e+02,
3.053796081542968750e+02,
3.415273132324218750e+02,
3.469333496093750000e+02,
3.733472290039062500e+02,
3.086279907226562500e+02,
3.485288085937500000e+02,
3.471798400878906250e+02,
3.589311828613281250e+02,
3.521266784667968750e+02,
3.110984497070312500e+02,
3.136041870117187500e+02,
3.105367431640625000e+02,
3.037656250000000000e+02,
3.118145141601562500e+02,
3.059011230468750000e+02,
3.199120178222656250e+02,
3.536164550781250000e+02,
4.074290466308593750e+02,
3.638247985839843750e+02,
3.889005737304687500e+02,
3.789745178222656250e+02,
3.832023620605468750e+02,
3.979040527343750000e+02,
3.966216125488281250e+02,
3.795826110839843750e+02,
3.556634826660156250e+02,
3.936117553710937500e+02,
4.062536315917968750e+02,
3.342695312500000000e+02,
3.611870117187500000e+02,
3.992703247070312500e+02,
4.486808166503906250e+02,
4.184907531738281250e+02,
3.843756408691406250e+02,
4.543352050781250000e+02,
4.452845458984375000e+02,
4.716753540039062500e+02,
4.936149291992187500e+02,
5.164125366210937500e+02,
5.231249389648437500e+02,
5.750256958007812500e+02,
5.187297363281250000e+02,
5.549206542968750000e+02,
5.752218627929687500e+02,
5.360602416992187500e+02,
5.486243896484375000e+02,
5.717316284179687500e+02,
6.133533935546875000e+02,
6.052969360351562500e+02,
6.479205932617187500e+02,
5.642200927734375000e+02,
6.118645019531250000e+02,
6.145743408203125000e+02,
5.641571044921875000e+02,
5.261178588867187500e+02,
5.105524597167968750e+02,
5.018277893066406250e+02,
5.093630676269531250e+02,
5.186932373046875000e+02,
4.915663757324218750e+02,
5.326693725585937500e+02,
5.508590698242187500e+02,
6.221005249023437500e+02,
6.750047607421875000e+02,
7.441561279296875000e+02,
7.614764404296875000e+02,
7.338875732421875000e+02,
6.632245483398437500e+02,
5.966589965820312500e+02,
5.475627441406250000e+02,
4.911158447265625000e+02,
4.363803100585937500e+02,
4.674035034179687500e+02,
4.636025695800781250e+02,
4.318558959960937500e+02,
4.310064392089843750e+02,
4.319868164062500000e+02,
4.161272583007812500e+02,
4.266704101562500000e+02,
4.392003479003906250e+02,
4.730018005371093750e+02,
5.161345214843750000e+02,
5.134026489257812500e+02,
5.272164916992187500e+02,
4.691268615722656250e+02,
4.869662170410156250e+02,
5.385963745117187500e+02,
5.451382446289062500e+02,
