1.020582397460937500e+03,
1.045602172851562500e+03,
9.657946777343750000e+02,
9.282880249023437500e+02,
9.028268432617187500e+02,
9.796550903320312500e+02,
9.819743652343750000e+02,
9.148024902343750000e+02,
9.797310791015625000e+02,
9.847644653320312500e+02,
9.600772705078125000e+02,
8.755676879882812500e+02,
8.751301269531250000e+02,
8.488788452148437500e+02,
8.027929687500000000e+02,
8.201746826171875000e+02,
8.005410156250000000e+02,
8.260040283203125000e+02,
7.257280273437500000e+02,
7.836984252929687500e+02,
7.426708374023437500e+02,
7.381791992187500000e+02,
6.376608886718750000e+02,
6.140296630859375000e+02,
5.844187011718750000e+02,
5.885394287109375000e+02,
5.596405029296875000e+02,
5.870012207031250000e+02,
5.145532226562500000e+02,
5.229032592773437500e+02,
4.794536132812500000e+02,
5.302641601562500000e+02,
5.150838012695312500e+02,
4.816741638183593750e+02,
5.116172790527343750e+02,
4.799681091308593750e+02,
4.988683471679687500e+02,
5.404459838867187500e+02,
4.900704345703125000e+02,
5.453534545898437500e+02,
5.361059570312500000e+02,
5.241315917968750000e+02,
5.294863891601562500e+02,
5.282265625000000000e+02,
5.638128662109375000e+02,
4.893458557128906250e+02,
5.296811523437500000e+02,
4.782769775390625000e+02,
4.980159301757812500e+02,
4.804839172363281250e+02,
4.792534484863281250e+02,
5.181763305664062500e+02,
5.136800537109375000e+02,
4.850092468261718750e+02,
4.932929382324218750e+02,
4.835807800292968750e+02,
4.896572265625000000e+02,
4.293129882812500000e+02,
4.217852783203125000e+02,
4.486762390136718750e+02,
4.205312805175781250e+02,
4.328692016601562500e+02,
4.075942077636718750e+02,
4.378783569335937500e+02,
4.072000122070312500e+02,
4.075644836425781250e+02,
3.996767883300781250e+02,
3.991750183105468750e+02,
4.287279663085937500e+02,
4.276827087402343750e+02,
4.961126098632812500e+02,
4.897568359375000000e+02,
4.895587768554687500e+02,
4.862538452148437500e+02,
4.394863891601562500e+02,
4.190118103027343750e+02,
4.176387329101562500e+02,
4.411829223632812500e+02,
4.095711364746093750e+02,
4.465143432617187500e+02,
4.141289978027343750e+02,
4.288914489746093750e+02,
4.464645690917968750e+02,
4.890729675292968750e+02,
4.171564941406250000e+02,
4.451678466796875000e+02,
4.411615295410156250e+02,
4.506842346191406250e+02,
4.276760864257812500e+02,
4.579365234375000000e+02,
4.185815429687500000e+02,
4.420364379882812500e+02,
4.635267639160156250e+02,
3.809808349609375000e+02,
3.950177001953125000e+02,
4.159680786132812500e+02,
4.252431030273437500e+02,
4.441000061035156250e+02,
4.645258789062500000e+02,
4.867123718261718750e+02,
4.764968872070312500e+02,
5.236036376953125000e+02,
4.114349975585937500e+02,
4.088894958496093750e+02,
4.106944580078125000e+02,
4.129100341796875000e+02,
4.716392211914062500e+02,
4.036494750976562500e+02,
4.304144287109375000e+02,
4.207730712890625000e+02,
4.602888183593750000e+02,
4.658891906738281250e+02,
4.795606689453125000e+02,
4.668715515136718750e+02,
4.733961486816406250e+02,
4.790623779296875000e+02,
4.930278015136718750e+02,
5.292786865234375000e+02,
5.382445678710937500e+02,
5.368966674804687500e+02,
5.532446899414062500e+02,
5.503427124023437500e+02,
5.777609863281250000e+02,
5.896766357421875000e+02,
5.664162597656250000e+02,
5.944570922851562500e+02,
5.974548339843750000e+02,
5.440635986328125000e+02,
5.453164672851562500e+02,
5.005859985351562500e+02,
5.819171142578125000e+02,
6.263251953125000000e+02,
6.756882934570312500e+02,
6.496067504882812500e+02,
7.111249389648437500e+02,
7.076740112304687500e+02,
6.895269165039062500e+02,
6.646480712890625000e+02,
6.168111572265625000e+02,
6.379113159179687500e+02,
6.098972167968750000e+02,
6.180867919921875000e+02,
5.770029907226562500e+02,
6.118408813476562500e+02,
5.740758666992187500e+02,
6.154321899414062500e+02,
6.079743041992187500e+02,
5.800686645507812500e+02,
5.687208862304687500e+02,
4.760481567382812500e+02,
4.527840576171875000e+02,
4.969496459960937500e+02,
4.305249023437500000e+02,
4.436228637695312500e+02,
4.462198486328125000e+02,
4.614900512695312500e+02,
4.364984436035156250e+02,
4.847993774414062500e+02,
4.877318420410156250e+02,
4.487994079589843750e+02,
5.195697631835937500e+02,
4.463414306640625000e+02,
4.507586364746093750e+02,
4.500338745117187500e+02,
4.452929992675781250e+02,
4.224769287109375000e+02,
4.392334899902343750e+02,
4.672332153320312500e+02,
4.473479309082031250e+02,
4.656805114746093750e+02,
4.621931762695312500e+02,
4.563272094726562500e+02,
4.633665466308593750e+02,
4.513679504394531250e+02,
4.470359802246093750e+02,
4.710573120117187500e+02,
4.820263366699218750e+02,
3.898922119140625000e+02,
4.466239929199218750e+02,
1.180404907226562500e+03,
1.106514038085937500e+03,
1.067015625000000000e+03,
1.044152587890625000e+03,
1.006370727539062500e+03,
9.690828857421875000e+02,
9.186147460937500000e+02,
8.324042358398437500e+02,
8.381360473632812500e+02,
7.561040649414062500e+02,
6.876692504882812500e+02,
6.622861328125000000e+02,
6.458756103515625000e+02,
6.232700805664062500e+02,
5.568676147460937500e+02,
5.636441650390625000e+02,
5.541136474609375000e+02,
5.305549926757812500e+02,
5.591519775390625000e+02,
5.976851196289062500e+02,
5.728135986328125000e+02,
6.184364013671875000e+02,
5.417864379882812500e+02,
5.627987670898437500e+02,
5.450393676757812500e+02,
5.273228149414062500e+02,
5.207024536132812500e+02,
4.774086914062500000e+02,
4.993509216308593750e+02,
4.853653259277343750e+02,
4.831073608398437500e+02,
4.493460083007812500e+02,
4.672348937988281250e+02,
4.918646850585937500e+02,
5.243673095703125000e+02,
4.877833251953125000e+02,
4.999945068359375000e+02,
4.500984191894531250e+02,
3.998255004882812500e+02,
4.490648193359375000e+02,
4.792869567871093750e+02,
5.315353393554687500e+02,
4.425530700683593750e+02,
4.454099121093750000e+02,
4.685366516113281250e+02,
4.880768432617187500e+02,
4.553876037597656250e+02,
4.818257446289062500e+02,
4.957099914550781250e+02,
4.950171508789062500e+02,
4.933276672363281250e+02,
4.252089538574218750e+02,
4.400921630859375000e+02,
4.904209899902343750e+02,
4.632068481445312500e+02,
4.914804382324218750e+02,
5.501575927734375000e+02,
5.342459106445312500e+02,
5.842507934570312500e+02,
5.983419799804687500e+02,
6.262589721679687500e+02,
5.980774536132812500e+02,
5.891925659179687500e+02,
6.391796264648437500e+02,
6.581322631835937500e+02,
6.959411010742187500e+02,
7.198490600585937500e+02,
7.365480957031250000e+02,
7.424424438476562500e+02,
7.034846801757812500e+02,
7.099132080078125000e+02,
7.284672241210937500e+02,
5.854213867187500000e+02,
5.414536132812500000e+02,
5.378308105468750000e+02,
5.200407714843750000e+02,
4.776598815917968750e+02,
5.184353637695312500e+02,
5.339259033203125000e+02,
4.944925842285156250e+02,
5.072336730957031250e+02,
5.416861572265625000e+02,
5.065580139160156250e+02,
5.409517822265625000e+02,
5.105504150390625000e+02,
5.252128295898437500e+02,
5.285153198242187500e+02,
1.168260498046875000e+03,
1.116312011718750000e+03,
1.137742675781250000e+03,
1.036170532226562500e+03,
9.268693237304687500e+02,
8.911486816406250000e+02,
7.662233276367187500e+02,
7.120877685546875000e+02,
6.932327880859375000e+02,
6.273660888671875000e+02,
6.051668701171875000e+02,
6.540920410156250000e+02,
6.570513305664062500e+02,
6.172610473632812500e+02,
6.543039550781250000e+02,
6.509491577148437500e+02,
5.916264648437500000e+02,
5.458736572265625000e+02,
5.644602050781250000e+02,
5.146970214843750000e+02,
5.335875244140625000e+02,
5.361123046875000000e+02,
5.032170104980468750e+02,
5.207332153320312500e+02,
4.910816345214843750e+02,
4.976199035644531250e+02,
5.250086669921875000e+02,
5.260502929687500000e+02,
4.731849975585937500e+02,
4.932796325683593750e+02,
5.264941406250000000e+02,
5.181267700195312500e+02,
5.519381713867187500e+02,
5.033664550781250000e+02,
5.177888793945312500e+02,
5.252305297851562500e+02,
5.825601806640625000e+02,
5.707855224609375000e+02,
6.322884521484375000e+02,
5.976194458007812500e+02,
6.412634887695312500e+02,
6.660211181640625000e+02,
7.518336181640625000e+02,
7.474494628906250000e+02,
7.414447631835937500e+02,
7.831586303710937500e+02,
7.157349243164062500e+02,
6.638046875000000000e+02,
6.398911743164062500e+02,
6.148350219726562500e+02,
6.338411254882812500e+02,
5.440693969726562500e+02,
5.755855712890625000e+02,
6.216623535156250000e+02,
5.611727294921875000e+02,
5.892545166015625000e+02,
6.064778442382812500e+02,
