1.392543945312500000e+03,
1.318504516601562500e+03,
1.320272216796875000e+03,
1.394862670898437500e+03,
1.236523315429687500e+03,
1.213618652343750000e+03,
1.132708740234375000e+03,
1.185719116210937500e+03,
1.239752563476562500e+03,
1.180245483398437500e+03,
1.180030639648437500e+03,
1.169343627929687500e+03,
1.128253051757812500e+03,
1.145834594726562500e+03,
1.100017578125000000e+03,
1.069632324218750000e+03,
1.048265869140625000e+03,
1.062593139648437500e+03,
1.022899780273437500e+03,
1.074292358398437500e+03,
1.001289611816406250e+03,
9.475913696289062500e+02,
9.697744750976562500e+02,
9.646669311523437500e+02,
9.767653198242187500e+02,
1.018865356445312500e+03,
9.944519042968750000e+02,
1.012767395019531250e+03,
9.558818359375000000e+02,
9.348530883789062500e+02,
9.558018188476562500e+02,
1.033626708984375000e+03,
9.697667236328125000e+02,
1.004650146484375000e+03,
1.034819213867187500e+03,
1.069419067382812500e+03,
9.777932739257812500e+02,
1.040795043945312500e+03,
9.798723754882812500e+02,
1.097578002929687500e+03,
1.070197021484375000e+03,
1.014911865234375000e+03,
1.045568969726562500e+03,
1.080346069335937500e+03,
1.128266235351562500e+03,
1.184683959960937500e+03,
1.156626342773437500e+03,
1.161259887695312500e+03,
1.230663208007812500e+03,
1.237865966796875000e+03,
1.238088134765625000e+03,
1.284541137695312500e+03,
1.260660400390625000e+03,
1.254514526367187500e+03,
1.271758178710937500e+03,
1.244590698242187500e+03,
1.315688720703125000e+03,
1.286513305664062500e+03,
1.297657714843750000e+03,
1.217587524414062500e+03,
1.156128540039062500e+03,
1.185471801757812500e+03,
1.175789184570312500e+03,
1.182027465820312500e+03,
1.192082885742187500e+03,
1.213926513671875000e+03,
1.258486572265625000e+03,
1.286973999023437500e+03,
1.451249877929687500e+03,
1.411659790039062500e+03,
1.319442138671875000e+03,
1.318889038085937500e+03,
1.288035400390625000e+03,
1.234306396484375000e+03,
1.203675659179687500e+03,
1.123667846679687500e+03,
1.093593750000000000e+03,
1.072606933593750000e+03,
1.050055664062500000e+03,
1.111560791015625000e+03,
1.068112304687500000e+03,
1.103867187500000000e+03,
1.099428588867187500e+03,
1.046960449218750000e+03,
1.074091674804687500e+03,
1.086653686523437500e+03,
1.166451660156250000e+03,
1.136119750976562500e+03,
1.243623901367187500e+03,
1.228607421875000000e+03,
1.298299682617187500e+03,
1.288768066406250000e+03,
1.334955200195312500e+03,
1.356213500976562500e+03,
1.428143188476562500e+03,
1.342621459960937500e+03,
1.330412963867187500e+03,
1.386330688476562500e+03,
1.350753173828125000e+03,
1.373420532226562500e+03,
1.443011108398437500e+03,
1.458289794921875000e+03,
1.440192382812500000e+03,
1.324916137695312500e+03,
1.216014526367187500e+03,
1.147019775390625000e+03,
1.192718872070312500e+03,
1.156849731445312500e+03,
1.120488647460937500e+03,
1.155737548828125000e+03,
1.138528808593750000e+03,
1.193047973632812500e+03,
1.263609619140625000e+03,
1.319610351562500000e+03,
1.408782226562500000e+03,
1.406504760742187500e+03,
1.443210205078125000e+03,
1.445299804687500000e+03,
1.447884643554687500e+03,
1.500812133789062500e+03,
