4.057763671875000000e+02,
4.140803222656250000e+02,
4.558874511718750000e+02,
3.705357971191406250e+02,
4.074895324707031250e+02,
3.559919738769531250e+02,
3.950078735351562500e+02,
4.483556518554687500e+02,
3.923539428710937500e+02,
3.766823730468750000e+02,
4.078396301269531250e+02,
3.664719848632812500e+02,
3.587643432617187500e+02,
3.629195861816406250e+02,
3.632184448242187500e+02,
3.807763977050781250e+02,
3.845707092285156250e+02,
4.050974731445312500e+02,
3.692839050292968750e+02,
3.848746032714843750e+02,
3.657500610351562500e+02,
3.791185302734375000e+02,
3.775790405273437500e+02,
3.803226623535156250e+02,
4.094555664062500000e+02,
4.017585144042968750e+02,
3.857087097167968750e+02,
4.031071166992187500e+02,
3.675821838378906250e+02,
3.875959472656250000e+02,
3.572908325195312500e+02,
3.451720275878906250e+02,
3.528473510742187500e+02,
3.516241455078125000e+02,
3.889303588867187500e+02,
3.530561828613281250e+02,
3.602453308105468750e+02,
3.752762451171875000e+02,
3.719351196289062500e+02,
3.896781311035156250e+02,
3.549819030761718750e+02,
3.582445068359375000e+02,
3.840524902343750000e+02,
3.434693298339843750e+02,
3.727433776855468750e+02,
3.864550476074218750e+02,
3.478038330078125000e+02,
3.407582397460937500e+02,
3.857595825195312500e+02,
3.513661193847656250e+02,
3.493116760253906250e+02,
3.746952514648437500e+02,
3.439031066894531250e+02,
3.489385375976562500e+02,
3.795098571777343750e+02,
3.733564147949218750e+02,
3.287095947265625000e+02,
3.556292114257812500e+02,
3.522305908203125000e+02,
3.681486206054687500e+02,
3.792265014648437500e+02,
4.066012878417968750e+02,
3.677830200195312500e+02,
3.619824218750000000e+02,
4.234384460449218750e+02,
3.366626586914062500e+02,
3.624690856933593750e+02,
3.741115722656250000e+02,
3.972874145507812500e+02,
3.932645568847656250e+02,
3.482010192871093750e+02,
3.437783203125000000e+02,
3.653838500976562500e+02,
3.373281555175781250e+02,
3.959885864257812500e+02,
3.705542297363281250e+02,
3.808675537109375000e+02,
3.416865844726562500e+02,
3.831000366210937500e+02,
3.913247680664062500e+02,
3.767973022460937500e+02,
3.512573852539062500e+02,
3.756453857421875000e+02,
3.717552490234375000e+02,
3.401646728515625000e+02,
3.470166320800781250e+02,
3.657308654785156250e+02,
3.507442626953125000e+02,
3.574580688476562500e+02,
3.884412536621093750e+02,
3.964960632324218750e+02,
3.909314270019531250e+02,
4.081386108398437500e+02,
3.737098388671875000e+02,
3.394826354980468750e+02,
3.710575256347656250e+02,
3.607950134277343750e+02,
3.648304443359375000e+02,
3.932340393066406250e+02,
3.903775634765625000e+02,
3.687732849121093750e+02,
3.991251220703125000e+02,
3.463786010742187500e+02,
3.308597717285156250e+02,
3.726505432128906250e+02,
3.646092834472656250e+02,
3.374674072265625000e+02,
3.487135925292968750e+02,
3.606122741699218750e+02,
3.613538818359375000e+02,
3.761148681640625000e+02,
3.999296569824218750e+02,
4.055804443359375000e+02,
3.691817016601562500e+02,
3.846522827148437500e+02,
4.091542358398437500e+02,
3.476250305175781250e+02,
4.336335449218750000e+02,
4.310089416503906250e+02,
3.309322204589843750e+02,
3.241319274902343750e+02,
3.423494873046875000e+02,
3.863013916015625000e+02,
4.641226501464843750e+02,
4.017580566406250000e+02,
3.834468383789062500e+02,
4.288500061035156250e+02,
3.694317016601562500e+02,
3.592998962402343750e+02,
3.359341125488281250e+02,
3.704624023437500000e+02,
3.620883178710937500e+02,
4.031502380371093750e+02,
3.861683349609375000e+02,
3.594359741210937500e+02,
4.081449584960937500e+02,
3.726680908203125000e+02,
3.458437194824218750e+02,
3.852854003906250000e+02,
3.578917846679687500e+02,
3.819816284179687500e+02,
4.127908325195312500e+02,
3.801020812988281250e+02,
3.638523864746093750e+02,
3.501521606445312500e+02,
3.833810424804687500e+02,
3.980039367675781250e+02,
4.155279235839843750e+02,
3.472768554687500000e+02,
3.377377929687500000e+02,
3.767738037109375000e+02,
3.788576049804687500e+02,
4.002726135253906250e+02,
3.682245788574218750e+02,
4.012810974121093750e+02,
4.061269836425781250e+02,
4.232028503417968750e+02,
3.812171936035156250e+02,
4.099402465820312500e+02,
4.272462463378906250e+02,
4.361849060058593750e+02,
3.710464172363281250e+02,
4.341855773925781250e+02,
3.586052246093750000e+02,
3.708618774414062500e+02,
4.483055725097656250e+02,
3.645731201171875000e+02,
3.624051818847656250e+02,
4.009825744628906250e+02,
3.726680603027343750e+02,
3.729802551269531250e+02,
3.781392517089843750e+02,
3.482753295898437500e+02,
4.173395996093750000e+02,
3.765779113769531250e+02,
3.939850769042968750e+02,
3.742287902832031250e+02,
4.160606384277343750e+02,
3.978941650390625000e+02,
3.962682495117187500e+02,
3.616033630371093750e+02,
4.178695068359375000e+02,
3.964676208496093750e+02,
3.945846862792968750e+02,
4.208983764648437500e+02,
4.421322937011718750e+02,
4.127735290527343750e+02,
4.598077392578125000e+02,
4.355611572265625000e+02,
4.121365661621093750e+02,
3.802311401367187500e+02,
3.722596435546875000e+02,
3.597023315429687500e+02,
3.981777648925781250e+02,
4.024501647949218750e+02,
3.672070312500000000e+02,
4.165803833007812500e+02,
4.915572814941406250e+02,
4.615356445312500000e+02,
4.985651855468750000e+02,
5.283675537109375000e+02,
6.164680175781250000e+02,
5.939852905273437500e+02,
6.276389770507812500e+02,
6.273848876953125000e+02,
6.766770019531250000e+02,
6.751185913085937500e+02,
7.383010253906250000e+02,
8.142462768554687500e+02,
9.255003051757812500e+02,
1.119861206054687500e+03,
1.271235229492187500e+03,
1.279539306640625000e+03,
1.373457275390625000e+03,
1.348075683593750000e+03,
1.286869873046875000e+03,
1.257504882812500000e+03,
1.346435668945312500e+03,
1.353386596679687500e+03,
1.390686157226562500e+03,
1.422696533203125000e+03,
1.510087646484375000e+03,
1.485289550781250000e+03,
1.411637207031250000e+03,
1.529261962890625000e+03,
1.427293945312500000e+03,
1.389899902343750000e+03,
1.265042724609375000e+03,
1.234626953125000000e+03,
1.158575561523437500e+03,
1.001525329589843750e+03,
9.322476806640625000e+02,
8.887124023437500000e+02,
7.615722656250000000e+02,
7.875418090820312500e+02,
7.352810058593750000e+02,
6.782235717773437500e+02,
7.316721191406250000e+02,
6.837556762695312500e+02,
7.088071899414062500e+02,
6.881049194335937500e+02,
6.905149536132812500e+02,
7.289780273437500000e+02,
7.492668457031250000e+02,
7.235349121093750000e+02,
6.697548828125000000e+02,
6.779967651367187500e+02,
6.328187866210937500e+02,
6.471597290039062500e+02,
6.263843383789062500e+02,
6.038635253906250000e+02,
6.630480346679687500e+02,
6.534818725585937500e+02,
6.467925415039062500e+02,
5.967875976562500000e+02,
6.419450683593750000e+02,
6.042108764648437500e+02,
6.225289916992187500e+02,
5.825697021484375000e+02,
6.241014404296875000e+02,
6.001298828125000000e+02,
6.017757568359375000e+02,
5.577396850585937500e+02,
5.732456665039062500e+02,
5.687717285156250000e+02,
5.984795532226562500e+02,
5.533778076171875000e+02,
5.697623291015625000e+02,
5.316661376953125000e+02,
5.364953002929687500e+02,
4.870592651367187500e+02,
5.225785522460937500e+02,
4.944316711425781250e+02,
4.796206970214843750e+02,
4.872052612304687500e+02,
4.881717529296875000e+02,
4.763148803710937500e+02,
5.067640686035156250e+02,
4.926048278808593750e+02,
4.585807800292968750e+02,
4.597195434570312500e+02,
4.822388000488281250e+02,
4.436198730468750000e+02,
4.811953430175781250e+02,
4.874041748046875000e+02,
4.890751953125000000e+02,
4.453472290039062500e+02,
4.650139770507812500e+02,
4.485691833496093750e+02,
4.508982238769531250e+02,
4.366242675781250000e+02,
4.094593200683593750e+02,
4.153543090820312500e+02,
4.633101196289062500e+02,
4.124226684570312500e+02,
4.395600585937500000e+02,
4.416060485839843750e+02,
4.801267089843750000e+02,
4.168753051757812500e+02,
4.363461914062500000e+02,
4.342555541992187500e+02,
4.451458129882812500e+02,
3.814592590332031250e+02,
4.097497558593750000e+02,
4.256946105957031250e+02,
4.251486816406250000e+02,
4.467212219238281250e+02,
4.177577819824218750e+02,
3.952942810058593750e+02,
4.509187622070312500e+02,
3.978672485351562500e+02,
4.142779235839843750e+02,
4.035292358398437500e+02,
4.429382019042968750e+02,
4.056415710449218750e+02,
4.231241455078125000e+02,
3.825580139160156250e+02,
4.057044982910156250e+02,
3.923300170898437500e+02,
4.223136596679687500e+02,
4.015553894042968750e+02,
3.859652709960937500e+02,
3.905583496093750000e+02,
3.862587280273437500e+02,
3.984191284179687500e+02,
3.921832885742187500e+02,
3.891342163085937500e+02,
3.775596008300781250e+02,
4.333463439941406250e+02,
4.003405151367187500e+02,
4.490214538574218750e+02,
4.090164794921875000e+02,
3.852192687988281250e+02,
4.052117919921875000e+02,
4.338788757324218750e+02,
4.006564941406250000e+02,
3.877673339843750000e+02,
3.874419250488281250e+02,
4.637574462890625000e+02,
4.265680541992187500e+02,
4.213876953125000000e+02,
3.933818359375000000e+02,
4.097437438964843750e+02,
4.041951599121093750e+02,
4.325392456054687500e+02,
3.899592285156250000e+02,
3.995644531250000000e+02,
4.055449523925781250e+02,
3.963971557617187500e+02,
3.841632690429687500e+02,
3.650175781250000000e+02,
4.816541137695312500e+02,
4.610831298828125000e+02,
4.470219726562500000e+02,
3.944321594238281250e+02,
4.042485351562500000e+02,
3.819804992675781250e+02,
4.345355834960937500e+02,
3.894153137207031250e+02,
3.818866577148437500e+02,
4.042513427734375000e+02,
3.735225524902343750e+02,
3.788402404785156250e+02,
4.290464172363281250e+02,
4.078798828125000000e+02,
3.948089599609375000e+02,
4.294143371582031250e+02,
4.062655639648437500e+02,
4.133676147460937500e+02,
3.837449340820312500e+02,
3.641333618164062500e+02,
3.621272277832031250e+02,
4.118890075683593750e+02,
4.022783813476562500e+02,
3.969948730468750000e+02,
4.019995422363281250e+02,
3.820752258300781250e+02,
4.731077880859375000e+02,
3.752738952636718750e+02,
4.018285522460937500e+02,
4.198765258789062500e+02,
4.318026428222656250e+02,
3.707238464355468750e+02,
4.022356872558593750e+02,
3.734642333984375000e+02,
4.149643249511718750e+02,
4.173278808593750000e+02,
4.538910522460937500e+02,
4.049800720214843750e+02,
4.000131835937500000e+02,
3.988032836914062500e+02,
4.120441284179687500e+02,
4.307259826660156250e+02,
3.897241821289062500e+02,
3.931911315917968750e+02,
3.824999389648437500e+02,
3.751114807128906250e+02,
3.806579895019531250e+02,
4.032198791503906250e+02,
4.136851806640625000e+02,
4.129376525878906250e+02,
3.914653320312500000e+02,
3.746698913574218750e+02,
4.004472045898437500e+02,
3.609786376953125000e+02,
3.640402832031250000e+02,
4.099114990234375000e+02,
3.922771606445312500e+02,
4.007550354003906250e+02,
3.710472717285156250e+02,
3.840740356445312500e+02,
4.356914062500000000e+02,
3.984064941406250000e+02,
4.047421264648437500e+02,
4.519859619140625000e+02,
4.375636596679687500e+02,
4.124400634765625000e+02,
4.304830932617187500e+02,
4.249915161132812500e+02,
4.172336425781250000e+02,
3.962842102050781250e+02,
4.030258789062500000e+02,
3.941896667480468750e+02,
4.150779113769531250e+02,
4.176294555664062500e+02,
4.138718872070312500e+02,
4.254016723632812500e+02,
4.235144348144531250e+02,
4.104042053222656250e+02,
3.959513244628906250e+02,
4.293597717285156250e+02,
4.109480285644531250e+02,
4.133748168945312500e+02,
4.459116210937500000e+02,
3.920542907714843750e+02,
4.136764526367187500e+02,
3.886973266601562500e+02,
3.916724243164062500e+02,
4.428545227050781250e+02,
4.355736083984375000e+02,
3.960051574707031250e+02,
4.120474853515625000e+02,
3.653366699218750000e+02,
3.890775146484375000e+02,
3.803410644531250000e+02,
4.287218322753906250e+02,
4.597053222656250000e+02,
3.696064758300781250e+02,
4.213393859863281250e+02,
4.788399047851562500e+02,
4.007673950195312500e+02,
4.049818115234375000e+02,
4.038758239746093750e+02,
4.049478149414062500e+02,
4.003420715332031250e+02,
4.333502197265625000e+02,
4.044820861816406250e+02,
4.069056091308593750e+02,
4.923125305175781250e+02,
4.191835327148437500e+02,
4.244211120605468750e+02,
4.296218261718750000e+02,
4.958966369628906250e+02,
4.707024536132812500e+02,
4.734957580566406250e+02,
5.249913940429687500e+02,
4.449352111816406250e+02,
4.398063354492187500e+02,
4.152164611816406250e+02,
4.041132202148437500e+02,
3.564355163574218750e+02,
4.150700073242187500e+02,
4.359707641601562500e+02,
3.974525146484375000e+02,
3.984989929199218750e+02,
4.119717712402343750e+02,
3.775173645019531250e+02,
3.948504943847656250e+02,
3.978691101074218750e+02,
4.081842346191406250e+02,
3.916923828125000000e+02,
3.842879028320312500e+02,
3.870559997558593750e+02,
4.454420776367187500e+02,
3.792862854003906250e+02,
4.147061462402343750e+02,
4.249248962402343750e+02,
4.214106445312500000e+02,
4.332153320312500000e+02,
4.191099548339843750e+02,
4.022608032226562500e+02,
4.919242553710937500e+02,
3.878535766601562500e+02,
3.927943725585937500e+02,
4.540483093261718750e+02,
4.260568542480468750e+02,
4.449164123535156250e+02,
4.574862365722656250e+02,
4.344600524902343750e+02,
4.542108459472656250e+02,
4.609630737304687500e+02,
4.290286865234375000e+02,
4.376353759765625000e+02,
4.463566589355468750e+02,
4.935298156738281250e+02,
3.816586303710937500e+02,
3.743003845214843750e+02,
3.645269165039062500e+02,
3.835741577148437500e+02,
3.920038757324218750e+02,
3.889860534667968750e+02,
4.013602294921875000e+02,
4.035930480957031250e+02,
4.166182556152343750e+02,
4.358967285156250000e+02,
3.882722778320312500e+02,
3.862165832519531250e+02,
4.618956298828125000e+02,
4.171350708007812500e+02,
4.322619018554687500e+02,
4.397990722656250000e+02,
3.947296752929687500e+02,
4.149264526367187500e+02,
4.320776062011718750e+02,
4.533979492187500000e+02,
4.380830078125000000e+02,
4.669425964355468750e+02,
4.488186340332031250e+02,
4.310540161132812500e+02,
4.689259338378906250e+02,
4.529129333496093750e+02,
4.304573364257812500e+02,
4.363238220214843750e+02,
4.280759582519531250e+02,
4.991162109375000000e+02,
4.620355529785156250e+02,
4.441002502441406250e+02,
4.555496215820312500e+02,
4.899577636718750000e+02,
4.865138854980468750e+02,
4.622173156738281250e+02,
4.714247436523437500e+02,
4.735827331542968750e+02,
5.176999511718750000e+02,
5.134273681640625000e+02,
4.986667785644531250e+02,
5.539505615234375000e+02,
5.578030395507812500e+02,
5.704355468750000000e+02,
5.486201782226562500e+02,
5.477319335937500000e+02,
5.962473144531250000e+02,
5.286157226562500000e+02,
4.674598388671875000e+02,
4.409308166503906250e+02,
4.683263549804687500e+02,
4.858551940917968750e+02,
4.964543457031250000e+02,
4.816357116699218750e+02,
5.297595214843750000e+02,
5.109279174804687500e+02,
5.332290649414062500e+02,
5.699878540039062500e+02,
5.337380371093750000e+02,
5.952774658203125000e+02,
5.549013671875000000e+02,
5.057358703613281250e+02,
4.791605834960937500e+02,
4.989649963378906250e+02,
4.459872436523437500e+02,
4.071237487792968750e+02,
4.195628051757812500e+02,
4.100101623535156250e+02,
4.722538757324218750e+02,
4.091931457519531250e+02,
4.396062011718750000e+02,
3.703937377929687500e+02,
3.829008789062500000e+02,
3.669570922851562500e+02,
3.906081237792968750e+02,
4.283354797363281250e+02,
3.819760131835937500e+02,
3.853283691406250000e+02,
4.548126220703125000e+02,
3.950025939941406250e+02,
3.792003173828125000e+02,
3.817354431152343750e+02,
3.693829345703125000e+02,
4.444356689453125000e+02,
3.867326049804687500e+02,
3.837694091796875000e+02,
4.486382446289062500e+02,
3.916876220703125000e+02,
4.082258911132812500e+02,
3.928604431152343750e+02,
3.901240234375000000e+02,
3.877671203613281250e+02,
3.977031860351562500e+02,
4.454325256347656250e+02,
3.926922912597656250e+02,
4.237994689941406250e+02,
4.427863769531250000e+02,
3.894890747070312500e+02,
4.325319824218750000e+02,
3.853522949218750000e+02,
3.912545166015625000e+02,
3.826907043457031250e+02,
4.893475036621093750e+02,
3.704896545410156250e+02,
4.210762329101562500e+02,
4.089512939453125000e+02,
3.761054687500000000e+02,
3.969833984375000000e+02,
4.179812927246093750e+02,
3.907686157226562500e+02,
3.685258178710937500e+02,
3.610671386718750000e+02,
4.225264587402343750e+02,
4.602691040039062500e+02,
3.777166442871093750e+02,
4.198042297363281250e+02,
4.507500305175781250e+02,
4.165055236816406250e+02,
4.294519042968750000e+02,
4.122263183593750000e+02,
4.225042724609375000e+02,
3.808460083007812500e+02,
3.939545898437500000e+02,
4.404879455566406250e+02,
4.211383972167968750e+02,
4.075490112304687500e+02,
4.118552551269531250e+02,
4.232530212402343750e+02,
4.417724609375000000e+02,
3.736293640136718750e+02,
4.577997131347656250e+02,
4.397568359375000000e+02,
4.621731567382812500e+02,
3.999028625488281250e+02,
4.373253173828125000e+02,
4.164451904296875000e+02,
4.838230590820312500e+02,
4.215925598144531250e+02,
4.151187133789062500e+02,
4.253337097167968750e+02,
4.427147216796875000e+02,
4.544744567871093750e+02,
4.737741699218750000e+02,
4.225824890136718750e+02,
4.694563903808593750e+02,
4.379824829101562500e+02,
4.264696350097656250e+02,
4.190583190917968750e+02,
4.750738525390625000e+02,
4.805031738281250000e+02,
4.824710998535156250e+02,
4.846060485839843750e+02,
4.423924865722656250e+02,
4.480951843261718750e+02,
4.769532775878906250e+02,
4.547242736816406250e+02,
4.522460021972656250e+02,
4.435174865722656250e+02,
4.526945800781250000e+02,
4.674815673828125000e+02,
5.397391967773437500e+02,
4.647377014160156250e+02,
4.868790588378906250e+02,
4.493080444335937500e+02,
4.926508483886718750e+02,
4.812581176757812500e+02,
4.656590576171875000e+02,
5.478594970703125000e+02,
5.178221435546875000e+02,
5.512540283203125000e+02,
6.561426391601562500e+02,
7.403012084960937500e+02,
7.524822998046875000e+02,
7.902317504882812500e+02,
8.221300659179687500e+02,
7.795189819335937500e+02,
7.923435668945312500e+02,
7.530151977539062500e+02,
6.570839843750000000e+02,
5.605149536132812500e+02,
5.745490722656250000e+02,
5.640198364257812500e+02,
5.722961425781250000e+02,
5.969308471679687500e+02,
6.397233276367187500e+02,
7.088496093750000000e+02,
6.470734863281250000e+02,
6.900722045898437500e+02,
6.738305664062500000e+02,
6.973012084960937500e+02,
6.518268432617187500e+02,
6.986439819335937500e+02,
6.930501098632812500e+02,
7.528253784179687500e+02,
6.970381469726562500e+02,
7.620104370117187500e+02,
8.097050781250000000e+02,
7.430850830078125000e+02,
7.631036376953125000e+02,
7.235114746093750000e+02,
6.555499267578125000e+02,
6.379578247070312500e+02,
6.075840454101562500e+02,
5.576610107421875000e+02,
5.927813110351562500e+02,
5.373181762695312500e+02,
4.993520812988281250e+02,
5.446333618164062500e+02,
5.090575256347656250e+02,
5.050077209472656250e+02,
5.337961425781250000e+02,
5.585158691406250000e+02,
5.448694458007812500e+02,
5.782680664062500000e+02,
5.552650146484375000e+02,
5.689797973632812500e+02,
5.988401489257812500e+02,
5.995541381835937500e+02,
6.104992065429687500e+02,
5.773461303710937500e+02,
6.004894409179687500e+02,
6.669327392578125000e+02,
6.108013916015625000e+02,
7.225388183593750000e+02,
7.383596801757812500e+02,
6.888753662109375000e+02,
7.111596679687500000e+02,
7.205964355468750000e+02,
6.705833740234375000e+02,
6.689094238281250000e+02,
6.906434936523437500e+02,
6.632327270507812500e+02,
7.796510009765625000e+02,
8.118511352539062500e+02,
8.467589721679687500e+02,
8.749591064453125000e+02,
8.875196533203125000e+02,
7.992484741210937500e+02,
7.816956176757812500e+02,
8.405184936523437500e+02,
8.567118530273437500e+02,
8.966306762695312500e+02,
8.129761352539062500e+02,
8.377739257812500000e+02,
9.070682983398437500e+02,
9.213453979492187500e+02,
4.762158813476562500e+02,
3.916000366210937500e+02,
3.949091491699218750e+02,
3.982835388183593750e+02,
4.176206970214843750e+02,
3.924603271484375000e+02,
3.833794250488281250e+02,
4.108729248046875000e+02,
3.930098266601562500e+02,
4.229036560058593750e+02,
3.352783813476562500e+02,
3.945917053222656250e+02,
3.559283752441406250e+02,
3.588743286132812500e+02,
3.747115173339843750e+02,
3.566536560058593750e+02,
3.526954345703125000e+02,
3.400989990234375000e+02,
3.289850158691406250e+02,
3.427406005859375000e+02,
3.613261108398437500e+02,
3.978067626953125000e+02,
3.588494873046875000e+02,
3.897964782714843750e+02,
4.067700805664062500e+02,
3.335786743164062500e+02,
4.535553588867187500e+02,
3.638016967773437500e+02,
3.704400329589843750e+02,
3.601416320800781250e+02,
3.599658813476562500e+02,
3.941442871093750000e+02,
3.496851196289062500e+02,
3.421620788574218750e+02,
3.788425903320312500e+02,
3.741363525390625000e+02,
3.823509826660156250e+02,
3.693717346191406250e+02,
3.434582519531250000e+02,
3.550429077148437500e+02,
3.661115722656250000e+02,
3.623525695800781250e+02,
4.294891662597656250e+02,
3.792087097167968750e+02,
4.021315002441406250e+02,
3.880949401855468750e+02,
3.364900207519531250e+02,
3.506388549804687500e+02,
3.830369262695312500e+02,
3.280319213867187500e+02,
3.551412658691406250e+02,
3.471308898925781250e+02,
3.928392028808593750e+02,
3.687862854003906250e+02,
4.317705688476562500e+02,
3.558557739257812500e+02,
3.923403015136718750e+02,
4.206961975097656250e+02,
3.856557922363281250e+02,
3.692983398437500000e+02,
4.089122009277343750e+02,
3.848208007812500000e+02,
3.962317810058593750e+02,
3.598595886230468750e+02,
3.428777160644531250e+02,
3.567280273437500000e+02,
3.650714111328125000e+02,
3.649708251953125000e+02,
3.294623107910156250e+02,
3.473738708496093750e+02,
3.681508789062500000e+02,
4.078472900390625000e+02,
3.756118164062500000e+02,
4.028753356933593750e+02,
4.142372436523437500e+02,
3.936256408691406250e+02,
4.170066223144531250e+02,
3.759161987304687500e+02,
3.758536376953125000e+02,
3.599956359863281250e+02,
4.041933593750000000e+02,
4.009748229980468750e+02,
3.594615173339843750e+02,
3.852240295410156250e+02,
3.773376770019531250e+02,
3.986292724609375000e+02,
3.922808837890625000e+02,
3.960721435546875000e+02,
3.956058959960937500e+02,
4.072453308105468750e+02,
4.134785461425781250e+02,
3.849605102539062500e+02,
3.827389526367187500e+02,
3.986131286621093750e+02,
3.988962402343750000e+02,
4.018940124511718750e+02,
4.511220703125000000e+02,
4.762122497558593750e+02,
4.909653320312500000e+02,
5.339780883789062500e+02,
6.297093505859375000e+02,
6.602725219726562500e+02,
8.023894653320312500e+02,
9.657470092773437500e+02,
1.136312744140625000e+03,
1.237972290039062500e+03,
1.324344360351562500e+03,
1.419784667968750000e+03,
1.489358154296875000e+03,
1.539257324218750000e+03,
1.536023071289062500e+03,
1.512565673828125000e+03,
1.480205688476562500e+03,
1.297299682617187500e+03,
1.101050659179687500e+03,
9.145182495117187500e+02,
8.804960327148437500e+02,
8.157868652343750000e+02,
7.802518310546875000e+02,
8.779434814453125000e+02,
7.750473022460937500e+02,
7.426759643554687500e+02,
7.540748901367187500e+02,
7.024873046875000000e+02,
6.943455200195312500e+02,
6.841024169921875000e+02,
6.263458862304687500e+02,
6.144247436523437500e+02,
6.475830688476562500e+02,
6.187218017578125000e+02,
5.992345581054687500e+02,
6.172053833007812500e+02,
6.105309448242187500e+02,
5.735117187500000000e+02,
5.399487304687500000e+02,
5.314799804687500000e+02,
5.292538452148437500e+02,
5.037722778320312500e+02,
5.185503540039062500e+02,
5.410825195312500000e+02,
5.225308837890625000e+02,
5.328192749023437500e+02,
5.636077880859375000e+02,
4.716142272949218750e+02,
4.746645812988281250e+02,
4.801460571289062500e+02,
4.376728210449218750e+02,
4.144519653320312500e+02,
4.473508300781250000e+02,
4.720879821777343750e+02,
4.397568664550781250e+02,
4.647437438964843750e+02,
4.947948608398437500e+02,
4.263676452636718750e+02,
4.326199951171875000e+02,
4.067810668945312500e+02,
4.078609313964843750e+02,
4.778907775878906250e+02,
4.317702941894531250e+02,
4.087740478515625000e+02,
4.020902099609375000e+02,
4.015815734863281250e+02,
4.594179382324218750e+02,
4.128472595214843750e+02,
4.667832641601562500e+02,
4.098155212402343750e+02,
4.440765075683593750e+02,
4.185688781738281250e+02,
4.477727966308593750e+02,
4.677695312500000000e+02,
4.123258666992187500e+02,
4.203793334960937500e+02,
4.750826110839843750e+02,
4.202463378906250000e+02,
4.187758178710937500e+02,
4.127670288085937500e+02,
4.150833435058593750e+02,
4.886360473632812500e+02,
4.177986145019531250e+02,
3.844127807617187500e+02,
3.920311889648437500e+02,
4.233430175781250000e+02,
4.126573181152343750e+02,
4.140836791992187500e+02,
4.186108703613281250e+02,
3.953429565429687500e+02,
3.954174804687500000e+02,
3.885485229492187500e+02,
4.127578125000000000e+02,
3.645156860351562500e+02,
4.288362121582031250e+02,
4.248102416992187500e+02,
3.956004943847656250e+02,
4.232821655273437500e+02,
3.942478332519531250e+02,
4.290416259765625000e+02,
3.762192687988281250e+02,
4.002889099121093750e+02,
3.921032714843750000e+02,
4.050740661621093750e+02,
4.208027648925781250e+02,
4.317894287109375000e+02,
4.575411987304687500e+02,
4.156734924316406250e+02,
4.323627624511718750e+02,
4.219045104980468750e+02,
4.334730834960937500e+02,
4.692643737792968750e+02,
4.518372192382812500e+02,
4.211991882324218750e+02,
4.888191223144531250e+02,
4.647376098632812500e+02,
4.202753295898437500e+02,
3.994690856933593750e+02,
4.283357543945312500e+02,
4.164830627441406250e+02,
4.828020019531250000e+02,
4.073578491210937500e+02,
4.351361083984375000e+02,
4.252083435058593750e+02,
4.065104064941406250e+02,
3.902465515136718750e+02,
4.059524841308593750e+02,
3.966614990234375000e+02,
4.392638549804687500e+02,
4.597171630859375000e+02,
4.346379699707031250e+02,
4.571737670898437500e+02,
5.093787231445312500e+02,
4.786027221679687500e+02,
5.117433166503906250e+02,
4.822291870117187500e+02,
4.468423461914062500e+02,
4.720936889648437500e+02,
4.654790039062500000e+02,
3.895781860351562500e+02,
4.439111328125000000e+02,
4.284219055175781250e+02,
4.498616943359375000e+02,
3.858135986328125000e+02,
4.367334899902343750e+02,
4.277830810546875000e+02,
4.361242675781250000e+02,
4.218556518554687500e+02,
4.460953369140625000e+02,
4.569142150878906250e+02,
4.382414550781250000e+02,
4.591495666503906250e+02,
4.467752990722656250e+02,
4.146090698242187500e+02,
4.171778564453125000e+02,
4.995497131347656250e+02,
4.116265869140625000e+02,
4.516540222167968750e+02,
4.935806274414062500e+02,
4.158435974121093750e+02,
4.186196594238281250e+02,
4.468982238769531250e+02,
4.633038635253906250e+02,
4.479526062011718750e+02,
4.266330566406250000e+02,
4.618637695312500000e+02,
4.802435302734375000e+02,
5.133038330078125000e+02,
4.842719726562500000e+02,
4.691235961914062500e+02,
4.847021789550781250e+02,
5.368132324218750000e+02,
4.994515686035156250e+02,
5.336238403320312500e+02,
5.684194335937500000e+02,
6.117547607421875000e+02,
6.287661132812500000e+02,
6.522329711914062500e+02,
6.621437988281250000e+02,
6.289551391601562500e+02,
5.702207641601562500e+02,
5.816936035156250000e+02,
5.852863769531250000e+02,
6.249407958984375000e+02,
5.640083618164062500e+02,
5.597897338867187500e+02,
5.389713134765625000e+02,
4.948191223144531250e+02,
4.865928649902343750e+02,
4.221447448730468750e+02,
4.431359252929687500e+02,
5.179461059570312500e+02,
4.364505004882812500e+02,
4.052617492675781250e+02,
4.156978149414062500e+02,
4.056995849609375000e+02,
4.341777954101562500e+02,
3.919046325683593750e+02,
4.009515991210937500e+02,
4.124913635253906250e+02,
4.663753662109375000e+02,
4.308344726562500000e+02,
4.184197692871093750e+02,
4.629822692871093750e+02,
3.892440795898437500e+02,
4.052857666015625000e+02,
4.216492004394531250e+02,
3.874026794433593750e+02,
4.485130615234375000e+02,
4.237083740234375000e+02,
4.865328063964843750e+02,
4.550910034179687500e+02,
4.074784851074218750e+02,
4.105932617187500000e+02,
4.276113586425781250e+02,
4.867890625000000000e+02,
4.532313232421875000e+02,
4.353171386718750000e+02,
4.327417907714843750e+02,
4.279678649902343750e+02,
4.704665222167968750e+02,
4.705245056152343750e+02,
4.721781311035156250e+02,
4.891063537597656250e+02,
4.433700256347656250e+02,
4.486401062011718750e+02,
4.873766479492187500e+02,
5.022922668457031250e+02,
4.904954833984375000e+02,
4.925590515136718750e+02,
4.862077331542968750e+02,
4.678366699218750000e+02,
4.707822570800781250e+02,
4.801333618164062500e+02,
4.785480957031250000e+02,
4.847482604980468750e+02,
4.928957519531250000e+02,
5.505389404296875000e+02,
5.412816772460937500e+02,
6.358180541992187500e+02,
6.691023559570312500e+02,
7.903876342773437500e+02,
8.047214965820312500e+02,
8.290493164062500000e+02,
8.181009521484375000e+02,
8.166519775390625000e+02,
6.675350341796875000e+02,
6.713549194335937500e+02,
6.932389526367187500e+02,
6.992278442382812500e+02,
7.310465087890625000e+02,
7.473816528320312500e+02,
6.939571533203125000e+02,
7.329174804687500000e+02,
7.357850952148437500e+02,
6.985355224609375000e+02,
6.696226806640625000e+02,
6.170469970703125000e+02,
6.025912475585937500e+02,
5.782698364257812500e+02,
6.120502319335937500e+02,
6.464605712890625000e+02,
6.559283447265625000e+02,
6.311992797851562500e+02,
6.499335327148437500e+02,
7.303952026367187500e+02,
6.732937622070312500e+02,
7.221486816406250000e+02,
7.716392822265625000e+02,
7.443980712890625000e+02,
8.370043334960937500e+02,
9.296510009765625000e+02,
8.785811767578125000e+02,
8.964489135742187500e+02,
9.373325195312500000e+02,
9.113249511718750000e+02,
9.111975708007812500e+02,
9.679186401367187500e+02,
3.995301513671875000e+02,
3.953541564941406250e+02,
3.912951049804687500e+02,
3.743963623046875000e+02,
3.805921325683593750e+02,
3.953407897949218750e+02,
3.955799560546875000e+02,
3.600280456542968750e+02,
3.625928344726562500e+02,
3.752712402343750000e+02,
3.998175354003906250e+02,
3.668586120605468750e+02,
3.608969421386718750e+02,
3.452152099609375000e+02,
3.862697448730468750e+02,
3.906250610351562500e+02,
3.329556274414062500e+02,
3.594496765136718750e+02,
3.520952148437500000e+02,
3.827441711425781250e+02,
3.535906982421875000e+02,
3.656827392578125000e+02,
3.656271362304687500e+02,
3.685746154785156250e+02,
3.913833007812500000e+02,
3.943189697265625000e+02,
4.553804016113281250e+02,
4.105839843750000000e+02,
3.740150756835937500e+02,
4.235134887695312500e+02,
3.426279296875000000e+02,
3.379803161621093750e+02,
3.924905700683593750e+02,
3.804296875000000000e+02,
3.604525451660156250e+02,
3.556557922363281250e+02,
3.701615295410156250e+02,
3.686469726562500000e+02,
3.760320129394531250e+02,
3.790019226074218750e+02,
3.821664123535156250e+02,
4.172171020507812500e+02,
3.906829528808593750e+02,
3.454299011230468750e+02,
3.885775756835937500e+02,
3.400403137207031250e+02,
3.602052307128906250e+02,
3.627181091308593750e+02,
4.074343261718750000e+02,
3.841385498046875000e+02,
3.987045898437500000e+02,
3.841419982910156250e+02,
3.821002807617187500e+02,
3.880660095214843750e+02,
3.827341613769531250e+02,
3.846514282226562500e+02,
3.549154052734375000e+02,
3.871759338378906250e+02,
4.404518432617187500e+02,
4.454057312011718750e+02,
4.203528747558593750e+02,
3.843054199218750000e+02,
4.205914306640625000e+02,
4.291566772460937500e+02,
5.069597473144531250e+02,
5.426079711914062500e+02,
6.786631469726562500e+02,
8.923753051757812500e+02,
1.081235229492187500e+03,
1.225673095703125000e+03,
1.434310668945312500e+03,
1.594941162109375000e+03,
1.639852294921875000e+03,
1.652672363281250000e+03,
1.516474121093750000e+03,
1.265741699218750000e+03,
1.086168334960937500e+03,
9.504133300781250000e+02,
9.139576416015625000e+02,
8.460660400390625000e+02,
8.160931396484375000e+02,
7.526482543945312500e+02,
7.609308471679687500e+02,
7.394598388671875000e+02,
6.782270507812500000e+02,
7.153733520507812500e+02,
6.773104858398437500e+02,
6.291336669921875000e+02,
5.578079223632812500e+02,
5.557208862304687500e+02,
5.314313964843750000e+02,
5.685548706054687500e+02,
5.643831176757812500e+02,
6.097781372070312500e+02,
5.416796875000000000e+02,
5.140460205078125000e+02,
5.447410888671875000e+02,
4.481828002929687500e+02,
4.676328125000000000e+02,
4.497654418945312500e+02,
4.752729492187500000e+02,
4.416399230957031250e+02,
4.937336120605468750e+02,
4.396520690917968750e+02,
4.294346313476562500e+02,
4.190861206054687500e+02,
4.418970031738281250e+02,
3.809486999511718750e+02,
4.087516784667968750e+02,
4.210322570800781250e+02,
4.172455749511718750e+02,
4.270834655761718750e+02,
4.652126770019531250e+02,
4.324039611816406250e+02,
4.536625061035156250e+02,
4.234253540039062500e+02,
4.402775573730468750e+02,
4.251938781738281250e+02,
4.658981323242187500e+02,
4.152955322265625000e+02,
4.304866638183593750e+02,
4.227427062988281250e+02,
4.679711914062500000e+02,
4.158193969726562500e+02,
4.136724853515625000e+02,
4.193344421386718750e+02,
4.064175109863281250e+02,
4.573985290527343750e+02,
4.182257690429687500e+02,
4.522848510742187500e+02,
4.192303771972656250e+02,
3.993321228027343750e+02,
4.434276733398437500e+02,
4.220170593261718750e+02,
3.947918090820312500e+02,
4.440628662109375000e+02,
4.652764282226562500e+02,
4.917221679687500000e+02,
4.663833007812500000e+02,
4.491879272460937500e+02,
4.729547424316406250e+02,
4.542153625488281250e+02,
4.717969665527343750e+02,
4.629365844726562500e+02,
4.398530883789062500e+02,
4.298309020996093750e+02,
4.776983642578125000e+02,
4.731502990722656250e+02,
4.388033142089843750e+02,
4.638992919921875000e+02,
4.794013977050781250e+02,
4.876636352539062500e+02,
5.399738159179687500e+02,
5.001849365234375000e+02,
5.692728271484375000e+02,
4.825008239746093750e+02,
4.529261779785156250e+02,
4.181318969726562500e+02,
4.447669067382812500e+02,
4.885617065429687500e+02,
4.398531494140625000e+02,
4.756168823242187500e+02,
5.186176147460937500e+02,
4.911638793945312500e+02,
5.057766418457031250e+02,
4.358297119140625000e+02,
4.622264099121093750e+02,
4.336458129882812500e+02,
4.204697570800781250e+02,
4.343654479980468750e+02,
4.306079711914062500e+02,
4.465149230957031250e+02,
4.712273559570312500e+02,
5.113978576660156250e+02,
5.183349609375000000e+02,
5.315985717773437500e+02,
5.466026611328125000e+02,
5.910650024414062500e+02,
5.586089477539062500e+02,
5.948328247070312500e+02,
6.718799438476562500e+02,
6.762972412109375000e+02,
6.799274291992187500e+02,
6.633020629882812500e+02,
6.884495239257812500e+02,
6.403302612304687500e+02,
6.338695068359375000e+02,
5.714966430664062500e+02,
5.682408447265625000e+02,
5.084993896484375000e+02,
4.435341186523437500e+02,
4.051171875000000000e+02,
4.339972534179687500e+02,
4.146289978027343750e+02,
4.607804565429687500e+02,
4.103794250488281250e+02,
4.660082092285156250e+02,
4.644036254882812500e+02,
4.597476501464843750e+02,
4.341411132812500000e+02,
4.122452697753906250e+02,
4.111965942382812500e+02,
4.812305297851562500e+02,
4.590496215820312500e+02,
4.653389892578125000e+02,
4.487987365722656250e+02,
4.545216979980468750e+02,
4.600557556152343750e+02,
4.544729614257812500e+02,
4.493492431640625000e+02,
4.798305358886718750e+02,
4.951280822753906250e+02,
4.704205627441406250e+02,
4.687891845703125000e+02,
4.927285461425781250e+02,
5.666057739257812500e+02,
4.910236511230468750e+02,
5.220599365234375000e+02,
5.229233398437500000e+02,
5.102131347656250000e+02,
5.218075561523437500e+02,
5.458236694335937500e+02,
6.072851562500000000e+02,
7.342822875976562500e+02,
8.492035522460937500e+02,
8.059299316406250000e+02,
8.488234863281250000e+02,
8.994529418945312500e+02,
7.642650146484375000e+02,
7.219448242187500000e+02,
8.365465087890625000e+02,
7.888980712890625000e+02,
7.592879638671875000e+02,
7.502791748046875000e+02,
7.080138549804687500e+02,
7.500619506835937500e+02,
6.743815917968750000e+02,
7.049105834960937500e+02,
7.394660034179687500e+02,
7.249046630859375000e+02,
7.657803344726562500e+02,
8.217673950195312500e+02,
8.122953491210937500e+02,
8.926882934570312500e+02,
9.004702758789062500e+02,
9.484399414062500000e+02,
9.543300781250000000e+02,
1.003725341796875000e+03,
