4.927118225097656250e+02,
5.056897277832031250e+02,
5.333995971679687500e+02,
5.202839355468750000e+02,
4.790667114257812500e+02,
4.715121765136718750e+02,
4.465711364746093750e+02,
4.981488952636718750e+02,
4.766793823242187500e+02,
4.882443847656250000e+02,
5.645957031250000000e+02,
5.228914184570312500e+02,
5.591384277343750000e+02,
6.007723999023437500e+02,
5.615045166015625000e+02,
5.693953247070312500e+02,
5.264458007812500000e+02,
5.823173828125000000e+02,
5.210477294921875000e+02,
5.438793334960937500e+02,
5.035355834960937500e+02,
5.127409667968750000e+02,
5.104324951171875000e+02,
5.356278076171875000e+02,
5.157452392578125000e+02,
4.447963562011718750e+02,
4.810483398437500000e+02,
4.566172790527343750e+02,
4.470929870605468750e+02,
4.359875183105468750e+02,
4.579368591308593750e+02,
4.982457885742187500e+02,
5.297749633789062500e+02,
4.434387207031250000e+02,
4.878251342773437500e+02,
4.440926513671875000e+02,
4.734579772949218750e+02,
4.760461120605468750e+02,
4.546437988281250000e+02,
4.659637451171875000e+02,
4.528278198242187500e+02,
4.746798095703125000e+02,
4.589865417480468750e+02,
4.590561218261718750e+02,
4.671840515136718750e+02,
4.703674011230468750e+02,
4.839091796875000000e+02,
5.059009094238281250e+02,
4.918036499023437500e+02,
4.501719055175781250e+02,
4.766162719726562500e+02,
5.371275024414062500e+02,
4.994175720214843750e+02,
4.999752197265625000e+02,
4.966821289062500000e+02,
5.009797058105468750e+02,
5.126697998046875000e+02,
5.829707031250000000e+02,
5.315021972656250000e+02,
6.293811645507812500e+02,
6.225924682617187500e+02,
6.189528808593750000e+02,
6.676560058593750000e+02,
7.187471923828125000e+02,
7.202634887695312500e+02,
6.958878173828125000e+02,
7.479985961914062500e+02,
6.956851806640625000e+02,
6.720238647460937500e+02,
6.936035156250000000e+02,
6.920112304687500000e+02,
6.429300537109375000e+02,
6.865900878906250000e+02,
6.534624633789062500e+02,
7.058242187500000000e+02,
7.070429687500000000e+02,
7.404582519531250000e+02,
8.068849487304687500e+02,
9.352260131835937500e+02,
1.026289062500000000e+03,
1.032484008789062500e+03,
1.119247436523437500e+03,
1.039534423828125000e+03,
1.119337524414062500e+03,
1.164332519531250000e+03,
1.025463867187500000e+03,
1.091491821289062500e+03,
9.414606323242187500e+02,
9.089308471679687500e+02,
8.090723876953125000e+02,
8.246369628906250000e+02,
8.293024291992187500e+02,
8.491738891601562500e+02,
9.487263183593750000e+02,
9.171075439453125000e+02,
9.651024780273437500e+02,
1.004881286621093750e+03,
1.013695678710937500e+03,
9.896268310546875000e+02,
9.942003784179687500e+02,
9.135857543945312500e+02,
9.096069335937500000e+02,
8.720211181640625000e+02,
8.258063964843750000e+02,
7.792324829101562500e+02,
7.097505493164062500e+02,
7.444703979492187500e+02,
6.895277099609375000e+02,
6.729155273437500000e+02,
6.601723632812500000e+02,
6.807836914062500000e+02,
6.742754516601562500e+02,
6.679597778320312500e+02,
6.482500000000000000e+02,
5.944377441406250000e+02,
6.088322753906250000e+02,
5.754465942382812500e+02,
5.845013427734375000e+02,
6.050866699218750000e+02,
5.924479370117187500e+02,
5.891113891601562500e+02,
6.129664306640625000e+02,
6.233286743164062500e+02,
6.295321655273437500e+02,
6.170566406250000000e+02,
6.570223999023437500e+02,
7.122918090820312500e+02,
7.398977050781250000e+02,
7.184951782226562500e+02,
7.162556152343750000e+02,
7.377217407226562500e+02,
7.100506591796875000e+02,
7.300379028320312500e+02,
6.518797607421875000e+02,
6.506550292968750000e+02,
6.773887939453125000e+02,
6.758355712890625000e+02,
6.327987670898437500e+02,
6.477351074218750000e+02,
6.201799926757812500e+02,
6.189493408203125000e+02,
5.847217407226562500e+02,
5.683879394531250000e+02,
6.184556274414062500e+02,
5.881669311523437500e+02,
5.775258789062500000e+02,
5.730045166015625000e+02,
5.917210693359375000e+02,
5.756526489257812500e+02,
5.724220581054687500e+02,
5.768746948242187500e+02,
5.658676147460937500e+02,
6.402391357421875000e+02,
5.559917602539062500e+02,
6.076876220703125000e+02,
5.825839843750000000e+02,
5.874013061523437500e+02,
5.912357788085937500e+02,
5.853344116210937500e+02,
5.571893920898437500e+02,
6.050509033203125000e+02,
5.745441284179687500e+02,
5.643445434570312500e+02,
5.703762207031250000e+02,
6.049782714843750000e+02,
5.984040527343750000e+02,
6.001589355468750000e+02,
5.138222656250000000e+02,
5.691851196289062500e+02,
5.569371948242187500e+02,
5.636306762695312500e+02,
5.722241210937500000e+02,
5.678292236328125000e+02,
5.738154907226562500e+02,
6.339917602539062500e+02,
5.815314331054687500e+02,
5.768343505859375000e+02,
6.545477294921875000e+02,
6.643293457031250000e+02,
6.322326660156250000e+02,
6.360167236328125000e+02,
6.289067382812500000e+02,
6.653928833007812500e+02,
6.799877319335937500e+02,
5.854407348632812500e+02,
6.298458862304687500e+02,
6.838145751953125000e+02,
6.658273315429687500e+02,
7.004266357421875000e+02,
7.617932128906250000e+02,
7.441746215820312500e+02,
8.107296752929687500e+02,
8.577239990234375000e+02,
8.469914550781250000e+02,
8.867274780273437500e+02,
9.130476074218750000e+02,
9.041145019531250000e+02,
9.319389038085937500e+02,
9.056718139648437500e+02,
8.476153564453125000e+02,
7.382094116210937500e+02,
7.690928344726562500e+02,
6.670051269531250000e+02,
6.222028808593750000e+02,
6.354423828125000000e+02,
6.942380371093750000e+02,
6.659226074218750000e+02,
6.842366943359375000e+02,
6.311825561523437500e+02,
6.238090209960937500e+02,
6.673385620117187500e+02,
6.432692871093750000e+02,
6.151901245117187500e+02,
6.625491943359375000e+02,
6.720367431640625000e+02,
7.165656127929687500e+02,
6.946530761718750000e+02,
6.598963623046875000e+02,
6.668586425781250000e+02,
6.447057495117187500e+02,
6.440814208984375000e+02,
6.559217529296875000e+02,
6.454833984375000000e+02,
7.774281616210937500e+02,
7.425928955078125000e+02,
8.336759033203125000e+02,
7.574423828125000000e+02,
7.480650024414062500e+02,
7.943798828125000000e+02,
7.315734252929687500e+02,
6.685371704101562500e+02,
6.805460205078125000e+02,
6.407753295898437500e+02,
6.944622802734375000e+02,
7.060583496093750000e+02,
6.463161010742187500e+02,
6.077484741210937500e+02,
6.227432250976562500e+02,
5.775510253906250000e+02,
5.057490539550781250e+02,
4.892580261230468750e+02,
4.473144226074218750e+02,
4.564330444335937500e+02,
4.468012084960937500e+02,
4.118164672851562500e+02,
4.414912414550781250e+02,
4.110002746582031250e+02,
3.977464599609375000e+02,
4.340794677734375000e+02,
4.737472229003906250e+02,
4.140942687988281250e+02,
4.564541015625000000e+02,
4.227946166992187500e+02,
4.855808715820312500e+02,
4.419378967285156250e+02,
4.956924438476562500e+02,
4.721115112304687500e+02,
4.654429626464843750e+02,
4.446926269531250000e+02,
4.716781005859375000e+02,
4.371809692382812500e+02,
4.601431274414062500e+02,
4.296803283691406250e+02,
4.610035705566406250e+02,
4.167103576660156250e+02,
4.535439758300781250e+02,
4.530910644531250000e+02,
4.700605163574218750e+02,
4.161292114257812500e+02,
4.377715759277343750e+02,
4.590794982910156250e+02,
4.328379516601562500e+02,
4.066892700195312500e+02,
4.529794921875000000e+02,
4.412643737792968750e+02,
4.305960388183593750e+02,
4.092754211425781250e+02,
4.169289550781250000e+02,
4.362125854492187500e+02,
4.365148010253906250e+02,
4.559901428222656250e+02,
4.091691284179687500e+02,
4.227554321289062500e+02,
4.446870422363281250e+02,
4.498258666992187500e+02,
4.493806152343750000e+02,
4.849596557617187500e+02,
4.324933776855468750e+02,
4.398324890136718750e+02,
4.596592407226562500e+02,
4.628650817871093750e+02,
5.008184814453125000e+02,
4.468485717773437500e+02,
4.620474548339843750e+02,
4.503796081542968750e+02,
4.856973266601562500e+02,
4.363800354003906250e+02,
4.696516113281250000e+02,
4.895964965820312500e+02,
4.212414245605468750e+02,
5.311163940429687500e+02,
4.569798278808593750e+02,
4.520925598144531250e+02,
4.401606445312500000e+02,
4.697276611328125000e+02,
4.194433288574218750e+02,
3.973202819824218750e+02,
4.185028381347656250e+02,
3.939829711914062500e+02,
4.479940490722656250e+02,
4.282941894531250000e+02,
4.292851562500000000e+02,
4.458053588867187500e+02,
4.384697875976562500e+02,
4.768492431640625000e+02,
4.747316894531250000e+02,
4.789964599609375000e+02,
4.392670288085937500e+02,
4.515845336914062500e+02,
4.687213439941406250e+02,
4.709161682128906250e+02,
4.627616577148437500e+02,
4.337500915527343750e+02,
4.282455749511718750e+02,
4.719016418457031250e+02,
4.532495117187500000e+02,
4.397557373046875000e+02,
4.469021606445312500e+02,
4.654095764160156250e+02,
4.799245605468750000e+02,
4.618163146972656250e+02,
4.587660827636718750e+02,
4.472969970703125000e+02,
4.966360473632812500e+02,
4.608504333496093750e+02,
4.813379516601562500e+02,
4.559144287109375000e+02,
4.514219665527343750e+02,
4.529530029296875000e+02,
4.525118408203125000e+02,
4.534871215820312500e+02,
4.358195190429687500e+02,
4.178038024902343750e+02,
4.571189270019531250e+02,
4.637649841308593750e+02,
4.280867309570312500e+02,
4.492508850097656250e+02,
4.849211730957031250e+02,
4.555638122558593750e+02,
4.656879882812500000e+02,
4.702943115234375000e+02,
4.679047241210937500e+02,
4.491665344238281250e+02,
4.268218688964843750e+02,
4.698931579589843750e+02,
4.435691528320312500e+02,
4.524596862792968750e+02,
5.064897766113281250e+02,
4.680671691894531250e+02,
4.529286804199218750e+02,
5.137163696289062500e+02,
5.106444396972656250e+02,
4.803694763183593750e+02,
4.853743286132812500e+02,
4.776859741210937500e+02,
4.318911743164062500e+02,
4.401760559082031250e+02,
4.616885986328125000e+02,
4.787072753906250000e+02,
4.516207275390625000e+02,
4.572224426269531250e+02,
4.650584106445312500e+02,
4.815999145507812500e+02,
4.541202697753906250e+02,
4.850422363281250000e+02,
4.419351196289062500e+02,
4.818249206542968750e+02,
4.680709228515625000e+02,
4.825971374511718750e+02,
4.917328491210937500e+02,
4.784061279296875000e+02,
4.540909729003906250e+02,
4.664344787597656250e+02,
4.688383483886718750e+02,
4.775268859863281250e+02,
4.755820922851562500e+02,
4.543490905761718750e+02,
4.733666992187500000e+02,
4.952565917968750000e+02,
4.676661376953125000e+02,
4.586481933593750000e+02,
4.804039306640625000e+02,
4.552570190429687500e+02,
4.178456420898437500e+02,
4.309111633300781250e+02,
4.257596130371093750e+02,
4.488871459960937500e+02,
4.247876586914062500e+02,
4.289011230468750000e+02,
4.355758666992187500e+02,
4.963212585449218750e+02,
4.825809020996093750e+02,
4.358684387207031250e+02,
4.336511230468750000e+02,
4.464900817871093750e+02,
4.449623107910156250e+02,
4.285401000976562500e+02,
4.259019165039062500e+02,
4.148977355957031250e+02,
4.648716430664062500e+02,
4.069633178710937500e+02,
4.411821899414062500e+02,
4.801415405273437500e+02,
4.188381958007812500e+02,
4.395151672363281250e+02,
4.117954406738281250e+02,
4.596654357910156250e+02,
4.301119079589843750e+02,
4.183926086425781250e+02,
4.218166503906250000e+02,
4.356805114746093750e+02,
4.171921997070312500e+02,
4.871755676269531250e+02,
4.891083374023437500e+02,
5.055130004882812500e+02,
4.704121398925781250e+02,
4.589976806640625000e+02,
4.802966308593750000e+02,
4.438944091796875000e+02,
4.980920715332031250e+02,
4.513038330078125000e+02,
4.962189636230468750e+02,
5.396680297851562500e+02,
4.908774414062500000e+02,
5.380249633789062500e+02,
5.012832336425781250e+02,
5.185401611328125000e+02,
4.932301635742187500e+02,
5.115327758789062500e+02,
5.192506713867187500e+02,
5.190175170898437500e+02,
5.268504638671875000e+02,
5.292833251953125000e+02,
5.298048706054687500e+02,
5.468131713867187500e+02,
5.593739624023437500e+02,
6.138572998046875000e+02,
6.006184082031250000e+02,
5.670382690429687500e+02,
5.853771362304687500e+02,
5.812382202148437500e+02,
5.827463989257812500e+02,
5.354528808593750000e+02,
5.648336181640625000e+02,
5.175748291015625000e+02,
4.512585754394531250e+02,
4.796753540039062500e+02,
4.406891784667968750e+02,
4.261557922363281250e+02,
4.061345825195312500e+02,
3.987627868652343750e+02,
4.354429321289062500e+02,
4.526818542480468750e+02,
4.125208435058593750e+02,
4.499150695800781250e+02,
4.531921386718750000e+02,
4.610118103027343750e+02,
4.125467224121093750e+02,
3.964053955078125000e+02,
4.317025756835937500e+02,
4.422263183593750000e+02,
4.103843383789062500e+02,
4.631502685546875000e+02,
4.103884277343750000e+02,
4.528028869628906250e+02,
4.056316833496093750e+02,
4.120505676269531250e+02,
4.114748229980468750e+02,
4.048245544433593750e+02,
4.194794616699218750e+02,
4.654846191406250000e+02,
4.389398803710937500e+02,
4.395713806152343750e+02,
3.789203796386718750e+02,
3.909293212890625000e+02,
3.733814392089843750e+02,
4.605784301757812500e+02,
3.868014526367187500e+02,
4.085277404785156250e+02,
4.451260070800781250e+02,
4.122038879394531250e+02,
4.160911865234375000e+02,
4.236179809570312500e+02,
4.162804870605468750e+02,
4.134413452148437500e+02,
3.915059814453125000e+02,
4.876637573242187500e+02,
4.171622009277343750e+02,
4.236545410156250000e+02,
4.781991577148437500e+02,
4.192135925292968750e+02,
3.751011657714843750e+02,
4.067754821777343750e+02,
4.047962036132812500e+02,
4.441960754394531250e+02,
4.102501831054687500e+02,
4.289826660156250000e+02,
4.655850524902343750e+02,
4.543816223144531250e+02,
4.046712646484375000e+02,
4.206238403320312500e+02,
4.284000854492187500e+02,
4.321563110351562500e+02,
4.251134948730468750e+02,
4.723219299316406250e+02,
4.444255065917968750e+02,
4.458211364746093750e+02,
4.420353088378906250e+02,
4.399236450195312500e+02,
4.752076416015625000e+02,
4.396199035644531250e+02,
4.612943725585937500e+02,
4.810719909667968750e+02,
4.320733947753906250e+02,
3.660639343261718750e+02,
4.542392578125000000e+02,
4.120256958007812500e+02,
4.607790527343750000e+02,
4.134456481933593750e+02,
4.399271545410156250e+02,
3.980875549316406250e+02,
3.898524780273437500e+02,
4.214468994140625000e+02,
4.348807678222656250e+02,
4.274966430664062500e+02,
4.547057495117187500e+02,
4.178446655273437500e+02,
4.802629394531250000e+02,
3.769531250000000000e+02,
4.417203369140625000e+02,
3.999657897949218750e+02,
3.882630004882812500e+02,
3.861557006835937500e+02,
3.689749145507812500e+02,
4.109498596191406250e+02,
4.089639892578125000e+02,
4.227753906250000000e+02,
3.904338684082031250e+02,
3.958941040039062500e+02,
4.224373168945312500e+02,
4.524731140136718750e+02,
4.021518249511718750e+02,
4.245777587890625000e+02,
3.890506896972656250e+02,
4.227612304687500000e+02,
4.012858276367187500e+02,
4.145147399902343750e+02,
3.901200256347656250e+02,
4.069769287109375000e+02,
4.256823120117187500e+02,
4.038211059570312500e+02,
4.226196289062500000e+02,
4.159964294433593750e+02,
4.762074584960937500e+02,
3.632906799316406250e+02,
3.669623107910156250e+02,
4.059356994628906250e+02,
4.188204040527343750e+02,
3.764044494628906250e+02,
4.106939086914062500e+02,
4.352543945312500000e+02,
3.676059570312500000e+02,
3.965502319335937500e+02,
4.119313049316406250e+02,
4.337763061523437500e+02,
3.943693542480468750e+02,
3.796082458496093750e+02,
4.112047729492187500e+02,
4.317860412597656250e+02,
4.055374450683593750e+02,
3.765760192871093750e+02,
3.788876342773437500e+02,
4.071273803710937500e+02,
3.658570861816406250e+02,
3.824915466308593750e+02,
3.725655517578125000e+02,
3.966381530761718750e+02,
3.929563903808593750e+02,
4.052091369628906250e+02,
4.156615600585937500e+02,
3.876689758300781250e+02,
3.924252929687500000e+02,
4.049163208007812500e+02,
4.782634277343750000e+02,
3.874050292968750000e+02,
3.964464416503906250e+02,
3.799692993164062500e+02,
4.244486999511718750e+02,
4.080032958984375000e+02,
3.837254943847656250e+02,
3.751026306152343750e+02,
4.247639160156250000e+02,
4.055884399414062500e+02,
4.603763122558593750e+02,
4.080416259765625000e+02,
3.857434082031250000e+02,
3.997431335449218750e+02,
4.161424865722656250e+02,
3.651112976074218750e+02,
3.568648681640625000e+02,
4.142607116699218750e+02,
4.156036376953125000e+02,
3.899565734863281250e+02,
3.718916015625000000e+02,
4.058697509765625000e+02,
3.625326843261718750e+02,
3.972074890136718750e+02,
3.821629333496093750e+02,
4.280805664062500000e+02,
3.825847778320312500e+02,
4.060517578125000000e+02,
4.092958679199218750e+02,
3.909322509765625000e+02,
3.935112609863281250e+02,
3.792246398925781250e+02,
3.984800415039062500e+02,
3.836669006347656250e+02,
3.878972167968750000e+02,
3.571254272460937500e+02,
3.945176086425781250e+02,
3.787080688476562500e+02,
3.925136108398437500e+02,
3.904552307128906250e+02,
3.842686767578125000e+02,
4.340705261230468750e+02,
3.808812561035156250e+02,
4.075317382812500000e+02,
4.145183715820312500e+02,
3.898605041503906250e+02,
3.985141296386718750e+02,
4.251210937500000000e+02,
3.988788452148437500e+02,
4.080726318359375000e+02,
3.581034240722656250e+02,
3.762973022460937500e+02,
4.094976501464843750e+02,
4.192390441894531250e+02,
4.070087890625000000e+02,
3.917411804199218750e+02,
3.854669494628906250e+02,
4.234524230957031250e+02,
4.063031005859375000e+02,
3.762251892089843750e+02,
3.641046142578125000e+02,
4.097782897949218750e+02,
3.772529296875000000e+02,
4.247947082519531250e+02,
3.991872558593750000e+02,
4.015206604003906250e+02,
4.053889465332031250e+02,
3.994915466308593750e+02,
4.021966857910156250e+02,
3.690433654785156250e+02,
3.842010803222656250e+02,
3.877233886718750000e+02,
3.901578369140625000e+02,
3.845580139160156250e+02,
3.748328857421875000e+02,
3.852150268554687500e+02,
3.696291198730468750e+02,
3.540765380859375000e+02,
3.823795471191406250e+02,
3.960925292968750000e+02,
3.787464599609375000e+02,
4.380966186523437500e+02,
3.684244384765625000e+02,
4.211635742187500000e+02,
3.789976196289062500e+02,
5.944924316406250000e+02,
5.698663940429687500e+02,
6.315136718750000000e+02,
5.865772094726562500e+02,
5.458915405273437500e+02,
5.842761230468750000e+02,
5.681846923828125000e+02,
5.941674804687500000e+02,
5.646661376953125000e+02,
5.533769531250000000e+02,
5.879238891601562500e+02,
5.103767700195312500e+02,
5.488368530273437500e+02,
4.658061828613281250e+02,
5.041646728515625000e+02,
5.193218383789062500e+02,
4.687714233398437500e+02,
5.323122558593750000e+02,
4.756503601074218750e+02,
5.290689697265625000e+02,
5.638523559570312500e+02,
5.059015502929687500e+02,
5.017338867187500000e+02,
5.063928833007812500e+02,
5.069933166503906250e+02,
5.442662963867187500e+02,
5.200675659179687500e+02,
5.708843383789062500e+02,
6.164514770507812500e+02,
6.398060302734375000e+02,
7.053321533203125000e+02,
7.917896118164062500e+02,
7.127802734375000000e+02,
7.641799926757812500e+02,
7.314398803710937500e+02,
7.302938232421875000e+02,
7.883540649414062500e+02,
8.742383422851562500e+02,
1.067895507812500000e+03,
1.130680786132812500e+03,
1.207237060546875000e+03,
1.175432006835937500e+03,
1.165535644531250000e+03,
1.071422119140625000e+03,
1.023368286132812500e+03,
9.923613891601562500e+02,
1.003301574707031250e+03,
1.070031738281250000e+03,
1.094876831054687500e+03,
9.893240356445312500e+02,
9.439794311523437500e+02,
8.982144775390625000e+02,
8.166768188476562500e+02,
8.050941772460937500e+02,
7.097309570312500000e+02,
7.046300048828125000e+02,
6.604741821289062500e+02,
6.836377563476562500e+02,
6.649545898437500000e+02,
6.532281494140625000e+02,
6.823867797851562500e+02,
8.022017211914062500e+02,
7.316265258789062500e+02,
7.816561279296875000e+02,
7.786251220703125000e+02,
7.812153930664062500e+02,
8.106055908203125000e+02,
7.310185546875000000e+02,
6.982338256835937500e+02,
6.660905761718750000e+02,
6.171243896484375000e+02,
6.760983276367187500e+02,
6.073411865234375000e+02,
5.919152221679687500e+02,
5.957394409179687500e+02,
6.359559326171875000e+02,
6.633966674804687500e+02,
6.573018798828125000e+02,
6.499378051757812500e+02,
6.301059570312500000e+02,
6.346744995117187500e+02,
6.304830932617187500e+02,
6.415003662109375000e+02,
6.411246337890625000e+02,
7.086193237304687500e+02,
6.655793457031250000e+02,
6.496874389648437500e+02,
6.336842651367187500e+02,
6.437410278320312500e+02,
6.704006958007812500e+02,
6.907453002929687500e+02,
7.028433227539062500e+02,
7.911200561523437500e+02,
8.355984497070312500e+02,
8.451825561523437500e+02,
8.906658325195312500e+02,
9.320034179687500000e+02,
9.494761962890625000e+02,
9.281060791015625000e+02,
8.819566040039062500e+02,
8.034749145507812500e+02,
7.286226806640625000e+02,
7.182485351562500000e+02,
7.327062377929687500e+02,
7.576747436523437500e+02,
7.540687255859375000e+02,
7.559508666992187500e+02,
7.424544677734375000e+02,
7.300366821289062500e+02,
7.529517211914062500e+02,
7.587570190429687500e+02,
7.359983520507812500e+02,
7.320568847656250000e+02,
7.705282592773437500e+02,
7.629281005859375000e+02,
7.378151245117187500e+02,
6.675275878906250000e+02,
6.329963378906250000e+02,
5.765441284179687500e+02,
5.203394165039062500e+02,
4.732026977539062500e+02,
4.751255493164062500e+02,
4.706310424804687500e+02,
4.265621643066406250e+02,
4.470227966308593750e+02,
4.580494384765625000e+02,
4.611022949218750000e+02,
4.718255920410156250e+02,
4.785131225585937500e+02,
4.500962524414062500e+02,
4.777300415039062500e+02,
4.962899475097656250e+02,
4.805107116699218750e+02,
4.943819274902343750e+02,
4.321935424804687500e+02,
4.296731262207031250e+02,
4.195245971679687500e+02,
4.321417236328125000e+02,
4.447890014648437500e+02,
4.737610473632812500e+02,
4.340171508789062500e+02,
4.419226379394531250e+02,
4.522303771972656250e+02,
4.676351928710937500e+02,
4.592380065917968750e+02,
4.598724365234375000e+02,
5.124740600585937500e+02,
5.100064697265625000e+02,
4.722305603027343750e+02,
4.798854980468750000e+02,
4.322498474121093750e+02,
4.716109008789062500e+02,
4.571456298828125000e+02,
4.386393127441406250e+02,
4.656729125976562500e+02,
4.684281005859375000e+02,
4.452230834960937500e+02,
4.621410522460937500e+02,
4.536390991210937500e+02,
4.740760803222656250e+02,
4.761330566406250000e+02,
4.668527221679687500e+02,
4.908496398925781250e+02,
4.947561340332031250e+02,
4.986663208007812500e+02,
4.759150390625000000e+02,
5.108823852539062500e+02,
4.516434020996093750e+02,
4.566222839355468750e+02,
4.912177734375000000e+02,
4.668310241699218750e+02,
4.364237976074218750e+02,
4.372490844726562500e+02,
5.203865356445312500e+02,
4.725099792480468750e+02,
5.388228759765625000e+02,
5.074024047851562500e+02,
5.055607299804687500e+02,
4.990668945312500000e+02,
4.826739196777343750e+02,
4.953498229980468750e+02,
4.879820556640625000e+02,
4.756813354492187500e+02,
5.001989440917968750e+02,
4.754646606445312500e+02,
4.540465393066406250e+02,
4.648446960449218750e+02,
4.983105163574218750e+02,
4.805069580078125000e+02,
5.176429443359375000e+02,
5.267985839843750000e+02,
5.330666503906250000e+02,
5.157299804687500000e+02,
4.787071533203125000e+02,
5.017224426269531250e+02,
5.159295654296875000e+02,
4.860196533203125000e+02,
4.487378234863281250e+02,
4.837206115722656250e+02,
4.606565246582031250e+02,
5.204378662109375000e+02,
4.873821716308593750e+02,
4.335241088867187500e+02,
4.529503479003906250e+02,
4.792013244628906250e+02,
4.826699218750000000e+02,
4.586668701171875000e+02,
4.982587585449218750e+02,
4.618045349121093750e+02,
4.564023742675781250e+02,
4.648433532714843750e+02,
4.847174072265625000e+02,
4.757545776367187500e+02,
4.952454833984375000e+02,
5.742511596679687500e+02,
5.370645751953125000e+02,
5.187251586914062500e+02,
5.072679443359375000e+02,
5.612947387695312500e+02,
5.789474487304687500e+02,
5.694034423828125000e+02,
5.763756713867187500e+02,
5.988481445312500000e+02,
6.227451782226562500e+02,
6.208801269531250000e+02,
5.726953125000000000e+02,
5.138505249023437500e+02,
5.216774902343750000e+02,
4.934038085937500000e+02,
4.301433715820312500e+02,
4.729685058593750000e+02,
4.063062133789062500e+02,
4.041353454589843750e+02,
4.666284484863281250e+02,
4.413519592285156250e+02,
4.069241027832031250e+02,
4.596213073730468750e+02,
4.033644714355468750e+02,
4.343787536621093750e+02,
3.824765930175781250e+02,
3.874786376953125000e+02,
4.028690185546875000e+02,
4.107694702148437500e+02,
4.692108764648437500e+02,
4.396565856933593750e+02,
4.202164916992187500e+02,
4.572177429199218750e+02,
4.072438049316406250e+02,
4.198436584472656250e+02,
3.894088134765625000e+02,
4.210633239746093750e+02,
4.506736450195312500e+02,
4.108880310058593750e+02,
4.205587768554687500e+02,
4.237428894042968750e+02,
4.654840087890625000e+02,
4.466425476074218750e+02,
4.312075805664062500e+02,
4.646349182128906250e+02,
4.613717956542968750e+02,
4.088319091796875000e+02,
4.100503540039062500e+02,
4.351776733398437500e+02,
4.461683349609375000e+02,
4.113628845214843750e+02,
4.433795776367187500e+02,
5.167626953125000000e+02,
4.094848937988281250e+02,
4.162760620117187500e+02,
4.248001708984375000e+02,
4.382118530273437500e+02,
4.385068664550781250e+02,
4.049687194824218750e+02,
3.952240600585937500e+02,
3.961238098144531250e+02,
3.747924804687500000e+02,
4.047410583496093750e+02,
4.180038452148437500e+02,
3.957320861816406250e+02,
4.189072265625000000e+02,
4.218829345703125000e+02,
4.171544494628906250e+02,
3.739540405273437500e+02,
3.911905212402343750e+02,
3.926943969726562500e+02,
3.979676513671875000e+02,
3.777998962402343750e+02,
3.873466796875000000e+02,
4.243335571289062500e+02,
4.037128601074218750e+02,
3.734152832031250000e+02,
4.114248046875000000e+02,
4.191293334960937500e+02,
3.857381286621093750e+02,
3.667576293945312500e+02,
4.449744567871093750e+02,
4.283220214843750000e+02,
3.820944824218750000e+02,
4.247142944335937500e+02,
3.883645324707031250e+02,
3.955863647460937500e+02,
3.901475524902343750e+02,
4.273815612792968750e+02,
3.587617187500000000e+02,
4.237132568359375000e+02,
4.183136901855468750e+02,
3.845996704101562500e+02,
4.123356018066406250e+02,
4.187242736816406250e+02,
3.643367004394531250e+02,
3.801554260253906250e+02,
3.688319091796875000e+02,
3.919010009765625000e+02,
3.973233642578125000e+02,
3.883090209960937500e+02,
4.072469482421875000e+02,
3.743338317871093750e+02,
3.692955322265625000e+02,
4.079774169921875000e+02,
3.537808532714843750e+02,
3.591101379394531250e+02,
3.459076232910156250e+02,
3.571082153320312500e+02,
3.506773681640625000e+02,
3.932251281738281250e+02,
3.879864807128906250e+02,
3.646042175292968750e+02,
4.506876831054687500e+02,
3.740701904296875000e+02,
3.861082153320312500e+02,
3.768886413574218750e+02,
3.936053466796875000e+02,
3.878385925292968750e+02,
3.975025939941406250e+02,
4.249349365234375000e+02,
3.882438964843750000e+02,
3.896078796386718750e+02,
6.734348754882812500e+02,
7.302736206054687500e+02,
6.630731201171875000e+02,
6.771593627929687500e+02,
6.375402221679687500e+02,
6.044697265625000000e+02,
6.125938720703125000e+02,
5.675222167968750000e+02,
5.009315795898437500e+02,
5.087286071777343750e+02,
5.253666992187500000e+02,
4.959267272949218750e+02,
5.366766357421875000e+02,
4.897567443847656250e+02,
5.210717163085937500e+02,
5.265443115234375000e+02,
5.412874145507812500e+02,
5.853290405273437500e+02,
7.045293579101562500e+02,
7.162498779296875000e+02,
7.321233520507812500e+02,
8.121764526367187500e+02,
8.483612060546875000e+02,
9.376788940429687500e+02,
1.096204833984375000e+03,
1.221760253906250000e+03,
1.221541748046875000e+03,
1.222741455078125000e+03,
1.273753051757812500e+03,
1.229753417968750000e+03,
1.168639404296875000e+03,
1.073535522460937500e+03,
1.086561157226562500e+03,
9.542104492187500000e+02,
8.944604492187500000e+02,
7.824796752929687500e+02,
7.721712646484375000e+02,
7.215225830078125000e+02,
7.390795898437500000e+02,
7.243722534179687500e+02,
7.909590454101562500e+02,
8.219407348632812500e+02,
8.643871459960937500e+02,
8.546673583984375000e+02,
8.201461181640625000e+02,
7.494692993164062500e+02,
7.174566040039062500e+02,
7.208390502929687500e+02,
6.562763671875000000e+02,
6.926366577148437500e+02,
6.515027465820312500e+02,
7.403295288085937500e+02,
6.800895385742187500e+02,
6.577525024414062500e+02,
6.484564819335937500e+02,
7.335256347656250000e+02,
6.854185791015625000e+02,
7.276137695312500000e+02,
7.253693237304687500e+02,
7.638093872070312500e+02,
8.640281982421875000e+02,
9.695477294921875000e+02,
9.486994018554687500e+02,
1.058509033203125000e+03,
1.029202636718750000e+03,
9.915850219726562500e+02,
9.731560058593750000e+02,
8.475275268554687500e+02,
8.209901733398437500e+02,
7.973693237304687500e+02,
7.992467651367187500e+02,
8.150835571289062500e+02,
8.446018676757812500e+02,
8.338610839843750000e+02,
7.885751953125000000e+02,
8.239174804687500000e+02,
7.630014038085937500e+02,
6.923473510742187500e+02,
5.797471313476562500e+02,
5.567133789062500000e+02,
4.778228149414062500e+02,
4.724439392089843750e+02,
4.488989257812500000e+02,
5.084409790039062500e+02,
5.120728759765625000e+02,
5.436109008789062500e+02,
5.007570495605468750e+02,
4.774881896972656250e+02,
4.942956237792968750e+02,
4.509187927246093750e+02,
4.623876037597656250e+02,
4.554060363769531250e+02,
4.715246276855468750e+02,
4.746298522949218750e+02,
4.880679016113281250e+02,
4.654255065917968750e+02,
4.724171752929687500e+02,
4.562326965332031250e+02,
4.682188720703125000e+02,
4.703388671875000000e+02,
4.900215148925781250e+02,
4.787665100097656250e+02,
4.836711730957031250e+02,
4.783612060546875000e+02,
4.804720764160156250e+02,
4.756401062011718750e+02,
5.043498535156250000e+02,
5.255003051757812500e+02,
4.764808654785156250e+02,
5.048743896484375000e+02,
4.815158691406250000e+02,
4.935803222656250000e+02,
4.787058410644531250e+02,
4.581376953125000000e+02,
4.858898315429687500e+02,
4.684410095214843750e+02,
5.206585083007812500e+02,
5.333486328125000000e+02,
5.276489257812500000e+02,
4.996004028320312500e+02,
4.911786193847656250e+02,
4.786089172363281250e+02,
4.877308349609375000e+02,
5.378146972656250000e+02,
4.849858093261718750e+02,
5.174448852539062500e+02,
5.052012023925781250e+02,
4.893076782226562500e+02,
5.175714111328125000e+02,
4.742283935546875000e+02,
4.531146545410156250e+02,
5.008588256835937500e+02,
4.694312133789062500e+02,
4.649488830566406250e+02,
4.935538940429687500e+02,
4.525763549804687500e+02,
4.982751770019531250e+02,
4.376250915527343750e+02,
4.712017822265625000e+02,
5.006176452636718750e+02,
4.879332885742187500e+02,
5.149595336914062500e+02,
5.043248901367187500e+02,
5.533792114257812500e+02,
5.597898559570312500e+02,
5.950837402343750000e+02,
6.255753784179687500e+02,
6.797756347656250000e+02,
6.132504882812500000e+02,
5.863287353515625000e+02,
5.278382568359375000e+02,
4.825155334472656250e+02,
4.976194763183593750e+02,
5.070180358886718750e+02,
4.445569458007812500e+02,
4.072594299316406250e+02,
4.481360168457031250e+02,
4.127436828613281250e+02,
4.494441833496093750e+02,
4.048571166992187500e+02,
3.976476135253906250e+02,
4.340299987792968750e+02,
4.362934265136718750e+02,
4.031706848144531250e+02,
3.966765747070312500e+02,
4.073119201660156250e+02,
4.328817749023437500e+02,
3.976805114746093750e+02,
4.385585937500000000e+02,
4.936067810058593750e+02,
4.830201110839843750e+02,
4.572343444824218750e+02,
4.559220581054687500e+02,
4.502166748046875000e+02,
4.593086242675781250e+02,
4.666265869140625000e+02,
4.737007446289062500e+02,
4.684312438964843750e+02,
4.592011413574218750e+02,
4.514281005859375000e+02,
4.495693054199218750e+02,
4.230383605957031250e+02,
4.129690246582031250e+02,
4.097470397949218750e+02,
4.083244018554687500e+02,
4.023043518066406250e+02,
3.996217041015625000e+02,
4.167540283203125000e+02,
4.007398986816406250e+02,
3.791718139648437500e+02,
3.977595214843750000e+02,
4.159170227050781250e+02,
3.791173095703125000e+02,
3.549748840332031250e+02,
3.543556823730468750e+02,
4.238503417968750000e+02,
3.665505676269531250e+02,
3.974953613281250000e+02,
3.993071289062500000e+02,
3.946294555664062500e+02,
3.725002136230468750e+02,
3.702704772949218750e+02,
4.060001220703125000e+02,
3.738473510742187500e+02,
3.634461975097656250e+02,
3.961086425781250000e+02,
4.128153991699218750e+02,
3.947012634277343750e+02,
3.520419616699218750e+02,
3.907257385253906250e+02,
3.691848144531250000e+02,
3.664468994140625000e+02,
3.655349426269531250e+02,
3.782755737304687500e+02,
4.285755920410156250e+02,
4.162064819335937500e+02,
3.938390197753906250e+02,
4.100868835449218750e+02,
4.234740600585937500e+02,
4.262722167968750000e+02,
4.004467468261718750e+02,
3.843728332519531250e+02,
4.470086669921875000e+02,
