4.868283386230468750e+02,
4.155173339843750000e+02,
4.390788269042968750e+02,
4.131438598632812500e+02,
3.865372009277343750e+02,
4.345266113281250000e+02,
4.140899353027343750e+02,
4.649430847167968750e+02,
4.187459106445312500e+02,
4.635458984375000000e+02,
4.658793029785156250e+02,
4.054967041015625000e+02,
4.192413024902343750e+02,
4.171406250000000000e+02,
3.846403808593750000e+02,
4.501243591308593750e+02,
4.297306823730468750e+02,
4.192285156250000000e+02,
4.356894836425781250e+02,
3.630087280273437500e+02,
3.845607910156250000e+02,
3.973937377929687500e+02,
3.730560913085937500e+02,
3.770860595703125000e+02,
3.925909423828125000e+02,
3.602152709960937500e+02,
3.306749877929687500e+02,
3.905772399902343750e+02,
3.632616271972656250e+02,
4.207951354980468750e+02,
3.490424194335937500e+02,
4.125858764648437500e+02,
3.883133544921875000e+02,
3.751458740234375000e+02,
3.847214355468750000e+02,
4.091951293945312500e+02,
3.707106628417968750e+02,
4.113284301757812500e+02,
3.694577331542968750e+02,
3.700368652343750000e+02,
3.702225036621093750e+02,
4.322253112792968750e+02,
4.150166015625000000e+02,
3.877630004882812500e+02,
3.719815063476562500e+02,
4.199919128417968750e+02,
4.287514953613281250e+02,
4.182616271972656250e+02,
4.492909851074218750e+02,
5.071494140625000000e+02,
4.705276794433593750e+02,
4.491974792480468750e+02,
4.386812438964843750e+02,
4.683193359375000000e+02,
4.429387512207031250e+02,
3.847315673828125000e+02,
3.804600219726562500e+02,
4.161461791992187500e+02,
3.544342651367187500e+02,
3.977007141113281250e+02,
3.779160461425781250e+02,
3.856549987792968750e+02,
3.674685668945312500e+02,
3.706936645507812500e+02,
4.000879516601562500e+02,
3.709880065917968750e+02,
3.927572937011718750e+02,
3.889440002441406250e+02,
3.777394104003906250e+02,
3.384006652832031250e+02,
3.759902343750000000e+02,
3.627421264648437500e+02,
3.813094787597656250e+02,
3.833968505859375000e+02,
3.848603515625000000e+02,
3.623446350097656250e+02,
3.738984069824218750e+02,
3.756009521484375000e+02,
3.804301147460937500e+02,
3.860013122558593750e+02,
3.713690490722656250e+02,
4.088176269531250000e+02,
4.402223205566406250e+02,
4.408770751953125000e+02,
4.505675659179687500e+02,
4.864983215332031250e+02,
4.740093688964843750e+02,
4.433962707519531250e+02,
4.538072509765625000e+02,
4.026345520019531250e+02,
3.758740844726562500e+02,
3.909898986816406250e+02,
4.644048767089843750e+02,
3.898109130859375000e+02,
4.089325866699218750e+02,
4.289894104003906250e+02,
4.292255554199218750e+02,
3.744415588378906250e+02,
3.632950439453125000e+02,
3.537292175292968750e+02,
3.860123291015625000e+02,
3.763182678222656250e+02,
4.086331481933593750e+02,
3.800686035156250000e+02,
3.770025939941406250e+02,
3.628564147949218750e+02,
4.252888793945312500e+02,
3.439755249023437500e+02,
3.560041198730468750e+02,
3.273728332519531250e+02,
3.760778198242187500e+02,
3.661248779296875000e+02,
3.821418762207031250e+02,
3.538461303710937500e+02,
3.673654479980468750e+02,
3.905804443359375000e+02,
3.956360473632812500e+02,
4.222749328613281250e+02,
4.402796020507812500e+02,
4.312474060058593750e+02,
3.742118530273437500e+02,
3.851717224121093750e+02,
3.852726745605468750e+02,
4.581048278808593750e+02,
4.221918334960937500e+02,
3.969232788085937500e+02,
3.929281005859375000e+02,
3.587047119140625000e+02,
3.989158325195312500e+02,
4.117167053222656250e+02,
3.844096679687500000e+02,
3.508734436035156250e+02,
3.787138061523437500e+02,
3.601186523437500000e+02,
4.089771423339843750e+02,
3.398412170410156250e+02,
3.378507080078125000e+02,
3.104484558105468750e+02,
3.356388549804687500e+02,
3.094084167480468750e+02,
3.372632751464843750e+02,
3.318041687011718750e+02,
2.860629882812500000e+02,
3.874447326660156250e+02,
3.001379089355468750e+02,
3.001986083984375000e+02,
3.222938537597656250e+02,
4.615959167480468750e+02,
2.997181396484375000e+02,
3.469048156738281250e+02,
2.806655273437500000e+02,
3.628611450195312500e+02,
3.118528747558593750e+02,
3.011589965820312500e+02,
3.187749938964843750e+02,
3.547451171875000000e+02,
3.276762084960937500e+02,
3.421634521484375000e+02,
3.631760559082031250e+02,
3.497521362304687500e+02,
3.506198425292968750e+02,
3.711924743652343750e+02,
3.593885803222656250e+02,
3.983876953125000000e+02,
3.844737548828125000e+02,
4.011103820800781250e+02,
3.767905883789062500e+02,
3.965649108886718750e+02,
4.078727416992187500e+02,
4.425028381347656250e+02,
4.007084350585937500e+02,
3.988682556152343750e+02,
3.822012329101562500e+02,
4.563942260742187500e+02,
3.670782470703125000e+02,
3.913668823242187500e+02,
3.683199768066406250e+02,
3.684014282226562500e+02,
3.797488403320312500e+02,
3.781359558105468750e+02,
3.604768066406250000e+02,
4.386230773925781250e+02,
3.932504272460937500e+02,
4.012359008789062500e+02,
4.324389953613281250e+02,
4.635397338867187500e+02,
4.192444152832031250e+02,
3.873273315429687500e+02,
4.031775207519531250e+02,
4.426006164550781250e+02,
3.804856567382812500e+02,
3.713950805664062500e+02,
3.937795104980468750e+02,
4.222855834960937500e+02,
4.091899719238281250e+02,
4.037360534667968750e+02,
4.209249572753906250e+02,
3.781124267578125000e+02,
3.917951049804687500e+02,
3.947544860839843750e+02,
3.735264587402343750e+02,
3.597965698242187500e+02,
3.634144897460937500e+02,
3.862173156738281250e+02,
3.763149414062500000e+02,
3.858059692382812500e+02,
4.315865173339843750e+02,
4.569442749023437500e+02,
4.089719543457031250e+02,
3.922211914062500000e+02,
4.189284057617187500e+02,
3.914845581054687500e+02,
4.294034729003906250e+02,
4.046653137207031250e+02,
3.736909484863281250e+02,
4.356051635742187500e+02,
3.773295288085937500e+02,
3.658995056152343750e+02,
3.641819152832031250e+02,
3.736201171875000000e+02,
4.121846618652343750e+02,
4.266536254882812500e+02,
3.559201965332031250e+02,
4.008282775878906250e+02,
3.491512451171875000e+02,
3.720137939453125000e+02,
3.453179931640625000e+02,
3.573719177246093750e+02,
3.332865600585937500e+02,
3.657527160644531250e+02,
3.924818725585937500e+02,
4.030306701660156250e+02,
3.883159484863281250e+02,
3.783353576660156250e+02,
4.040150451660156250e+02,
4.802305603027343750e+02,
4.101018371582031250e+02,
3.637848205566406250e+02,
4.517987976074218750e+02,
3.621602783203125000e+02,
4.194430847167968750e+02,
4.218759460449218750e+02,
3.563061523437500000e+02,
3.747553100585937500e+02,
3.808874816894531250e+02,
3.696646728515625000e+02,
4.060744934082031250e+02,
3.749344787597656250e+02,
3.869455261230468750e+02,
3.723095397949218750e+02,
3.662460021972656250e+02,
3.940740051269531250e+02,
3.628899230957031250e+02,
4.007340393066406250e+02,
3.582302551269531250e+02,
3.937977905273437500e+02,
4.227296752929687500e+02,
3.653910827636718750e+02,
3.636318664550781250e+02,
3.815873718261718750e+02,
3.520923156738281250e+02,
3.999342956542968750e+02,
3.936646118164062500e+02,
4.111112976074218750e+02,
4.151808166503906250e+02,
3.864305725097656250e+02,
3.667144470214843750e+02,
3.492856750488281250e+02,
3.841427307128906250e+02,
3.414541931152343750e+02,
3.609552612304687500e+02,
3.433380126953125000e+02,
3.989902954101562500e+02,
3.545576171875000000e+02,
3.548484802246093750e+02,
3.943062744140625000e+02,
3.560141296386718750e+02,
3.869858093261718750e+02,
4.074895019531250000e+02,
3.793942565917968750e+02,
3.835987854003906250e+02,
3.965171203613281250e+02,
3.824811706542968750e+02,
3.818777160644531250e+02,
3.938371582031250000e+02,
4.142218627929687500e+02,
4.211415100097656250e+02,
3.866145019531250000e+02,
3.929142456054687500e+02,
4.217474365234375000e+02,
4.080091247558593750e+02,
4.002218322753906250e+02,
4.358625793457031250e+02,
4.459927673339843750e+02,
4.275794372558593750e+02,
4.668903808593750000e+02,
4.228503417968750000e+02,
3.903248291015625000e+02,
4.166412353515625000e+02,
4.111651000976562500e+02,
4.442234191894531250e+02,
4.170255737304687500e+02,
3.887527465820312500e+02,
3.649718322753906250e+02,
3.654178161621093750e+02,
3.643008117675781250e+02,
3.759317932128906250e+02,
3.599134216308593750e+02,
3.568608093261718750e+02,
4.299252624511718750e+02,
3.836591796875000000e+02,
3.667396240234375000e+02,
4.251172485351562500e+02,
4.431088867187500000e+02,
3.771625061035156250e+02,
3.863152770996093750e+02,
4.201927490234375000e+02,
3.896439208984375000e+02,
4.197237854003906250e+02,
3.856689147949218750e+02,
4.422717895507812500e+02,
3.602387084960937500e+02,
3.721865539550781250e+02,
3.766671752929687500e+02,
3.932450866699218750e+02,
3.802473754882812500e+02,
4.197202758789062500e+02,
3.842102050781250000e+02,
4.103161010742187500e+02,
4.081636657714843750e+02,
4.056134948730468750e+02,
3.804650573730468750e+02,
3.719449768066406250e+02,
4.083937377929687500e+02,
4.323469848632812500e+02,
3.852487792968750000e+02,
4.337812500000000000e+02,
4.171069641113281250e+02,
3.661742858886718750e+02,
3.642641906738281250e+02,
3.945088500976562500e+02,
3.536074523925781250e+02,
3.727704162597656250e+02,
3.729998779296875000e+02,
3.310714111328125000e+02,
4.015394897460937500e+02,
3.916147766113281250e+02,
4.028135070800781250e+02,
3.403961486816406250e+02,
3.921467285156250000e+02,
3.785759887695312500e+02,
3.905507812500000000e+02,
3.653898010253906250e+02,
3.785600585937500000e+02,
3.544557189941406250e+02,
3.583230895996093750e+02,
3.426779785156250000e+02,
3.980244445800781250e+02,
3.767723083496093750e+02,
3.993886108398437500e+02,
3.672026672363281250e+02,
3.946187744140625000e+02,
3.752624511718750000e+02,
3.454275817871093750e+02,
3.739385986328125000e+02,
3.431576843261718750e+02,
3.514938964843750000e+02,
3.669971923828125000e+02,
3.711265869140625000e+02,
3.435867614746093750e+02,
3.828655700683593750e+02,
3.631636657714843750e+02,
3.518764648437500000e+02,
3.600132751464843750e+02,
3.218070373535156250e+02,
3.239598693847656250e+02,
3.731894226074218750e+02,
3.838596191406250000e+02,
4.002231445312500000e+02,
3.607551879882812500e+02,
3.556907958984375000e+02,
3.541124877929687500e+02,
3.683084411621093750e+02,
3.790102233886718750e+02,
4.002940368652343750e+02,
3.520303955078125000e+02,
3.494004211425781250e+02,
3.435702209472656250e+02,
3.490650329589843750e+02,
3.402367248535156250e+02,
3.441523437500000000e+02,
4.505158081054687500e+02,
3.485893249511718750e+02,
3.486701965332031250e+02,
3.401124572753906250e+02,
3.195231933593750000e+02,
3.714965820312500000e+02,
3.509995117187500000e+02,
3.343580932617187500e+02,
3.563771972656250000e+02,
3.490343017578125000e+02,
3.381795654296875000e+02,
3.195522766113281250e+02,
3.653069458007812500e+02,
3.422838745117187500e+02,
3.192175598144531250e+02,
3.334500122070312500e+02,
3.239394531250000000e+02,
3.577933959960937500e+02,
3.295465698242187500e+02,
3.442159118652343750e+02,
3.879707946777343750e+02,
3.601565246582031250e+02,
3.115662841796875000e+02,
3.525920715332031250e+02,
3.062279663085937500e+02,
3.217098083496093750e+02,
3.294368896484375000e+02,
3.523419494628906250e+02,
3.079052429199218750e+02,
3.156235961914062500e+02,
3.298598937988281250e+02,
3.266669006347656250e+02,
3.599133300781250000e+02,
3.423041381835937500e+02,
3.313800048828125000e+02,
3.492930908203125000e+02,
3.217313537597656250e+02,
3.201187133789062500e+02,
3.191219177246093750e+02,
3.022059936523437500e+02,
3.041181335449218750e+02,
3.230637817382812500e+02,
3.364224853515625000e+02,
3.009116821289062500e+02,
3.330979919433593750e+02,
2.916845397949218750e+02,
3.031148376464843750e+02,
3.442302856445312500e+02,
3.035404663085937500e+02,
3.237775878906250000e+02,
2.877189636230468750e+02,
3.299476013183593750e+02,
2.857086791992187500e+02,
3.203607788085937500e+02,
3.238160705566406250e+02,
3.160314331054687500e+02,
3.772727355957031250e+02,
2.927550048828125000e+02,
4.016518859863281250e+02,
2.821861877441406250e+02,
2.987271118164062500e+02,
4.055282592773437500e+02,
2.955453796386718750e+02,
2.864821777343750000e+02,
3.345773925781250000e+02,
2.924069519042968750e+02,
3.193526000976562500e+02,
3.100358276367187500e+02,
3.273536376953125000e+02,
3.846973266601562500e+02,
3.210927124023437500e+02,
3.008690490722656250e+02,
2.858745422363281250e+02,
2.901796875000000000e+02,
2.883240661621093750e+02,
2.843309936523437500e+02,
3.133518371582031250e+02,
3.057719726562500000e+02,
2.668154907226562500e+02,
2.641235961914062500e+02,
2.553644256591796875e+02,
3.122211303710937500e+02,
2.679680175781250000e+02,
2.910835266113281250e+02,
3.247189331054687500e+02,
3.218757934570312500e+02,
2.894129943847656250e+02,
2.921073608398437500e+02,
3.182857360839843750e+02,
3.142666625976562500e+02,
2.695251770019531250e+02,
2.720057373046875000e+02,
3.383459777832031250e+02,
3.160397033691406250e+02,
2.833816223144531250e+02,
2.569537353515625000e+02,
3.258440856933593750e+02,
2.991982421875000000e+02,
3.345182495117187500e+02,
3.045126647949218750e+02,
2.571330871582031250e+02,
2.733572082519531250e+02,
2.693080139160156250e+02,
2.688822631835937500e+02,
2.896104736328125000e+02,
2.865633850097656250e+02,
3.146211242675781250e+02,
3.120806579589843750e+02,
2.830685424804687500e+02,
3.474126281738281250e+02,
3.551585388183593750e+02,
3.243765258789062500e+02,
3.033387451171875000e+02,
3.712911987304687500e+02,
2.762802429199218750e+02,
3.489048767089843750e+02,
3.587681884765625000e+02,
3.785992431640625000e+02,
2.929183959960937500e+02,
3.124720153808593750e+02,
2.845271911621093750e+02,
3.055806884765625000e+02,
3.105229187011718750e+02,
2.651958312988281250e+02,
2.982636108398437500e+02,
3.043653564453125000e+02,
3.140534057617187500e+02,
3.226727600097656250e+02,
3.245432739257812500e+02,
3.161313171386718750e+02,
2.788005065917968750e+02,
3.235436706542968750e+02,
3.011573181152343750e+02,
2.943034667968750000e+02,
3.296345520019531250e+02,
2.950296630859375000e+02,
3.239289550781250000e+02,
3.208722839355468750e+02,
3.062831420898437500e+02,
3.063802490234375000e+02,
3.259433288574218750e+02,
3.671288452148437500e+02,
3.615743713378906250e+02,
3.118308105468750000e+02,
3.371850891113281250e+02,
3.639286193847656250e+02,
3.309990234375000000e+02,
3.091243896484375000e+02,
2.893985290527343750e+02,
2.847619323730468750e+02,
3.810992431640625000e+02,
3.574479064941406250e+02,
2.918286743164062500e+02,
3.068798522949218750e+02,
3.084184265136718750e+02,
3.142608947753906250e+02,
3.253899230957031250e+02,
3.268384094238281250e+02,
3.059834289550781250e+02,
3.559231262207031250e+02,
3.405780334472656250e+02,
3.154241943359375000e+02,
3.218332214355468750e+02,
3.303343811035156250e+02,
3.193900756835937500e+02,
3.523267517089843750e+02,
3.399896240234375000e+02,
3.478720703125000000e+02,
3.154316101074218750e+02,
3.535177612304687500e+02,
3.723357238769531250e+02,
3.199738159179687500e+02,
3.297662963867187500e+02,
2.874229125976562500e+02,
3.332095947265625000e+02,
2.935635986328125000e+02,
3.304614257812500000e+02,
3.299828491210937500e+02,
3.213921508789062500e+02,
3.164903869628906250e+02,
3.150199279785156250e+02,
3.294848022460937500e+02,
3.576361694335937500e+02,
3.118484497070312500e+02,
3.250088500976562500e+02,
2.878267822265625000e+02,
3.564201965332031250e+02,
3.322055358886718750e+02,
3.361380310058593750e+02,
2.957544555664062500e+02,
3.885653076171875000e+02,
3.475796203613281250e+02,
3.724354858398437500e+02,
3.256506652832031250e+02,
3.150789794921875000e+02,
3.880257568359375000e+02,
3.335308532714843750e+02,
3.215228881835937500e+02,
3.050168457031250000e+02,
3.644744262695312500e+02,
3.762531433105468750e+02,
3.792778930664062500e+02,
3.380441589355468750e+02,
3.536554260253906250e+02,
3.458106994628906250e+02,
3.073166198730468750e+02,
2.977460632324218750e+02,
3.348267822265625000e+02,
2.781391906738281250e+02,
3.768587341308593750e+02,
2.947076110839843750e+02,
2.968389892578125000e+02,
2.906607360839843750e+02,
3.083090209960937500e+02,
2.673318481445312500e+02,
3.331442565917968750e+02,
4.798271179199218750e+02,
4.982049255371093750e+02,
5.400587768554687500e+02,
4.874298706054687500e+02,
4.869547424316406250e+02,
4.176936950683593750e+02,
4.423260192871093750e+02,
4.425829467773437500e+02,
4.684193115234375000e+02,
4.583241271972656250e+02,
4.001944885253906250e+02,
3.877911376953125000e+02,
3.744268493652343750e+02,
3.898941040039062500e+02,
4.274068298339843750e+02,
4.122194213867187500e+02,
3.809081115722656250e+02,
4.571189270019531250e+02,
4.152568664550781250e+02,
4.185327453613281250e+02,
4.378641967773437500e+02,
4.420505676269531250e+02,
4.505747375488281250e+02,
4.936580505371093750e+02,
4.287058410644531250e+02,
4.562804870605468750e+02,
4.337697448730468750e+02,
4.398616638183593750e+02,
3.995916442871093750e+02,
4.298669128417968750e+02,
4.313730773925781250e+02,
4.139685058593750000e+02,
3.676026611328125000e+02,
4.004822387695312500e+02,
3.575352478027343750e+02,
3.981876525878906250e+02,
4.130829772949218750e+02,
4.041324768066406250e+02,
4.041803283691406250e+02,
4.652275085449218750e+02,
4.215111083984375000e+02,
5.056838989257812500e+02,
4.776195678710937500e+02,
4.410527954101562500e+02,
4.348518981933593750e+02,
4.364461364746093750e+02,
4.514316711425781250e+02,
4.589182128906250000e+02,
3.888486938476562500e+02,
4.045841064453125000e+02,
4.579097595214843750e+02,
4.398665771484375000e+02,
3.711249389648437500e+02,
4.005138244628906250e+02,
4.217903137207031250e+02,
3.895815429687500000e+02,
4.083019409179687500e+02,
4.041907348632812500e+02,
4.242971801757812500e+02,
4.127096862792968750e+02,
3.715154724121093750e+02,
4.696529846191406250e+02,
4.330000610351562500e+02,
3.834316101074218750e+02,
4.233000793457031250e+02,
4.325232543945312500e+02,
3.963925781250000000e+02,
3.422034606933593750e+02,
3.618310241699218750e+02,
3.968846130371093750e+02,
3.421989135742187500e+02,
3.333425903320312500e+02,
3.445179443359375000e+02,
3.568063964843750000e+02,
3.621858825683593750e+02,
3.675864562988281250e+02,
3.508177185058593750e+02,
3.746539306640625000e+02,
4.613837890625000000e+02,
3.971394348144531250e+02,
3.999030151367187500e+02,
4.551367492675781250e+02,
4.546758728027343750e+02,
5.131152343750000000e+02,
4.518043212890625000e+02,
4.449305114746093750e+02,
4.507905883789062500e+02,
4.480071411132812500e+02,
4.543864135742187500e+02,
3.997715759277343750e+02,
4.337322387695312500e+02,
4.518129882812500000e+02,
4.242110595703125000e+02,
3.966601867675781250e+02,
4.488568420410156250e+02,
4.666973876953125000e+02,
4.081887207031250000e+02,
4.296982421875000000e+02,
5.025399475097656250e+02,
4.260168762207031250e+02,
4.487524108886718750e+02,
4.220285949707031250e+02,
4.218691101074218750e+02,
4.414433593750000000e+02,
4.171897277832031250e+02,
4.607328491210937500e+02,
4.474285583496093750e+02,
4.394783630371093750e+02,
4.238226623535156250e+02,
4.166124267578125000e+02,
4.290815429687500000e+02,
4.568396606445312500e+02,
4.159890441894531250e+02,
4.001436767578125000e+02,
3.879696044921875000e+02,
4.313364257812500000e+02,
4.482162475585937500e+02,
4.482365112304687500e+02,
4.213334960937500000e+02,
3.918048706054687500e+02,
4.435740051269531250e+02,
4.158889770507812500e+02,
4.356430053710937500e+02,
3.955252685546875000e+02,
5.017723999023437500e+02,
3.904700317382812500e+02,
3.671548767089843750e+02,
4.181772766113281250e+02,
4.027125549316406250e+02,
4.508033447265625000e+02,
3.974322204589843750e+02,
4.303609924316406250e+02,
3.997157592773437500e+02,
3.928176879882812500e+02,
3.766192626953125000e+02,
4.335306396484375000e+02,
3.901370849609375000e+02,
4.175041198730468750e+02,
4.497505798339843750e+02,
4.553670654296875000e+02,
4.739930725097656250e+02,
4.138051147460937500e+02,
4.808804016113281250e+02,
4.676111755371093750e+02,
4.719761657714843750e+02,
4.751065673828125000e+02,
4.545425415039062500e+02,
4.869452514648437500e+02,
4.841313171386718750e+02,
4.331790161132812500e+02,
4.212658691406250000e+02,
4.048874206542968750e+02,
4.150559997558593750e+02,
4.468971252441406250e+02,
4.427769165039062500e+02,
4.284161071777343750e+02,
4.556450195312500000e+02,
4.884788513183593750e+02,
4.376846618652343750e+02,
4.624341430664062500e+02,
4.464186096191406250e+02,
4.269884948730468750e+02,
4.466684875488281250e+02,
4.998225097656250000e+02,
4.174425659179687500e+02,
4.507437133789062500e+02,
4.357999877929687500e+02,
4.371795043945312500e+02,
4.217104492187500000e+02,
4.532115478515625000e+02,
4.108843688964843750e+02,
3.909606018066406250e+02,
4.171699829101562500e+02,
4.195132446289062500e+02,
4.274810485839843750e+02,
3.870354309082031250e+02,
3.972556762695312500e+02,
3.994731750488281250e+02,
5.029982299804687500e+02,
3.890759887695312500e+02,
3.921343383789062500e+02,
4.011641845703125000e+02,
3.811896972656250000e+02,
4.218786315917968750e+02,
4.147626953125000000e+02,
4.021811828613281250e+02,
3.961870727539062500e+02,
4.113795166015625000e+02,
3.982238159179687500e+02,
4.041755676269531250e+02,
4.195900573730468750e+02,
4.123937683105468750e+02,
4.131430969238281250e+02,
3.619962463378906250e+02,
3.748780517578125000e+02,
3.368138122558593750e+02,
3.899835205078125000e+02,
3.746357727050781250e+02,
3.642449951171875000e+02,
3.765104980468750000e+02,
3.493571472167968750e+02,
3.606965332031250000e+02,
3.979481811523437500e+02,
3.773059692382812500e+02,
3.494111328125000000e+02,
3.413199462890625000e+02,
3.636370239257812500e+02,
3.552894287109375000e+02,
3.889529724121093750e+02,
3.502118530273437500e+02,
3.576914367675781250e+02,
3.637402343750000000e+02,
3.422523498535156250e+02,
3.499277954101562500e+02,
3.243938903808593750e+02,
3.345571899414062500e+02,
3.508170166015625000e+02,
3.477326965332031250e+02,
3.356527404785156250e+02,
3.498098754882812500e+02,
3.240835571289062500e+02,
3.229216613769531250e+02,
3.770301208496093750e+02,
3.619244384765625000e+02,
4.159880065917968750e+02,
3.143603210449218750e+02,
3.174008483886718750e+02,
3.140731201171875000e+02,
3.451288146972656250e+02,
3.457578430175781250e+02,
3.158969726562500000e+02,
3.217993774414062500e+02,
3.382025146484375000e+02,
3.013650817871093750e+02,
3.020469055175781250e+02,
3.091177062988281250e+02,
2.919610290527343750e+02,
2.885019531250000000e+02,
3.265606384277343750e+02,
4.281978759765625000e+02,
2.821838378906250000e+02,
3.237744750976562500e+02,
3.228913574218750000e+02,
3.170060424804687500e+02,
3.278479003906250000e+02,
3.178142700195312500e+02,
3.361235961914062500e+02,
3.052952880859375000e+02,
3.172270812988281250e+02,
3.359349365234375000e+02,
3.592585754394531250e+02,
3.300785522460937500e+02,
3.851203002929687500e+02,
3.374214782714843750e+02,
3.882315063476562500e+02,
3.251510314941406250e+02,
3.258138732910156250e+02,
3.345166320800781250e+02,
3.343098754882812500e+02,
3.379440002441406250e+02,
3.162850036621093750e+02,
3.326502380371093750e+02,
3.747909851074218750e+02,
3.558451538085937500e+02,
3.417627563476562500e+02,
3.484008789062500000e+02,
3.581325378417968750e+02,
3.695788269042968750e+02,
3.814468383789062500e+02,
3.521365661621093750e+02,
3.676469726562500000e+02,
3.858073425292968750e+02,
4.122290954589843750e+02,
3.888104553222656250e+02,
3.468595581054687500e+02,
3.481304016113281250e+02,
3.539367980957031250e+02,
3.611754760742187500e+02,
4.436192321777343750e+02,
3.734935607910156250e+02,
3.848408203125000000e+02,
4.725574951171875000e+02,
3.612459106445312500e+02,
3.514340209960937500e+02,
3.653745117187500000e+02,
3.454617004394531250e+02,
3.601463928222656250e+02,
3.313635864257812500e+02,
3.377313232421875000e+02,
3.556837158203125000e+02,
3.675841674804687500e+02,
3.453089904785156250e+02,
3.702800598144531250e+02,
3.788118591308593750e+02,
3.707674255371093750e+02,
3.432652893066406250e+02,
3.620867919921875000e+02,
3.547316589355468750e+02,
3.532940979003906250e+02,
3.270217590332031250e+02,
3.160412292480468750e+02,
3.108500366210937500e+02,
5.599068603515625000e+02,
5.260906372070312500e+02,
5.052615051269531250e+02,
5.317631225585937500e+02,
4.759943542480468750e+02,
4.504029846191406250e+02,
4.646906738281250000e+02,
4.544284973144531250e+02,
4.290370483398437500e+02,
4.397419433593750000e+02,
4.415346069335937500e+02,
4.271683959960937500e+02,
4.562375793457031250e+02,
4.894949340820312500e+02,
4.887563476562500000e+02,
5.020686035156250000e+02,
4.789132995605468750e+02,
5.146414184570312500e+02,
4.433607177734375000e+02,
4.259353027343750000e+02,
4.290467224121093750e+02,
4.266011962890625000e+02,
4.618174743652343750e+02,
4.644755249023437500e+02,
4.327920532226562500e+02,
4.203760681152343750e+02,
4.516560363769531250e+02,
5.041162109375000000e+02,
4.606051330566406250e+02,
4.819454650878906250e+02,
4.852901000976562500e+02,
5.170032958984375000e+02,
4.502100524902343750e+02,
4.086577453613281250e+02,
4.127398681640625000e+02,
4.192070007324218750e+02,
4.990188903808593750e+02,
4.101047668457031250e+02,
4.600830078125000000e+02,
4.734734497070312500e+02,
4.229592285156250000e+02,
4.580990905761718750e+02,
4.521029663085937500e+02,
3.850124206542968750e+02,
3.974872131347656250e+02,
3.735298156738281250e+02,
3.506448059082031250e+02,
3.999717102050781250e+02,
3.625575866699218750e+02,
3.847585754394531250e+02,
4.070189514160156250e+02,
4.434471130371093750e+02,
4.369086303710937500e+02,
4.999762878417968750e+02,
5.609031982421875000e+02,
4.650630493164062500e+02,
4.627753601074218750e+02,
4.825209960937500000e+02,
4.713899230957031250e+02,
4.429499511718750000e+02,
4.921457519531250000e+02,
4.702019042968750000e+02,
5.084364929199218750e+02,
4.443785705566406250e+02,
4.785344848632812500e+02,
5.148793334960937500e+02,
4.847156982421875000e+02,
4.639603271484375000e+02,
4.752644348144531250e+02,
4.974979553222656250e+02,
4.945214538574218750e+02,
4.832728271484375000e+02,
4.810479736328125000e+02,
4.823018188476562500e+02,
4.520845336914062500e+02,
4.320434265136718750e+02,
4.602359008789062500e+02,
4.800278320312500000e+02,
5.127741699218750000e+02,
4.560114746093750000e+02,
4.541959533691406250e+02,
4.265076599121093750e+02,
4.248246765136718750e+02,
4.622169799804687500e+02,
4.281198730468750000e+02,
4.581218566894531250e+02,
4.523934631347656250e+02,
4.471741027832031250e+02,
4.351932373046875000e+02,
5.155263061523437500e+02,
4.881303100585937500e+02,
4.779364318847656250e+02,
4.953557128906250000e+02,
5.244310913085937500e+02,
5.107063903808593750e+02,
5.212662963867187500e+02,
5.271844482421875000e+02,
5.161828002929687500e+02,
5.278505859375000000e+02,
4.977589416503906250e+02,
4.986894836425781250e+02,
4.713425598144531250e+02,
4.555921325683593750e+02,
4.754117431640625000e+02,
4.709212951660156250e+02,
4.737012634277343750e+02,
4.757093811035156250e+02,
4.831363830566406250e+02,
4.410766906738281250e+02,
5.008671569824218750e+02,
4.817591247558593750e+02,
4.375216369628906250e+02,
4.707534484863281250e+02,
4.628286437988281250e+02,
4.759456787109375000e+02,
4.298947448730468750e+02,
4.988450317382812500e+02,
4.486936340332031250e+02,
4.514663085937500000e+02,
5.204070434570312500e+02,
4.615887451171875000e+02,
4.453963317871093750e+02,
4.399684143066406250e+02,
4.527757568359375000e+02,
5.037905883789062500e+02,
4.011365356445312500e+02,
4.952613830566406250e+02,
4.626434326171875000e+02,
4.360871582031250000e+02,
3.916621704101562500e+02,
4.038208007812500000e+02,
4.069751281738281250e+02,
4.169667968750000000e+02,
3.904714660644531250e+02,
4.079588012695312500e+02,
3.866638488769531250e+02,
4.325158996582031250e+02,
4.045996398925781250e+02,
3.561386718750000000e+02,
4.124497070312500000e+02,
3.911216430664062500e+02,
3.611044921875000000e+02,
3.665097351074218750e+02,
3.626371765136718750e+02,
3.515650329589843750e+02,
3.825444641113281250e+02,
3.633702087402343750e+02,
3.483244323730468750e+02,
3.565133056640625000e+02,
3.253554077148437500e+02,
3.286885070800781250e+02,
3.498226928710937500e+02,
4.187048645019531250e+02,
3.362125244140625000e+02,
3.089797058105468750e+02,
2.752379150390625000e+02,
3.778923034667968750e+02,
3.203279418945312500e+02,
3.093514709472656250e+02,
3.508555908203125000e+02,
3.350714416503906250e+02,
3.207507934570312500e+02,
3.034998168945312500e+02,
3.054048461914062500e+02,
3.096009826660156250e+02,
3.090713500976562500e+02,
3.540796508789062500e+02,
3.807416687011718750e+02,
3.432411804199218750e+02,
3.564270935058593750e+02,
3.402099609375000000e+02,
3.575859680175781250e+02,
3.778747558593750000e+02,
3.593567504882812500e+02,
3.440621643066406250e+02,
3.995790405273437500e+02,
3.868930053710937500e+02,
4.649768981933593750e+02,
3.870673217773437500e+02,
3.946654052734375000e+02,
4.383740844726562500e+02,
3.768363037109375000e+02,
3.724985046386718750e+02,
5.222250976562500000e+02,
4.285127868652343750e+02,
4.602146606445312500e+02,
4.602430114746093750e+02,
4.172266235351562500e+02,
4.311139221191406250e+02,
3.847188110351562500e+02,
4.025237731933593750e+02,
3.579645996093750000e+02,
4.167899169921875000e+02,
4.017162475585937500e+02,
4.243003540039062500e+02,
4.200074157714843750e+02,
4.370587768554687500e+02,
4.540640563964843750e+02,
3.305616149902343750e+02,
3.823692016601562500e+02,
