5.180054321289062500e+02,
5.387764892578125000e+02,
5.031249389648437500e+02,
4.769889831542968750e+02,
4.258675842285156250e+02,
4.196807556152343750e+02,
4.333194274902343750e+02,
4.391428833007812500e+02,
4.317589416503906250e+02,
3.949798278808593750e+02,
4.092029418945312500e+02,
4.315445861816406250e+02,
3.776501159667968750e+02,
4.186872558593750000e+02,
4.237279357910156250e+02,
3.907429809570312500e+02,
4.129171447753906250e+02,
4.964383544921875000e+02,
4.481429443359375000e+02,
4.643190917968750000e+02,
4.315062255859375000e+02,
4.775421142578125000e+02,
5.307244873046875000e+02,
5.367731933593750000e+02,
5.626739501953125000e+02,
5.691052246093750000e+02,
5.004654541015625000e+02,
5.189924316406250000e+02,
5.412711181640625000e+02,
5.174556884765625000e+02,
4.663362426757812500e+02,
4.397414550781250000e+02,
4.461558227539062500e+02,
4.169305419921875000e+02,
4.184384155273437500e+02,
4.096675720214843750e+02,
4.716693725585937500e+02,
4.501156005859375000e+02,
4.536136779785156250e+02,
3.882177429199218750e+02,
3.705799560546875000e+02,
4.094871215820312500e+02,
3.848533325195312500e+02,
3.526456909179687500e+02,
3.606210632324218750e+02,
3.649740600585937500e+02,
3.802893981933593750e+02,
3.645381774902343750e+02,
3.661503295898437500e+02,
3.726503906250000000e+02,
3.742532958984375000e+02,
3.584579772949218750e+02,
3.700191955566406250e+02,
3.789644470214843750e+02,
3.341050109863281250e+02,
3.213970031738281250e+02,
3.739755859375000000e+02,
3.039606018066406250e+02,
3.231184387207031250e+02,
3.775663146972656250e+02,
3.090946044921875000e+02,
3.062414245605468750e+02,
3.102459411621093750e+02,
3.115367736816406250e+02,
3.039058837890625000e+02,
2.931288146972656250e+02,
2.855237426757812500e+02,
2.967062683105468750e+02,
3.087575378417968750e+02,
3.680151062011718750e+02,
3.216567687988281250e+02,
3.299016113281250000e+02,
3.213309936523437500e+02,
3.070620727539062500e+02,
3.418832092285156250e+02,
2.970336914062500000e+02,
3.022034606933593750e+02,
3.289421081542968750e+02,
2.889338989257812500e+02,
3.028536071777343750e+02,
3.007862548828125000e+02,
2.830969238281250000e+02,
3.024352722167968750e+02,
2.851084594726562500e+02,
2.955802917480468750e+02,
2.925551147460937500e+02,
2.810476989746093750e+02,
3.081445617675781250e+02,
2.568526916503906250e+02,
2.951904907226562500e+02,
2.999479980468750000e+02,
3.208064575195312500e+02,
2.672996215820312500e+02,
2.953272399902343750e+02,
2.551943817138671875e+02,
3.053690490722656250e+02,
2.919774169921875000e+02,
2.622920837402343750e+02,
2.805762939453125000e+02,
3.090089416503906250e+02,
2.951907958984375000e+02,
3.189573364257812500e+02,
2.873399658203125000e+02,
2.724103393554687500e+02,
3.193204650878906250e+02,
3.669908752441406250e+02,
2.859453735351562500e+02,
2.840651550292968750e+02,
3.341539306640625000e+02,
2.828750915527343750e+02,
2.884096984863281250e+02,
2.547010345458984375e+02,
3.760062866210937500e+02,
2.945805664062500000e+02,
2.926136474609375000e+02,
2.878707580566406250e+02,
3.309096069335937500e+02,
2.775130004882812500e+02,
3.081206665039062500e+02,
2.848368225097656250e+02,
3.308099060058593750e+02,
2.877107849121093750e+02,
3.180158996582031250e+02,
3.351004638671875000e+02,
2.933395996093750000e+02,
2.992494812011718750e+02,
2.947746582031250000e+02,
2.781755981445312500e+02,
3.551041870117187500e+02,
3.282857055664062500e+02,
2.902649230957031250e+02,
2.807160034179687500e+02,
2.663020324707031250e+02,
3.296663208007812500e+02,
3.010027465820312500e+02,
2.878544006347656250e+02,
2.451359100341796875e+02,
2.347794036865234375e+02,
2.567988281250000000e+02,
2.803763427734375000e+02,
2.521891021728515625e+02,
3.112462158203125000e+02,
2.674795837402343750e+02,
2.647402038574218750e+02,
2.668501892089843750e+02,
3.056378784179687500e+02,
2.964811401367187500e+02,
3.342998962402343750e+02,
3.132721252441406250e+02,
3.073435974121093750e+02,
3.204206848144531250e+02,
3.121553039550781250e+02,
3.118575744628906250e+02,
3.178809509277343750e+02,
3.108500061035156250e+02,
3.361910095214843750e+02,
3.158349914550781250e+02,
3.064545288085937500e+02,
3.008629760742187500e+02,
2.984019775390625000e+02,
3.554621887207031250e+02,
3.279790344238281250e+02,
2.710580749511718750e+02,
2.769633789062500000e+02,
2.972800292968750000e+02,
3.014766235351562500e+02,
2.542456359863281250e+02,
3.617030029296875000e+02,
2.968588256835937500e+02,
2.694949951171875000e+02,
2.916443786621093750e+02,
3.128464965820312500e+02,
2.455496063232421875e+02,
2.683601989746093750e+02,
2.982299194335937500e+02,
2.961878662109375000e+02,
3.405831298828125000e+02,
2.602579345703125000e+02,
2.741751403808593750e+02,
2.951496582031250000e+02,
2.598907470703125000e+02,
2.466414031982421875e+02,
3.157684631347656250e+02,
3.000868225097656250e+02,
2.922855224609375000e+02,
3.079980773925781250e+02,
2.777245483398437500e+02,
2.718807067871093750e+02,
2.939017944335937500e+02,
3.018794250488281250e+02,
2.912671508789062500e+02,
2.924107666015625000e+02,
2.723999633789062500e+02,
3.438519897460937500e+02,
2.899114074707031250e+02,
2.719737854003906250e+02,
3.296110839843750000e+02,
3.222075805664062500e+02,
3.371179504394531250e+02,
3.371922912597656250e+02,
3.409657592773437500e+02,
3.277357177734375000e+02,
3.067341918945312500e+02,
3.418307189941406250e+02,
3.246338195800781250e+02,
2.880609436035156250e+02,
2.936607360839843750e+02,
2.941514587402343750e+02,
3.061572265625000000e+02,
3.177245178222656250e+02,
3.567734680175781250e+02,
3.233721923828125000e+02,
3.208720397949218750e+02,
3.093808898925781250e+02,
2.917065734863281250e+02,
3.022082824707031250e+02,
3.459043884277343750e+02,
3.144698181152343750e+02,
2.988463745117187500e+02,
3.212745361328125000e+02,
3.634312438964843750e+02,
3.871110229492187500e+02,
2.925113525390625000e+02,
3.142579956054687500e+02,
3.147184753417968750e+02,
2.790788269042968750e+02,
3.068551940917968750e+02,
3.367011413574218750e+02,
3.044139709472656250e+02,
2.926022033691406250e+02,
2.752722473144531250e+02,
3.412593994140625000e+02,
3.285194702148437500e+02,
4.513470764160156250e+02,
3.189110412597656250e+02,
3.339243164062500000e+02,
3.434846191406250000e+02,
4.275675048828125000e+02,
3.411543273925781250e+02,
3.425703430175781250e+02,
2.993459777832031250e+02,
2.957863464355468750e+02,
3.772750854492187500e+02,
2.985272521972656250e+02,
3.044427185058593750e+02,
3.207790832519531250e+02,
2.990548400878906250e+02,
3.473210449218750000e+02,
3.424119567871093750e+02,
3.247348937988281250e+02,
3.058374938964843750e+02,
3.520271911621093750e+02,
3.641308288574218750e+02,
3.787462158203125000e+02,
3.410457153320312500e+02,
3.307502441406250000e+02,
3.341844787597656250e+02,
3.316337280273437500e+02,
3.427415771484375000e+02,
3.598916015625000000e+02,
3.214577941894531250e+02,
3.641305847167968750e+02,
4.007248535156250000e+02,
3.367540588378906250e+02,
3.471488952636718750e+02,
3.315936584472656250e+02,
3.436617126464843750e+02,
3.427691650390625000e+02,
3.394822082519531250e+02,
3.561061096191406250e+02,
3.596815185546875000e+02,
3.562618103027343750e+02,
3.258067626953125000e+02,
3.297423706054687500e+02,
3.190240783691406250e+02,
3.194712524414062500e+02,
3.330283508300781250e+02,
3.252038574218750000e+02,
3.343930053710937500e+02,
3.637916870117187500e+02,
3.222061767578125000e+02,
3.661965637207031250e+02,
3.337024841308593750e+02,
3.845955505371093750e+02,
3.404852600097656250e+02,
3.413432312011718750e+02,
3.560348510742187500e+02,
3.559996948242187500e+02,
3.435248107910156250e+02,
3.557671203613281250e+02,
3.451669006347656250e+02,
3.764776306152343750e+02,
3.495020751953125000e+02,
3.301880798339843750e+02,
3.288275451660156250e+02,
3.280671997070312500e+02,
3.458827819824218750e+02,
3.662303771972656250e+02,
3.396197814941406250e+02,
3.095054626464843750e+02,
3.173516845703125000e+02,
3.185699157714843750e+02,
3.386325073242187500e+02,
3.823652343750000000e+02,
2.961983642578125000e+02,
3.193699340820312500e+02,
3.095949707031250000e+02,
3.247027587890625000e+02,
3.457109375000000000e+02,
3.049607238769531250e+02,
3.112609252929687500e+02,
2.813760681152343750e+02,
3.176728210449218750e+02,
3.040184936523437500e+02,
2.801295166015625000e+02,
2.799756469726562500e+02,
3.093447875976562500e+02,
2.925772705078125000e+02,
3.076192932128906250e+02,
3.012432861328125000e+02,
2.994226074218750000e+02,
3.006061401367187500e+02,
3.577691040039062500e+02,
3.418946533203125000e+02,
2.871809387207031250e+02,
3.361716613769531250e+02,
3.201098632812500000e+02,
3.103087463378906250e+02,
3.008529663085937500e+02,
3.079098815917968750e+02,
3.252033996582031250e+02,
3.286589050292968750e+02,
3.147648315429687500e+02,
3.219420166015625000e+02,
3.551935729980468750e+02,
3.289695434570312500e+02,
3.362886047363281250e+02,
3.677624206542968750e+02,
3.260493469238281250e+02,
3.789456481933593750e+02,
3.355589294433593750e+02,
3.601461486816406250e+02,
3.284866333007812500e+02,
3.451787109375000000e+02,
2.807232055664062500e+02,
3.035931396484375000e+02,
3.470530395507812500e+02,
3.260124511718750000e+02,
3.730652160644531250e+02,
3.535188293457031250e+02,
3.391437377929687500e+02,
3.280292053222656250e+02,
3.481430664062500000e+02,
3.364582519531250000e+02,
3.427450561523437500e+02,
3.278763427734375000e+02,
3.304724426269531250e+02,
3.272724609375000000e+02,
3.156217346191406250e+02,
2.920007019042968750e+02,
3.181336669921875000e+02,
3.205581054687500000e+02,
3.027989501953125000e+02,
3.249605712890625000e+02,
3.747382507324218750e+02,
2.802649536132812500e+02,
3.897606811523437500e+02,
8.798726806640625000e+02,
1.746779907226562500e+03,
2.875392578125000000e+03,
4.292101562500000000e+03,
5.808035644531250000e+03,
6.984752929687500000e+03,
7.140115722656250000e+03,
7.145328613281250000e+03,
6.861955078125000000e+03,
6.570267578125000000e+03,
6.061705078125000000e+03,
5.585789062500000000e+03,
5.182933593750000000e+03,
4.659873535156250000e+03,
4.642198730468750000e+03,
4.351714843750000000e+03,
4.129403808593750000e+03,
3.672953369140625000e+03,
3.357968750000000000e+03,
3.336491455078125000e+03,
3.130129882812500000e+03,
2.864816894531250000e+03,
2.768581054687500000e+03,
2.653532470703125000e+03,
2.544761718750000000e+03,
2.574477050781250000e+03,
2.659797119140625000e+03,
2.538692871093750000e+03,
2.427114013671875000e+03,
2.259892089843750000e+03,
2.034893310546875000e+03,
1.857378662109375000e+03,
1.801492309570312500e+03,
1.724409667968750000e+03,
1.582322509765625000e+03,
1.544060791015625000e+03,
1.474411254882812500e+03,
1.473131591796875000e+03,
1.471168090820312500e+03,
1.424603393554687500e+03,
1.294256835937500000e+03,
1.259455200195312500e+03,
1.127461914062500000e+03,
1.078267211914062500e+03,
1.008023681640625000e+03,
1.064802490234375000e+03,
1.066375854492187500e+03,
1.030741088867187500e+03,
9.928003540039062500e+02,
9.750667114257812500e+02,
1.002506713867187500e+03,
1.000117858886718750e+03,
9.587206420898437500e+02,
1.000565856933593750e+03,
8.746436157226562500e+02,
8.358981933593750000e+02,
7.918576049804687500e+02,
8.950702514648437500e+02,
7.715796508789062500e+02,
8.661902465820312500e+02,
7.702384033203125000e+02,
7.384340209960937500e+02,
6.366903076171875000e+02,
6.902406005859375000e+02,
6.079572753906250000e+02,
5.953842773437500000e+02,
5.041150512695312500e+02,
5.528591308593750000e+02,
5.806741333007812500e+02,
5.453806152343750000e+02,
6.004262695312500000e+02,
5.647792968750000000e+02,
5.534567871093750000e+02,
5.810704345703125000e+02,
5.990440063476562500e+02,
6.188243408203125000e+02,
6.162390747070312500e+02,
6.006818847656250000e+02,
5.940897827148437500e+02,
6.029860839843750000e+02,
5.410017089843750000e+02,
5.217628173828125000e+02,
5.939697875976562500e+02,
6.089035644531250000e+02,
5.807269287109375000e+02,
6.171954956054687500e+02,
5.923126220703125000e+02,
6.423935546875000000e+02,
5.869060668945312500e+02,
5.841748657226562500e+02,
5.272174682617187500e+02,
6.256550292968750000e+02,
5.239028320312500000e+02,
5.654401855468750000e+02,
6.625467529296875000e+02,
6.499250488281250000e+02,
6.566832275390625000e+02,
6.790682373046875000e+02,
7.186542358398437500e+02,
6.694608154296875000e+02,
7.560909423828125000e+02,
6.944263916015625000e+02,
7.446361083984375000e+02,
8.331759643554687500e+02,
8.186492309570312500e+02,
8.172405395507812500e+02,
7.914713134765625000e+02,
8.377733154296875000e+02,
7.672185058593750000e+02,
7.795532226562500000e+02,
6.565860595703125000e+02,
6.747749023437500000e+02,
7.251947021484375000e+02,
7.132274169921875000e+02,
7.127710571289062500e+02,
7.321130371093750000e+02,
7.477867431640625000e+02,
7.816687622070312500e+02,
7.083361816406250000e+02,
7.469819335937500000e+02,
6.958438720703125000e+02,
7.424235229492187500e+02,
7.441619873046875000e+02,
6.617875976562500000e+02,
6.940629272460937500e+02,
7.534936523437500000e+02,
7.815042114257812500e+02,
7.949833374023437500e+02,
8.009172973632812500e+02,
7.552131958007812500e+02,
6.764280395507812500e+02,
7.297776489257812500e+02,
6.661775512695312500e+02,
6.041518554687500000e+02,
6.313500976562500000e+02,
6.291577148437500000e+02,
6.566170043945312500e+02,
5.690607299804687500e+02,
5.145368652343750000e+02,
5.574960327148437500e+02,
5.398056030273437500e+02,
5.213836059570312500e+02,
5.306634521484375000e+02,
5.316539306640625000e+02,
4.801411743164062500e+02,
4.284486694335937500e+02,
4.734448242187500000e+02,
4.233153076171875000e+02,
4.680515441894531250e+02,
4.238562011718750000e+02,
4.358046569824218750e+02,
3.789350585937500000e+02,
3.704021606445312500e+02,
4.388179321289062500e+02,
4.236812133789062500e+02,
4.209050292968750000e+02,
4.180906372070312500e+02,
4.871125793457031250e+02,
4.179770202636718750e+02,
5.150655517578125000e+02,
4.365838012695312500e+02,
5.020429077148437500e+02,
4.066017150878906250e+02,
4.146313171386718750e+02,
4.139576110839843750e+02,
4.372903442382812500e+02,
4.370550842285156250e+02,
4.170882568359375000e+02,
4.676968078613281250e+02,
4.378695678710937500e+02,
4.498558654785156250e+02,
4.173138427734375000e+02,
4.592505798339843750e+02,
3.776687316894531250e+02,
3.997455139160156250e+02,
4.044195556640625000e+02,
4.149803466796875000e+02,
4.355238647460937500e+02,
5.615417480468750000e+02,
5.359688110351562500e+02,
5.451594848632812500e+02,
4.787798156738281250e+02,
4.626105651855468750e+02,
4.926263427734375000e+02,
4.540904846191406250e+02,
4.659855041503906250e+02,
5.082274475097656250e+02,
5.145014038085937500e+02,
5.104241027832031250e+02,
5.443893432617187500e+02,
5.302407836914062500e+02,
5.620798339843750000e+02,
5.639819946289062500e+02,
4.843386535644531250e+02,
5.275853881835937500e+02,
4.828960571289062500e+02,
4.565994873046875000e+02,
4.406819152832031250e+02,
4.257853698730468750e+02,
4.567174682617187500e+02,
3.871041564941406250e+02,
3.726932067871093750e+02,
3.984495544433593750e+02,
3.575776977539062500e+02,
3.781233825683593750e+02,
3.483200683593750000e+02,
3.844676818847656250e+02,
3.783550415039062500e+02,
3.228337707519531250e+02,
3.738168334960937500e+02,
3.208089599609375000e+02,
3.501216735839843750e+02,
3.138627319335937500e+02,
3.151003112792968750e+02,
3.045877380371093750e+02,
2.904461975097656250e+02,
3.122559814453125000e+02,
3.406524353027343750e+02,
2.868375549316406250e+02,
2.869884033203125000e+02,
3.266857299804687500e+02,
3.222934265136718750e+02,
2.884990539550781250e+02,
3.014500732421875000e+02,
3.178653869628906250e+02,
3.440888366699218750e+02,
2.726323242187500000e+02,
3.185914916992187500e+02,
2.844752807617187500e+02,
2.794638366699218750e+02,
3.015043945312500000e+02,
2.936376953125000000e+02,
3.306959838867187500e+02,
2.942029418945312500e+02,
3.017201232910156250e+02,
2.915810546875000000e+02,
3.112987365722656250e+02,
3.449741821289062500e+02,
3.106231689453125000e+02,
3.473554992675781250e+02,
3.258178100585937500e+02,
3.104812011718750000e+02,
3.275746765136718750e+02,
3.039229125976562500e+02,
2.865820007324218750e+02,
3.233982238769531250e+02,
2.741552429199218750e+02,
2.681942443847656250e+02,
3.112286682128906250e+02,
3.073218078613281250e+02,
3.002897338867187500e+02,
3.905271301269531250e+02,
3.021982421875000000e+02,
3.244922485351562500e+02,
3.677738342285156250e+02,
3.353803405761718750e+02,
3.074794006347656250e+02,
3.416511535644531250e+02,
2.827350463867187500e+02,
3.399094848632812500e+02,
2.709075927734375000e+02,
3.390602722167968750e+02,
2.711169128417968750e+02,
3.204509887695312500e+02,
2.661820678710937500e+02,
2.612901000976562500e+02,
2.964938049316406250e+02,
3.121236877441406250e+02,
2.787817993164062500e+02,
3.225083923339843750e+02,
3.330674438476562500e+02,
3.400274047851562500e+02,
3.218336181640625000e+02,
2.974011230468750000e+02,
3.056000671386718750e+02,
3.651791076660156250e+02,
3.375054016113281250e+02,
3.908781738281250000e+02,
3.598104553222656250e+02,
3.401509704589843750e+02,
3.312941894531250000e+02,
3.127759399414062500e+02,
3.238367004394531250e+02,
3.103582153320312500e+02,
3.964415588378906250e+02,
3.332385864257812500e+02,
3.546425476074218750e+02,
3.167885437011718750e+02,
3.432286987304687500e+02,
2.948733520507812500e+02,
3.706053771972656250e+02,
3.345384216308593750e+02,
4.383666076660156250e+02,
3.636163024902343750e+02,
3.747899475097656250e+02,
3.680424194335937500e+02,
4.619380187988281250e+02,
3.860310363769531250e+02,
3.435588684082031250e+02,
3.485465087890625000e+02,
3.307913208007812500e+02,
3.824477233886718750e+02,
3.326179199218750000e+02,
3.760947265625000000e+02,
3.897899475097656250e+02,
3.586436462402343750e+02,
4.025308532714843750e+02,
3.689662170410156250e+02,
3.613334960937500000e+02,
4.211356201171875000e+02,
3.718162231445312500e+02,
4.162937927246093750e+02,
3.726407165527343750e+02,
3.885771179199218750e+02,
3.498102111816406250e+02,
4.308042297363281250e+02,
3.675322265625000000e+02,
4.106645202636718750e+02,
4.148670959472656250e+02,
3.869648132324218750e+02,
4.141124267578125000e+02,
3.861715393066406250e+02,
4.134086303710937500e+02,
3.788890991210937500e+02,
4.554223022460937500e+02,
3.821025390625000000e+02,
3.620665588378906250e+02,
3.582341308593750000e+02,
3.689105834960937500e+02,
3.762620544433593750e+02,
3.496343078613281250e+02,
3.123517761230468750e+02,
3.138537597656250000e+02,
3.204382019042968750e+02,
3.316085205078125000e+02,
3.164512634277343750e+02,
3.440448303222656250e+02,
3.054707641601562500e+02,
3.568941040039062500e+02,
3.638447570800781250e+02,
3.672202453613281250e+02,
3.389797668457031250e+02,
3.563109436035156250e+02,
3.823718566894531250e+02,
3.814438781738281250e+02,
3.668526611328125000e+02,
4.206239013671875000e+02,
3.658743896484375000e+02,
3.349502258300781250e+02,
3.322929382324218750e+02,
3.431272888183593750e+02,
3.735092773437500000e+02,
4.656330261230468750e+02,
3.494594421386718750e+02,
3.813949279785156250e+02,
3.952405395507812500e+02,
3.479393615722656250e+02,
4.313724670410156250e+02,
3.300000000000000000e+02,
6.003996582031250000e+02,
1.730301147460937500e+03,
4.067150146484375000e+03,
6.288057128906250000e+03,
7.467234863281250000e+03,
7.945868652343750000e+03,
7.972687011718750000e+03,
7.489431152343750000e+03,
6.549880371093750000e+03,
5.620530761718750000e+03,
4.843692871093750000e+03,
3.881504394531250000e+03,
3.427497558593750000e+03,
3.229078613281250000e+03,
3.015713378906250000e+03,
2.775137451171875000e+03,
2.556473144531250000e+03,
2.118126464843750000e+03,
1.849129516601562500e+03,
1.668864379882812500e+03,
1.572206787109375000e+03,
1.459390136718750000e+03,
1.376420043945312500e+03,
1.218694702148437500e+03,
1.104459960937500000e+03,
1.054346801757812500e+03,
1.029755493164062500e+03,
1.045263549804687500e+03,
1.041818969726562500e+03,
1.038570800781250000e+03,
9.497802734375000000e+02,
9.298150634765625000e+02,
8.351312255859375000e+02,
7.803596801757812500e+02,
6.370211181640625000e+02,
6.173921508789062500e+02,
5.701754150390625000e+02,
6.703334960937500000e+02,
6.605133666992187500e+02,
6.080803833007812500e+02,
5.768973999023437500e+02,
6.311425170898437500e+02,
5.650725708007812500e+02,
6.044552612304687500e+02,
6.377385253906250000e+02,
5.981567382812500000e+02,
6.165293579101562500e+02,
6.271096801757812500e+02,
6.594208984375000000e+02,
7.090721435546875000e+02,
6.961456909179687500e+02,
7.686645507812500000e+02,
7.908932495117187500e+02,
8.141563110351562500e+02,
8.343131713867187500e+02,
7.710574340820312500e+02,
7.399006347656250000e+02,
7.491939086914062500e+02,
7.450836181640625000e+02,
6.975881958007812500e+02,
7.337921142578125000e+02,
7.546449584960937500e+02,
7.483403320312500000e+02,
7.296455688476562500e+02,
8.354622802734375000e+02,
7.694069824218750000e+02,
6.994354858398437500e+02,
7.399931030273437500e+02,
6.358659667968750000e+02,
6.465935668945312500e+02,
5.789512329101562500e+02,
5.706216430664062500e+02,
5.538292236328125000e+02,
5.483313598632812500e+02,
4.856529235839843750e+02,
4.732702026367187500e+02,
5.005729370117187500e+02,
4.773268127441406250e+02,
4.974036560058593750e+02,
4.616826171875000000e+02,
4.961529235839843750e+02,
4.821464233398437500e+02,
5.310296020507812500e+02,
4.775213928222656250e+02,
4.989933471679687500e+02,
4.361191406250000000e+02,
4.265934753417968750e+02,
4.178359375000000000e+02,
4.724262084960937500e+02,
4.673468627929687500e+02,
5.965411987304687500e+02,
5.927439575195312500e+02,
5.526423339843750000e+02,
5.348621826171875000e+02,
5.003711547851562500e+02,
5.259690551757812500e+02,
5.446248779296875000e+02,
6.087009277343750000e+02,
5.725503540039062500e+02,
5.798074340820312500e+02,
4.992997741699218750e+02,
4.950430908203125000e+02,
4.858961486816406250e+02,
4.541393127441406250e+02,
4.094215087890625000e+02,
4.040596008300781250e+02,
3.851844787597656250e+02,
3.698117370605468750e+02,
4.208789367675781250e+02,
3.649868469238281250e+02,
3.242066040039062500e+02,
3.388585205078125000e+02,
3.345067138671875000e+02,
3.561149597167968750e+02,
3.135889587402343750e+02,
3.221127319335937500e+02,
3.011376037597656250e+02,
3.002171020507812500e+02,
3.268357849121093750e+02,
2.931074829101562500e+02,
3.082904968261718750e+02,
3.314716491699218750e+02,
2.921674194335937500e+02,
3.149381408691406250e+02,
3.232311706542968750e+02,
3.197688293457031250e+02,
3.096738891601562500e+02,
3.065160522460937500e+02,
3.366015319824218750e+02,
3.180418701171875000e+02,
3.115217590332031250e+02,
3.504473571777343750e+02,
3.286380310058593750e+02,
3.154062194824218750e+02,
2.971466064453125000e+02,
3.102609252929687500e+02,
3.071380920410156250e+02,
2.870409240722656250e+02,
3.732891235351562500e+02,
3.738401184082031250e+02,
3.691702880859375000e+02,
3.457242736816406250e+02,
3.526423950195312500e+02,
2.948557739257812500e+02,
2.901882324218750000e+02,
3.109863281250000000e+02,
3.884308471679687500e+02,
3.198117980957031250e+02,
3.258048095703125000e+02,
3.350916748046875000e+02,
3.429223937988281250e+02,
3.608689270019531250e+02,
3.630662231445312500e+02,
3.229630737304687500e+02,
3.246789855957031250e+02,
3.537742614746093750e+02,
3.685556945800781250e+02,
3.733833923339843750e+02,
3.472332153320312500e+02,
3.652556457519531250e+02,
3.561075439453125000e+02,
3.551591491699218750e+02,
3.383481445312500000e+02,
3.918540954589843750e+02,
4.102611694335937500e+02,
3.895775451660156250e+02,
3.819476623535156250e+02,
4.308275451660156250e+02,
4.259171142578125000e+02,
4.240589294433593750e+02,
3.689147033691406250e+02,
3.871960754394531250e+02,
4.205796203613281250e+02,
4.038433532714843750e+02,
4.044378967285156250e+02,
4.080125732421875000e+02,
4.391616516113281250e+02,
4.442290649414062500e+02,
4.386111145019531250e+02,
4.371553344726562500e+02,
4.206847839355468750e+02,
4.072741699218750000e+02,
4.563566589355468750e+02,
4.050952148437500000e+02,
4.291538085937500000e+02,
4.334613952636718750e+02,
4.024936218261718750e+02,
4.023022460937500000e+02,
3.949687194824218750e+02,
4.459846496582031250e+02,
3.783758544921875000e+02,
3.789501953125000000e+02,
4.019254455566406250e+02,
3.552186584472656250e+02,
3.188731994628906250e+02,
3.341544189453125000e+02,
3.590689392089843750e+02,
3.644753723144531250e+02,
4.338353576660156250e+02,
3.821932983398437500e+02,
4.551051940917968750e+02,
4.267126770019531250e+02,
3.690335998535156250e+02,
4.071302490234375000e+02,
3.990498657226562500e+02,
4.240498352050781250e+02,
3.722318420410156250e+02,
4.204067382812500000e+02,
4.092004699707031250e+02,
4.707472839355468750e+02,
1.893235107421875000e+03,
5.063546386718750000e+03,
6.922618164062500000e+03,
7.729086425781250000e+03,
8.813032226562500000e+03,
8.669854492187500000e+03,
7.041441894531250000e+03,
5.449477050781250000e+03,
4.231519042968750000e+03,
3.766982910156250000e+03,
3.044271484375000000e+03,
2.640632568359375000e+03,
2.116370361328125000e+03,
1.709605346679687500e+03,
1.549328125000000000e+03,
1.386313232421875000e+03,
1.330456542968750000e+03,
1.139292846679687500e+03,
1.119270019531250000e+03,
1.157422363281250000e+03,
1.113155395507812500e+03,
9.403171997070312500e+02,
8.943847045898437500e+02,
7.315134277343750000e+02,
6.847546386718750000e+02,
6.487236328125000000e+02,
6.207334594726562500e+02,
5.988189697265625000e+02,
6.246488647460937500e+02,
6.579246826171875000e+02,
6.429334106445312500e+02,
6.976646118164062500e+02,
7.194744262695312500e+02,
7.376317138671875000e+02,
7.622559204101562500e+02,
8.127681274414062500e+02,
8.071560058593750000e+02,
8.282814941406250000e+02,
7.764707641601562500e+02,
8.509432373046875000e+02,
7.997877807617187500e+02,
7.707544555664062500e+02,
8.136688232421875000e+02,
8.245030517578125000e+02,
7.822709350585937500e+02,
7.006522216796875000e+02,
6.387746582031250000e+02,
6.844313354492187500e+02,
6.119081420898437500e+02,
5.403805541992187500e+02,
5.185153808593750000e+02,
5.375934448242187500e+02,
5.276522216796875000e+02,
5.513305053710937500e+02,
5.240302124023437500e+02,
5.400386962890625000e+02,
5.099966125488281250e+02,
4.990190429687500000e+02,
5.958723144531250000e+02,
