4.489078979492187500e+02,
4.662804260253906250e+02,
4.391342468261718750e+02,
4.967584228515625000e+02,
4.760338745117187500e+02,
5.790186767578125000e+02,
5.859465332031250000e+02,
6.552230224609375000e+02,
6.521489257812500000e+02,
6.834201049804687500e+02,
6.205958862304687500e+02,
6.463821411132812500e+02,
5.905316162109375000e+02,
5.370930786132812500e+02,
5.121056518554687500e+02,
6.205322875976562500e+02,
4.821372680664062500e+02,
5.040722656250000000e+02,
4.672839355468750000e+02,
4.916787109375000000e+02,
4.963837585449218750e+02,
4.769431457519531250e+02,
4.707364501953125000e+02,
4.351188659667968750e+02,
4.323999328613281250e+02,
4.508511657714843750e+02,
4.583207702636718750e+02,
4.375591125488281250e+02,
4.225168151855468750e+02,
4.458689270019531250e+02,
4.821427612304687500e+02,
4.351891479492187500e+02,
4.574758300781250000e+02,
4.069020385742187500e+02,
4.017264709472656250e+02,
4.222175903320312500e+02,
4.346730041503906250e+02,
4.332089538574218750e+02,
4.209990844726562500e+02,
4.248510437011718750e+02,
4.206308593750000000e+02,
4.861643676757812500e+02,
4.271639099121093750e+02,
4.115896606445312500e+02,
4.252693176269531250e+02,
4.832692871093750000e+02,
4.554274902343750000e+02,
4.756182861328125000e+02,
5.133170166015625000e+02,
4.558896789550781250e+02,
4.597878417968750000e+02,
4.691228637695312500e+02,
4.624984130859375000e+02,
4.507145996093750000e+02,
4.758618469238281250e+02,
4.260586547851562500e+02,
3.982835388183593750e+02,
4.184040222167968750e+02,
4.303222961425781250e+02,
4.973270568847656250e+02,
4.271484375000000000e+02,
4.382186584472656250e+02,
4.629563903808593750e+02,
4.889357299804687500e+02,
4.612790832519531250e+02,
4.526588439941406250e+02,
4.569069519042968750e+02,
4.701075439453125000e+02,
4.802009887695312500e+02,
4.730593261718750000e+02,
5.187315063476562500e+02,
5.090394287109375000e+02,
4.696191406250000000e+02,
4.641201782226562500e+02,
4.240680847167968750e+02,
4.158572998046875000e+02,
4.107837829589843750e+02,
3.973550415039062500e+02,
4.513684387207031250e+02,
4.769550781250000000e+02,
4.785985412597656250e+02,
4.060407409667968750e+02,
3.950715942382812500e+02,
4.250863037109375000e+02,
4.801188659667968750e+02,
4.534614868164062500e+02,
3.870329895019531250e+02,
4.031449890136718750e+02,
4.322052001953125000e+02,
4.175617980957031250e+02,
4.537167663574218750e+02,
3.806506652832031250e+02,
5.516836547851562500e+02,
4.312119750976562500e+02,
4.222633666992187500e+02,
3.999013061523437500e+02,
4.255081176757812500e+02,
4.150055541992187500e+02,
4.476119384765625000e+02,
4.187711181640625000e+02,
4.519689941406250000e+02,
4.476505126953125000e+02,
3.961789245605468750e+02,
4.377560729980468750e+02,
4.370061035156250000e+02,
4.016611328125000000e+02,
3.929398193359375000e+02,
3.948724365234375000e+02,
4.117421875000000000e+02,
4.268943481445312500e+02,
3.991479187011718750e+02,
4.085465393066406250e+02,
4.480091857910156250e+02,
4.506794128417968750e+02,
3.934715576171875000e+02,
4.693697814941406250e+02,
4.219414672851562500e+02,
4.470513000488281250e+02,
4.954093627929687500e+02,
4.338424072265625000e+02,
4.592039489746093750e+02,
4.125082702636718750e+02,
3.993335876464843750e+02,
4.492299499511718750e+02,
3.935115051269531250e+02,
4.394363098144531250e+02,
4.646089782714843750e+02,
4.081393127441406250e+02,
4.130214233398437500e+02,
4.002164306640625000e+02,
4.194013977050781250e+02,
4.195456848144531250e+02,
4.112179870605468750e+02,
4.012365417480468750e+02,
4.212248840332031250e+02,
4.177372131347656250e+02,
4.562083740234375000e+02,
4.263997802734375000e+02,
4.650723876953125000e+02,
4.731115417480468750e+02,
4.523059997558593750e+02,
4.420918579101562500e+02,
4.180999145507812500e+02,
4.174114990234375000e+02,
4.195940246582031250e+02,
3.730474243164062500e+02,
4.303190307617187500e+02,
3.947718200683593750e+02,
4.007199707031250000e+02,
4.409710693359375000e+02,
4.630733642578125000e+02,
3.951108398437500000e+02,
4.072764282226562500e+02,
4.453911743164062500e+02,
3.994938964843750000e+02,
4.388917541503906250e+02,
5.093982849121093750e+02,
4.104898986816406250e+02,
4.119608154296875000e+02,
3.922978515625000000e+02,
3.990453186035156250e+02,
4.880156555175781250e+02,
4.257871398925781250e+02,
5.286182861328125000e+02,
4.817494201660156250e+02,
5.118939208984375000e+02,
4.995763244628906250e+02,
5.222549438476562500e+02,
5.449337158203125000e+02,
5.120123901367187500e+02,
4.510108337402343750e+02,
4.625896911621093750e+02,
4.838435363769531250e+02,
4.805930480957031250e+02,
4.382000427246093750e+02,
4.871476135253906250e+02,
4.848522338867187500e+02,
4.640161437988281250e+02,
4.711994323730468750e+02,
5.148334960937500000e+02,
4.443041076660156250e+02,
4.704844360351562500e+02,
4.309042358398437500e+02,
5.010458068847656250e+02,
5.209049072265625000e+02,
5.561026611328125000e+02,
6.183043212890625000e+02,
6.460554199218750000e+02,
6.486456298828125000e+02,
7.128357543945312500e+02,
6.724974365234375000e+02,
6.739342651367187500e+02,
6.672563476562500000e+02,
6.738574218750000000e+02,
6.398513183593750000e+02,
6.386215820312500000e+02,
6.119328613281250000e+02,
5.982342529296875000e+02,
5.485563964843750000e+02,
5.144552612304687500e+02,
5.738028564453125000e+02,
5.521816406250000000e+02,
4.853361816406250000e+02,
4.632868957519531250e+02,
4.330664367675781250e+02,
4.521993103027343750e+02,
4.515608520507812500e+02,
4.804835510253906250e+02,
4.264408569335937500e+02,
4.253073425292968750e+02,
4.857482910156250000e+02,
4.730571594238281250e+02,
4.925317077636718750e+02,
4.366246032714843750e+02,
4.321547241210937500e+02,
4.374529724121093750e+02,
4.092323913574218750e+02,
4.328022766113281250e+02,
4.991166381835937500e+02,
5.507517089843750000e+02,
4.792541198730468750e+02,
5.269227294921875000e+02,
5.295524902343750000e+02,
5.825078735351562500e+02,
6.130812377929687500e+02,
5.993685913085937500e+02,
6.610680541992187500e+02,
6.105807495117187500e+02,
6.129403076171875000e+02,
5.682678222656250000e+02,
5.771505126953125000e+02,
5.730930786132812500e+02,
5.262973022460937500e+02,
5.356795043945312500e+02,
4.946802673339843750e+02,
4.937249450683593750e+02,
4.475060119628906250e+02,
4.784530639648437500e+02,
4.020409240722656250e+02,
4.201946411132812500e+02,
3.948523254394531250e+02,
3.827110900878906250e+02,
3.855692138671875000e+02,
4.090251770019531250e+02,
3.914012451171875000e+02,
3.956296691894531250e+02,
3.776597595214843750e+02,
3.636084289550781250e+02,
3.914479370117187500e+02,
4.034305725097656250e+02,
3.729528198242187500e+02,
3.636668701171875000e+02,
4.077537536621093750e+02,
3.522018737792968750e+02,
3.618306274414062500e+02,
3.832823791503906250e+02,
3.787895812988281250e+02,
3.886953430175781250e+02,
4.339156188964843750e+02,
3.555548400878906250e+02,
3.602510986328125000e+02,
3.711590881347656250e+02,
3.626875305175781250e+02,
4.085771484375000000e+02,
4.125053405761718750e+02,
4.328044738769531250e+02,
4.455843811035156250e+02,
4.070959167480468750e+02,
4.167143249511718750e+02,
3.930944519042968750e+02,
4.134394836425781250e+02,
4.446755371093750000e+02,
3.820896911621093750e+02,
4.104149169921875000e+02,
3.889286499023437500e+02,
3.896202697753906250e+02,
3.577848815917968750e+02,
3.827399597167968750e+02,
3.870787963867187500e+02,
4.261122436523437500e+02,
3.423338928222656250e+02,
3.926455078125000000e+02,
3.872514648437500000e+02,
3.821309204101562500e+02,
3.907975158691406250e+02,
3.572821960449218750e+02,
3.617190856933593750e+02,
3.803367309570312500e+02,
3.979609069824218750e+02,
3.871701049804687500e+02,
3.846925048828125000e+02,
3.722545471191406250e+02,
3.322098999023437500e+02,
3.463465270996093750e+02,
3.801077270507812500e+02,
3.520307617187500000e+02,
3.749105834960937500e+02,
3.904479370117187500e+02,
3.965912780761718750e+02,
3.489569091796875000e+02,
3.720491638183593750e+02,
3.664744262695312500e+02,
3.590782470703125000e+02,
3.994493103027343750e+02,
4.041404418945312500e+02,
3.530048217773437500e+02,
3.542760314941406250e+02,
3.508718566894531250e+02,
4.059980163574218750e+02,
3.473376770019531250e+02,
3.828370056152343750e+02,
3.415512084960937500e+02,
3.744128723144531250e+02,
3.384849853515625000e+02,
3.191390075683593750e+02,
3.978740539550781250e+02,
3.550946655273437500e+02,
3.532997436523437500e+02,
3.651240539550781250e+02,
3.755968933105468750e+02,
3.451463928222656250e+02,
3.624560546875000000e+02,
3.627706909179687500e+02,
4.186649475097656250e+02,
3.685435485839843750e+02,
3.726951293945312500e+02,
3.959587097167968750e+02,
3.569974060058593750e+02,
3.933699645996093750e+02,
3.274776611328125000e+02,
4.250907287597656250e+02,
3.496757507324218750e+02,
3.325378112792968750e+02,
3.304433288574218750e+02,
3.594862060546875000e+02,
3.792001037597656250e+02,
3.703692626953125000e+02,
3.602865905761718750e+02,
3.166817626953125000e+02,
3.283286743164062500e+02,
3.450726928710937500e+02,
3.897068786621093750e+02,
3.451478576660156250e+02,
3.522978820800781250e+02,
3.421373901367187500e+02,
3.932658386230468750e+02,
3.639328613281250000e+02,
3.603234558105468750e+02,
3.413989562988281250e+02,
3.670631103515625000e+02,
3.709021606445312500e+02,
3.423220825195312500e+02,
3.452481079101562500e+02,
3.753294677734375000e+02,
3.705578002929687500e+02,
3.432181701660156250e+02,
3.395456542968750000e+02,
3.628957519531250000e+02,
3.713198547363281250e+02,
4.123076477050781250e+02,
3.867269897460937500e+02,
3.880513305664062500e+02,
3.745447692871093750e+02,
3.794095458984375000e+02,
3.887251586914062500e+02,
4.004339904785156250e+02,
4.093911743164062500e+02,
3.564917602539062500e+02,
3.948171081542968750e+02,
3.547291564941406250e+02,
3.631993713378906250e+02,
3.912000122070312500e+02,
4.356552124023437500e+02,
3.364200439453125000e+02,
3.626081848144531250e+02,
3.492926025390625000e+02,
3.768220825195312500e+02,
3.727930908203125000e+02,
3.435707092285156250e+02,
4.047865905761718750e+02,
3.578566589355468750e+02,
3.487010192871093750e+02,
3.334889526367187500e+02,
3.904510803222656250e+02,
3.430261230468750000e+02,
3.460303344726562500e+02,
3.644848327636718750e+02,
3.830227661132812500e+02,
4.166705627441406250e+02,
3.697799987792968750e+02,
3.662286071777343750e+02,
3.445776367187500000e+02,
3.750263977050781250e+02,
3.666367187500000000e+02,
3.452414245605468750e+02,
3.639350280761718750e+02,
3.259964599609375000e+02,
3.334126892089843750e+02,
3.610601501464843750e+02,
3.718418273925781250e+02,
4.018652343750000000e+02,
3.354634094238281250e+02,
3.612354736328125000e+02,
5.414896850585937500e+02,
5.826781616210937500e+02,
6.787967529296875000e+02,
6.921496582031250000e+02,
6.698540649414062500e+02,
5.955484008789062500e+02,
6.272202758789062500e+02,
5.858038940429687500e+02,
5.255457763671875000e+02,
5.108290405273437500e+02,
5.068465576171875000e+02,
4.848987426757812500e+02,
5.138863525390625000e+02,
4.936747131347656250e+02,
5.318192749023437500e+02,
4.782528991699218750e+02,
4.756893310546875000e+02,
4.715449829101562500e+02,
4.567113952636718750e+02,
4.913694458007812500e+02,
4.712183227539062500e+02,
5.418410644531250000e+02,
5.020257873535156250e+02,
5.505997314453125000e+02,
5.499365234375000000e+02,
5.162573242187500000e+02,
5.036074829101562500e+02,
4.522144165039062500e+02,
5.211068725585937500e+02,
4.710334167480468750e+02,
5.262569580078125000e+02,
5.326389770507812500e+02,
4.994446716308593750e+02,
5.070376892089843750e+02,
4.825785827636718750e+02,
4.713116760253906250e+02,
4.895021972656250000e+02,
5.003778991699218750e+02,
4.619770507812500000e+02,
4.473181457519531250e+02,
5.110059204101562500e+02,
4.584119567871093750e+02,
4.447307739257812500e+02,
4.426419372558593750e+02,
4.315157470703125000e+02,
4.223385620117187500e+02,
5.148673706054687500e+02,
5.027286376953125000e+02,
4.594819946289062500e+02,
4.858112182617187500e+02,
4.327369689941406250e+02,
4.471788330078125000e+02,
4.725292663574218750e+02,
4.309424133300781250e+02,
4.439333801269531250e+02,
4.848439941406250000e+02,
4.824533996582031250e+02,
4.688730468750000000e+02,
4.704876708984375000e+02,
4.951276550292968750e+02,
4.937297973632812500e+02,
4.867834777832031250e+02,
4.651816711425781250e+02,
4.505956115722656250e+02,
4.461745910644531250e+02,
4.147561645507812500e+02,
4.110611267089843750e+02,
4.870967407226562500e+02,
4.686045837402343750e+02,
4.709444274902343750e+02,
4.488534240722656250e+02,
4.806801147460937500e+02,
4.640088195800781250e+02,
5.179257812500000000e+02,
4.530050964355468750e+02,
4.688407897949218750e+02,
4.331784973144531250e+02,
4.319406127929687500e+02,
4.493371276855468750e+02,
4.431464843750000000e+02,
5.768684082031250000e+02,
5.235120239257812500e+02,
5.540140380859375000e+02,
5.223796386718750000e+02,
5.591784667968750000e+02,
5.311447143554687500e+02,
5.201480102539062500e+02,
5.012889099121093750e+02,
4.987569580078125000e+02,
4.881824645996093750e+02,
5.349915161132812500e+02,
5.945685424804687500e+02,
6.121775512695312500e+02,
6.706950683593750000e+02,
6.997828979492187500e+02,
6.853890991210937500e+02,
6.725778198242187500e+02,
6.505664062500000000e+02,
5.962819213867187500e+02,
5.314052734375000000e+02,
5.531224975585937500e+02,
5.057822875976562500e+02,
5.149331665039062500e+02,
4.834178161621093750e+02,
4.980826110839843750e+02,
4.661598815917968750e+02,
4.287339782714843750e+02,
4.678898010253906250e+02,
4.981462402343750000e+02,
5.851879272460937500e+02,
6.304987182617187500e+02,
6.176195678710937500e+02,
6.473823242187500000e+02,
6.275770263671875000e+02,
6.391422119140625000e+02,
5.782139282226562500e+02,
5.474016113281250000e+02,
5.078800659179687500e+02,
4.320190124511718750e+02,
4.178492126464843750e+02,
4.237915039062500000e+02,
4.728844604492187500e+02,
4.252088317871093750e+02,
4.164667053222656250e+02,
4.266982116699218750e+02,
4.143896179199218750e+02,
3.861462402343750000e+02,
4.382268371582031250e+02,
3.972013549804687500e+02,
3.975986938476562500e+02,
4.488525085449218750e+02,
4.144482116699218750e+02,
4.237550354003906250e+02,
4.360308227539062500e+02,
4.318142700195312500e+02,
4.151455078125000000e+02,
3.998951110839843750e+02,
4.456530456542968750e+02,
3.653632202148437500e+02,
3.585950012207031250e+02,
4.102341918945312500e+02,
4.234066162109375000e+02,
4.128622131347656250e+02,
4.062380371093750000e+02,
3.668888854980468750e+02,
3.824035034179687500e+02,
3.528515319824218750e+02,
3.882934265136718750e+02,
4.076948242187500000e+02,
3.825219421386718750e+02,
3.746934204101562500e+02,
3.847183227539062500e+02,
4.186289672851562500e+02,
3.732568664550781250e+02,
4.085437927246093750e+02,
3.975641784667968750e+02,
4.158633117675781250e+02,
4.143831787109375000e+02,
3.709061279296875000e+02,
3.524241943359375000e+02,
3.643085021972656250e+02,
3.538487548828125000e+02,
3.507499694824218750e+02,
3.826671752929687500e+02,
3.604433898925781250e+02,
3.900905456542968750e+02,
3.355561523437500000e+02,
3.500956115722656250e+02,
3.530691833496093750e+02,
3.497233276367187500e+02,
3.256645812988281250e+02,
3.892966308593750000e+02,
3.688670349121093750e+02,
3.474186401367187500e+02,
3.425692138671875000e+02,
3.565841674804687500e+02,
3.996309509277343750e+02,
3.938875122070312500e+02,
3.795052795410156250e+02,
3.849786682128906250e+02,
3.936129455566406250e+02,
3.802775268554687500e+02,
3.772163696289062500e+02,
3.934915161132812500e+02,
3.995247802734375000e+02,
3.877514648437500000e+02,
3.756352844238281250e+02,
3.990700988769531250e+02,
4.076602783203125000e+02,
4.037286376953125000e+02,
3.563939819335937500e+02,
3.643301696777343750e+02,
3.695876464843750000e+02,
3.666649169921875000e+02,
4.190280761718750000e+02,
3.434917602539062500e+02,
3.604103698730468750e+02,
3.549917297363281250e+02,
3.379770507812500000e+02,
3.406840820312500000e+02,
7.007272949218750000e+02,
6.312229003906250000e+02,
6.360021362304687500e+02,
6.524379272460937500e+02,
6.559641723632812500e+02,
5.972349243164062500e+02,
5.433455200195312500e+02,
5.457829589843750000e+02,
5.709835815429687500e+02,
5.256028442382812500e+02,
5.516023559570312500e+02,
5.720603027343750000e+02,
6.542977905273437500e+02,
5.628873901367187500e+02,
5.804827270507812500e+02,
5.725921020507812500e+02,
5.939784545898437500e+02,
5.641254272460937500e+02,
5.426749877929687500e+02,
5.292994384765625000e+02,
5.938247070312500000e+02,
5.551005249023437500e+02,
5.473768310546875000e+02,
5.470545043945312500e+02,
5.268716430664062500e+02,
6.017141723632812500e+02,
5.272780761718750000e+02,
4.838501281738281250e+02,
4.935063476562500000e+02,
4.568965454101562500e+02,
4.714781188964843750e+02,
4.771626586914062500e+02,
5.112738037109375000e+02,
4.943357849121093750e+02,
5.257944335937500000e+02,
5.215192260742187500e+02,
5.189447021484375000e+02,
4.957639465332031250e+02,
4.838641052246093750e+02,
4.810008850097656250e+02,
4.556138305664062500e+02,
4.908517456054687500e+02,
5.169083862304687500e+02,
4.571494445800781250e+02,
4.808231506347656250e+02,
4.996917114257812500e+02,
5.127661132812500000e+02,
4.889704589843750000e+02,
4.868846740722656250e+02,
5.007826843261718750e+02,
4.864879760742187500e+02,
4.760845947265625000e+02,
5.169248657226562500e+02,
5.328267822265625000e+02,
5.758250732421875000e+02,
5.558670043945312500e+02,
5.674449462890625000e+02,
5.439630126953125000e+02,
5.752924804687500000e+02,
5.663009643554687500e+02,
6.638291015625000000e+02,
6.525487670898437500e+02,
6.962633056640625000e+02,
7.141768188476562500e+02,
6.962177124023437500e+02,
6.589188232421875000e+02,
6.114779052734375000e+02,
5.558822631835937500e+02,
4.810929260253906250e+02,
4.775098266601562500e+02,
5.201078491210937500e+02,
5.600867309570312500e+02,
6.169682617187500000e+02,
6.754829711914062500e+02,
6.504290161132812500e+02,
7.358183593750000000e+02,
6.250899047851562500e+02,
5.328973999023437500e+02,
4.896480102539062500e+02,
4.411977844238281250e+02,
4.672515869140625000e+02,
4.361000366210937500e+02,
4.390130920410156250e+02,
4.440667419433593750e+02,
4.274325866699218750e+02,
4.551297302246093750e+02,
4.429257507324218750e+02,
4.645289306640625000e+02,
4.507747802734375000e+02,
4.441684265136718750e+02,
4.320927124023437500e+02,
3.720585327148437500e+02,
4.284410705566406250e+02,
4.024145507812500000e+02,
4.010853271484375000e+02,
3.797648010253906250e+02,
4.179528503417968750e+02,
4.091640625000000000e+02,
4.374621276855468750e+02,
4.043204956054687500e+02,
3.856762695312500000e+02,
3.724204406738281250e+02,
3.958864440917968750e+02,
4.199335327148437500e+02,
3.832820739746093750e+02,
4.328590698242187500e+02,
4.385360107421875000e+02,
3.768056030273437500e+02,
4.089671630859375000e+02,
4.096780395507812500e+02,
3.836479187011718750e+02,
3.634327697753906250e+02,
3.848261413574218750e+02,
3.473160400390625000e+02,
3.776637268066406250e+02,
4.052839355468750000e+02,
3.383957824707031250e+02,
4.114309692382812500e+02,
3.921120910644531250e+02,
3.991633300781250000e+02,
3.902413024902343750e+02,
4.048686523437500000e+02,
3.982319946289062500e+02,
3.890155029296875000e+02,
3.934331665039062500e+02,
4.384728088378906250e+02,
4.515362854003906250e+02,
3.956588134765625000e+02,
3.632392883300781250e+02,
3.261714782714843750e+02,
3.705291748046875000e+02,
3.483989257812500000e+02,
