6.386737670898437500e+02,
6.140021362304687500e+02,
6.137228393554687500e+02,
5.820196533203125000e+02,
5.902201538085937500e+02,
6.257199707031250000e+02,
6.569254760742187500e+02,
6.623883666992187500e+02,
6.574729003906250000e+02,
6.597304077148437500e+02,
6.466002807617187500e+02,
6.149609985351562500e+02,
5.614309692382812500e+02,
5.075708007812500000e+02,
5.145723266601562500e+02,
5.607398681640625000e+02,
5.477175292968750000e+02,
5.618811645507812500e+02,
5.642282714843750000e+02,
5.846989746093750000e+02,
5.494075927734375000e+02,
5.411343994140625000e+02,
5.167505493164062500e+02,
4.915482788085937500e+02,
5.089259033203125000e+02,
4.861784362792968750e+02,
4.823369750976562500e+02,
4.790739440917968750e+02,
4.943109130859375000e+02,
4.908338928222656250e+02,
4.994273681640625000e+02,
4.970764160156250000e+02,
4.932703857421875000e+02,
4.835044555664062500e+02,
5.208958129882812500e+02,
4.949664001464843750e+02,
5.222609863281250000e+02,
5.182942504882812500e+02,
5.100611572265625000e+02,
5.074899291992187500e+02,
4.836924743652343750e+02,
4.723313598632812500e+02,
4.821576538085937500e+02,
4.589195556640625000e+02,
4.628126220703125000e+02,
4.891806335449218750e+02,
5.040235595703125000e+02,
5.387173461914062500e+02,
5.474240722656250000e+02,
5.689520263671875000e+02,
5.524062500000000000e+02,
5.674071044921875000e+02,
4.981883544921875000e+02,
4.726769104003906250e+02,
4.282878723144531250e+02,
4.071233520507812500e+02,
4.058554382324218750e+02,
4.054928894042968750e+02,
4.030257568359375000e+02,
4.277745361328125000e+02,
4.617502136230468750e+02,
4.773051147460937500e+02,
4.960129089355468750e+02,
5.216333007812500000e+02,
5.247796020507812500e+02,
4.625692749023437500e+02,
4.598908386230468750e+02,
4.103643493652343750e+02,
4.021282043457031250e+02,
3.786632385253906250e+02,
3.787629394531250000e+02,
4.003326721191406250e+02,
4.272320251464843750e+02,
4.803532104492187500e+02,
4.591855773925781250e+02,
4.847505493164062500e+02,
4.502355651855468750e+02,
4.624677734375000000e+02,
4.772631530761718750e+02,
4.734653625488281250e+02,
4.751276245117187500e+02,
4.900207214355468750e+02,
5.167173461914062500e+02,
5.468851318359375000e+02,
5.678687133789062500e+02,
5.980620117187500000e+02,
6.071826782226562500e+02,
6.230034179687500000e+02,
5.917824096679687500e+02,
5.786908569335937500e+02,
5.831716308593750000e+02,
5.803807983398437500e+02,
6.089274291992187500e+02,
5.945391845703125000e+02,
5.635648193359375000e+02,
5.647376098632812500e+02,
5.500314331054687500e+02,
5.360915527343750000e+02,
5.376051635742187500e+02,
5.224290771484375000e+02,
5.451763305664062500e+02,
5.427130126953125000e+02,
5.216807250976562500e+02,
5.138606567382812500e+02,
4.697583618164062500e+02,
4.644193725585937500e+02,
4.462265625000000000e+02,
4.196686401367187500e+02,
4.188068542480468750e+02,
3.987807617187500000e+02,
3.978397827148437500e+02,
3.968740234375000000e+02,
4.229142761230468750e+02,
4.305816345214843750e+02,
4.425917053222656250e+02,
4.325355834960937500e+02,
4.572330932617187500e+02,
4.835585327148437500e+02,
5.056210021972656250e+02,
4.908092651367187500e+02,
4.877393188476562500e+02,
4.576289672851562500e+02,
4.568268127441406250e+02,
4.880139160156250000e+02,
5.099872741699218750e+02,
5.106205749511718750e+02,
4.832786865234375000e+02,
5.219998779296875000e+02,
4.500791320800781250e+02,
4.446003112792968750e+02,
4.382418518066406250e+02,
4.469093933105468750e+02,
4.350010375976562500e+02,
4.487363891601562500e+02,
4.309901123046875000e+02,
4.761871337890625000e+02,
4.116591796875000000e+02,
4.336820068359375000e+02,
4.405491638183593750e+02,
4.156925048828125000e+02,
3.757684936523437500e+02,
3.782208251953125000e+02,
3.370823059082031250e+02,
3.368265075683593750e+02,
3.209950561523437500e+02,
2.986601257324218750e+02,
2.887820129394531250e+02,
3.225950927734375000e+02,
3.388334960937500000e+02,
3.314816589355468750e+02,
3.457463684082031250e+02,
3.354980468750000000e+02,
3.947748718261718750e+02,
3.778775634765625000e+02,
3.836808471679687500e+02,
4.195447387695312500e+02,
4.543376464843750000e+02,
4.350269775390625000e+02,
4.893479003906250000e+02,
4.862743225097656250e+02,
5.191107177734375000e+02,
5.494000854492187500e+02,
5.600105590820312500e+02,
5.674973754882812500e+02,
6.019908447265625000e+02,
6.143093261718750000e+02,
5.795042114257812500e+02,
5.616198730468750000e+02,
5.747187500000000000e+02,
6.644047851562500000e+02,
6.654151000976562500e+02,
6.454470825195312500e+02,
6.209782104492187500e+02,
5.927984008789062500e+02,
5.287815551757812500e+02,
5.167415161132812500e+02,
5.141063232421875000e+02,
5.013560180664062500e+02,
5.090398864746093750e+02,
4.763228149414062500e+02,
5.009846496582031250e+02,
5.243881225585937500e+02,
5.773897705078125000e+02,
5.918507080078125000e+02,
6.410052490234375000e+02,
6.264142456054687500e+02,
6.253721923828125000e+02,
6.071104125976562500e+02,
5.601174316406250000e+02,
5.411311035156250000e+02,
5.317317504882812500e+02,
5.162439575195312500e+02,
5.566909790039062500e+02,
5.504098510742187500e+02,
5.604062500000000000e+02,
5.383650512695312500e+02,
5.311103515625000000e+02,
5.231481323242187500e+02,
5.247872314453125000e+02,
5.937152099609375000e+02,
5.946392211914062500e+02,
6.229381103515625000e+02,
6.067702636718750000e+02,
5.993494262695312500e+02,
6.377683105468750000e+02,
6.107980957031250000e+02,
6.052644653320312500e+02,
5.798704223632812500e+02,
5.838499755859375000e+02,
6.175126953125000000e+02,
6.700938110351562500e+02,
6.454470214843750000e+02,
6.784613037109375000e+02,
6.868059692382812500e+02,
6.635725097656250000e+02,
6.654730834960937500e+02,
6.372495727539062500e+02,
6.318770751953125000e+02,
6.229515380859375000e+02,
6.040412597656250000e+02,
6.139678344726562500e+02,
6.023280639648437500e+02,
6.104474487304687500e+02,
5.770698242187500000e+02,
5.962321166992187500e+02,
6.081193237304687500e+02,
5.972730102539062500e+02,
6.032031250000000000e+02,
5.500175781250000000e+02,
5.333312988281250000e+02,
5.741724853515625000e+02,
5.716495971679687500e+02,
5.797525024414062500e+02,
5.902261962890625000e+02,
5.546873168945312500e+02,
5.531766967773437500e+02,
5.070485534667968750e+02,
5.342545166015625000e+02,
5.559127807617187500e+02,
5.767492065429687500e+02,
5.743704833984375000e+02,
5.590505371093750000e+02,
5.355280151367187500e+02,
5.369165039062500000e+02,
5.499435424804687500e+02,
5.711494140625000000e+02,
5.807011108398437500e+02,
6.166890258789062500e+02,
5.896493530273437500e+02,
5.427650146484375000e+02,
5.364068603515625000e+02,
5.168779907226562500e+02,
5.232568969726562500e+02,
5.278330078125000000e+02,
5.759649047851562500e+02,
5.952163696289062500e+02,
6.001873779296875000e+02,
5.896447143554687500e+02,
5.581978759765625000e+02,
5.479849243164062500e+02,
5.683698730468750000e+02,
5.438222656250000000e+02,
5.678156127929687500e+02,
5.683828735351562500e+02,
5.966191406250000000e+02,
5.751988525390625000e+02,
5.491587524414062500e+02,
5.258071899414062500e+02,
5.656134643554687500e+02,
5.890350341796875000e+02,
5.823395996093750000e+02,
5.861249389648437500e+02,
5.791260986328125000e+02,
6.077439575195312500e+02,
5.720819091796875000e+02,
5.528347778320312500e+02,
5.686739501953125000e+02,
5.971735839843750000e+02,
6.170127563476562500e+02,
6.638124389648437500e+02,
6.440089721679687500e+02,
6.614270629882812500e+02,
6.351448974609375000e+02,
6.586738281250000000e+02,
6.589960937500000000e+02,
6.981184692382812500e+02,
6.762830810546875000e+02,
6.648880615234375000e+02,
6.636676635742187500e+02,
6.811129150390625000e+02,
6.943892211914062500e+02,
7.186849975585937500e+02,
7.123134155273437500e+02,
7.221661987304687500e+02,
7.546969604492187500e+02,
7.386796875000000000e+02,
7.413604736328125000e+02,
7.183322753906250000e+02,
7.219286499023437500e+02,
6.967500610351562500e+02,
6.722294311523437500e+02,
6.316665039062500000e+02,
5.884592895507812500e+02,
5.781353759765625000e+02,
5.634287719726562500e+02,
5.478577880859375000e+02,
5.766868896484375000e+02,
5.848672485351562500e+02,
5.828255004882812500e+02,
6.100725708007812500e+02,
5.956257934570312500e+02,
6.048741455078125000e+02,
6.157009887695312500e+02,
6.277908935546875000e+02,
6.362094116210937500e+02,
6.394004516601562500e+02,
6.344266357421875000e+02,
6.297149047851562500e+02,
6.570118408203125000e+02,
6.549879150390625000e+02,
6.624089355468750000e+02,
6.236740112304687500e+02,
6.301623535156250000e+02,
6.151353149414062500e+02,
6.300424804687500000e+02,
5.991541137695312500e+02,
5.875926513671875000e+02,
5.654906005859375000e+02,
5.603421630859375000e+02,
5.907515869140625000e+02,
6.323217163085937500e+02,
6.376426391601562500e+02,
6.711165161132812500e+02,
6.321355590820312500e+02,
6.374896850585937500e+02,
6.354888305664062500e+02,
6.377133178710937500e+02,
6.197962646484375000e+02,
6.468983764648437500e+02,
6.175361328125000000e+02,
6.243001098632812500e+02,
5.936710205078125000e+02,
5.830250854492187500e+02,
5.816647338867187500e+02,
5.615684814453125000e+02,
5.663735351562500000e+02,
5.719500122070312500e+02,
5.665124511718750000e+02,
5.618375244140625000e+02,
5.670644531250000000e+02,
5.627761840820312500e+02,
5.594031372070312500e+02,
5.720732421875000000e+02,
5.754935913085937500e+02,
5.618648681640625000e+02,
5.648081665039062500e+02,
5.260476684570312500e+02,
5.259896850585937500e+02,
5.231633911132812500e+02,
5.379439086914062500e+02,
5.048703002929687500e+02,
5.291199951171875000e+02,
5.227666015625000000e+02,
5.243034667968750000e+02,
5.100414733886718750e+02,
5.287052001953125000e+02,
5.328203125000000000e+02,
5.391466064453125000e+02,
5.653884277343750000e+02,
5.843715209960937500e+02,
5.737112426757812500e+02,
5.646301879882812500e+02,
5.359625244140625000e+02,
5.110468444824218750e+02,
5.458051757812500000e+02,
5.067217102050781250e+02,
4.975814208984375000e+02,
5.435111694335937500e+02,
5.250369262695312500e+02,
5.645855102539062500e+02,
5.547856445312500000e+02,
5.261026000976562500e+02,
5.684072875976562500e+02,
5.752086791992187500e+02,
5.897974853515625000e+02,
5.774673461914062500e+02,
5.640997314453125000e+02,
5.689421386718750000e+02,
5.308634643554687500e+02,
4.998999938964843750e+02,
4.931354675292968750e+02,
4.782341308593750000e+02,
4.682032775878906250e+02,
4.779931335449218750e+02,
4.553216857910156250e+02,
4.481461181640625000e+02,
4.710597229003906250e+02,
4.742203979492187500e+02,
5.011979064941406250e+02,
5.722993164062500000e+02,
5.854179077148437500e+02,
5.553183593750000000e+02,
5.649011840820312500e+02,
5.252565917968750000e+02,
5.195463256835937500e+02,
5.098314208984375000e+02,
4.850571289062500000e+02,
5.368588867187500000e+02,
4.782772216796875000e+02,
4.712816772460937500e+02,
4.769927673339843750e+02,
4.866546936035156250e+02,
4.566322631835937500e+02,
4.756036682128906250e+02,
4.270014648437500000e+02,
4.812784423828125000e+02,
4.641155090332031250e+02,
4.559234619140625000e+02,
4.436496582031250000e+02,
4.566766662597656250e+02,
4.116886596679687500e+02,
4.079634399414062500e+02,
4.112040405273437500e+02,
4.477353515625000000e+02,
4.523985595703125000e+02,
4.362828979492187500e+02,
4.356409301757812500e+02,
3.983319396972656250e+02,
3.903941040039062500e+02,
4.109727478027343750e+02,
3.755328674316406250e+02,
3.769870605468750000e+02,
3.438829956054687500e+02,
3.649263610839843750e+02,
3.747889404296875000e+02,
3.794946899414062500e+02,
4.011632690429687500e+02,
4.191195068359375000e+02,
4.180690612792968750e+02,
3.959915161132812500e+02,
4.408522338867187500e+02,
4.030830383300781250e+02,
3.943680725097656250e+02,
4.228433837890625000e+02,
4.012893676757812500e+02,
3.942856445312500000e+02,
3.792144775390625000e+02,
3.989699096679687500e+02,
3.646829223632812500e+02,
3.995021057128906250e+02,
4.038923645019531250e+02,
3.675959167480468750e+02,
3.576421813964843750e+02,
3.307507934570312500e+02,
3.554444580078125000e+02,
3.674708557128906250e+02,
3.715728759765625000e+02,
4.040357360839843750e+02,
3.842982177734375000e+02,
3.761043090820312500e+02,
3.499783935546875000e+02,
3.422724914550781250e+02,
3.451182556152343750e+02,
3.222573547363281250e+02,
3.166384277343750000e+02,
3.194683227539062500e+02,
2.846737976074218750e+02,
2.674497070312500000e+02,
2.087706604003906250e+02,
2.439930572509765625e+02,
2.130698089599609375e+02,
2.185488281250000000e+02,
2.170076751708984375e+02,
2.880197143554687500e+02,
2.816112670898437500e+02,
2.751304931640625000e+02,
3.114974670410156250e+02,
3.016356506347656250e+02,
3.090500183105468750e+02,
2.764117126464843750e+02,
2.851543884277343750e+02,
2.756414184570312500e+02,
2.848009643554687500e+02,
2.785018005371093750e+02,
2.736696472167968750e+02,
2.948211059570312500e+02,
2.811219177246093750e+02,
2.694060974121093750e+02,
2.657582702636718750e+02,
2.597003173828125000e+02,
2.847941284179687500e+02,
2.704958190917968750e+02,
2.748312072753906250e+02,
2.514849243164062500e+02,
2.850284118652343750e+02,
2.975341186523437500e+02,
2.735537109375000000e+02,
2.703904724121093750e+02,
2.825353088378906250e+02,
2.913776550292968750e+02,
3.072704467773437500e+02,
2.843882446289062500e+02,
2.599996032714843750e+02,
2.929837646484375000e+02,
3.096965942382812500e+02,
3.200215454101562500e+02,
3.346584167480468750e+02,
3.532063293457031250e+02,
3.586441345214843750e+02,
3.575674133300781250e+02,
3.350859069824218750e+02,
3.098614807128906250e+02,
3.060712890625000000e+02,
3.195987548828125000e+02,
2.931661376953125000e+02,
2.870883483886718750e+02,
2.935310668945312500e+02,
3.266230163574218750e+02,
3.575631713867187500e+02,
3.561835632324218750e+02,
3.533386840820312500e+02,
3.573146057128906250e+02,
3.604635925292968750e+02,
3.728979187011718750e+02,
3.461764831542968750e+02,
3.615111389160156250e+02,
3.823392944335937500e+02,
3.708270568847656250e+02,
3.930758056640625000e+02,
4.025437622070312500e+02,
4.500776672363281250e+02,
4.541367187500000000e+02,
4.250102844238281250e+02,
4.504861145019531250e+02,
5.286555786132812500e+02,
4.859280395507812500e+02,
4.861433410644531250e+02,
4.376013488769531250e+02,
4.273038940429687500e+02,
4.281832275390625000e+02,
4.178564453125000000e+02,
3.794838867187500000e+02,
4.036422424316406250e+02,
3.803842773437500000e+02,
3.911852722167968750e+02,
3.893669738769531250e+02,
3.601947326660156250e+02,
4.017529296875000000e+02,
3.744450988769531250e+02,
4.325363464355468750e+02,
3.553400573730468750e+02,
3.273044738769531250e+02,
3.126160583496093750e+02,
3.257157897949218750e+02,
3.498968200683593750e+02,
4.141428833007812500e+02,
4.434574890136718750e+02,
4.825988464355468750e+02,
4.875543212890625000e+02,
4.700021057128906250e+02,
4.548511352539062500e+02,
4.570421142578125000e+02,
4.443971862792968750e+02,
4.428232116699218750e+02,
4.429021606445312500e+02,
4.300075683593750000e+02,
4.582326354980468750e+02,
4.359920959472656250e+02,
4.484067993164062500e+02,
4.577897949218750000e+02,
4.153197631835937500e+02,
3.859190979003906250e+02,
4.649992065429687500e+02,
4.338538513183593750e+02,
4.483656311035156250e+02,
4.061515197753906250e+02,
3.523414611816406250e+02,
3.290760803222656250e+02,
3.283795166015625000e+02,
3.189463500976562500e+02,
3.656072082519531250e+02,
3.938344726562500000e+02,
4.646593017578125000e+02,
4.598406066894531250e+02,
4.690432434082031250e+02,
4.533857116699218750e+02,
4.488826599121093750e+02,
4.811393432617187500e+02,
5.232915039062500000e+02,
4.860268249511718750e+02,
4.685347595214843750e+02,
4.487054748535156250e+02,
4.149501037597656250e+02,
4.104615478515625000e+02,
3.827712707519531250e+02,
3.902835693359375000e+02,
4.035101013183593750e+02,
3.913380737304687500e+02,
3.716677856445312500e+02,
3.651439208984375000e+02,
3.390511169433593750e+02,
3.332461547851562500e+02,
2.969776000976562500e+02,
3.002722473144531250e+02,
2.932431945800781250e+02,
2.895950622558593750e+02,
3.294115905761718750e+02,
6.195787353515625000e+02,
7.069651489257812500e+02,
7.412698974609375000e+02,
7.400920410156250000e+02,
6.773882446289062500e+02,
6.505271606445312500e+02,
6.343127441406250000e+02,
6.279807128906250000e+02,
6.268817138671875000e+02,
6.797064208984375000e+02,
6.013325805664062500e+02,
5.674060668945312500e+02,
5.264893188476562500e+02,
5.382750854492187500e+02,
5.233618774414062500e+02,
5.364436035156250000e+02,
5.668773193359375000e+02,
5.775537109375000000e+02,
5.531543579101562500e+02,
5.420125732421875000e+02,
5.476356201171875000e+02,
5.505014038085937500e+02,
5.787803955078125000e+02,
6.011345214843750000e+02,
5.879478759765625000e+02,
5.339649658203125000e+02,
4.707856140136718750e+02,
4.687861938476562500e+02,
4.514833679199218750e+02,
5.014282226562500000e+02,
5.150444946289062500e+02,
5.220184936523437500e+02,
4.951097717285156250e+02,
4.583208923339843750e+02,
4.581495971679687500e+02,
5.134694213867187500e+02,
5.222340698242187500e+02,
5.390457763671875000e+02,
5.471566772460937500e+02,
5.749210815429687500e+02,
5.919270629882812500e+02,
6.002626342773437500e+02,
6.264285278320312500e+02,
6.772209472656250000e+02,
6.384850463867187500e+02,
6.214222412109375000e+02,
6.210812377929687500e+02,
6.118433837890625000e+02,
5.748862915039062500e+02,
5.758458862304687500e+02,
5.498196411132812500e+02,
5.255917968750000000e+02,
4.962490234375000000e+02,
4.861065979003906250e+02,
4.997509155273437500e+02,
4.983181152343750000e+02,
4.898841247558593750e+02,
5.096211853027343750e+02,
5.462252807617187500e+02,
5.365179443359375000e+02,
5.466365356445312500e+02,
5.294317626953125000e+02,
5.272747802734375000e+02,
5.448810424804687500e+02,
5.239387207031250000e+02,
5.300697021484375000e+02,
5.352841796875000000e+02,
5.092564697265625000e+02,
4.622515563964843750e+02,
4.298477783203125000e+02,
3.989956054687500000e+02,
3.660936889648437500e+02,
3.813682250976562500e+02,
3.328387756347656250e+02,
3.848220520019531250e+02,
4.048852539062500000e+02,
4.283688354492187500e+02,
4.846220397949218750e+02,
5.685090942382812500e+02,
6.276244506835937500e+02,
6.730132446289062500e+02,
6.995857543945312500e+02,
6.833110351562500000e+02,
7.181160888671875000e+02,
7.302038574218750000e+02,
6.864260253906250000e+02,
6.035368652343750000e+02,
5.514569702148437500e+02,
5.299049682617187500e+02,
5.937501220703125000e+02,
6.582281494140625000e+02,
7.606894531250000000e+02,
6.992352294921875000e+02,
6.555043334960937500e+02,
6.222471313476562500e+02,
5.914960937500000000e+02,
6.036475219726562500e+02,
6.397227783203125000e+02,
6.459465942382812500e+02,
6.672196044921875000e+02,
7.227546386718750000e+02,
7.192299194335937500e+02,
7.227037353515625000e+02,
7.019913940429687500e+02,
7.031298217773437500e+02,
7.291751708984375000e+02,
7.493985595703125000e+02,
7.238297729492187500e+02,
6.891616210937500000e+02,
6.915106811523437500e+02,
6.907918090820312500e+02,
6.759537353515625000e+02,
6.715791625976562500e+02,
6.709542236328125000e+02,
7.085480957031250000e+02,
6.817113647460937500e+02,
6.486468505859375000e+02,
6.194898071289062500e+02,
6.330222167968750000e+02,
6.543640136718750000e+02,
6.713120117187500000e+02,
6.389865722656250000e+02,
6.704790649414062500e+02,
6.540554809570312500e+02,
6.443000488281250000e+02,
6.402548217773437500e+02,
6.667994995117187500e+02,
6.773443603515625000e+02,
6.547911987304687500e+02,
6.181885375976562500e+02,
6.390762939453125000e+02,
6.510267333984375000e+02,
6.528190307617187500e+02,
6.378251953125000000e+02,
6.504592285156250000e+02,
6.427994384765625000e+02,
6.604684448242187500e+02,
6.892829589843750000e+02,
7.203316650390625000e+02,
7.818486938476562500e+02,
7.465839233398437500e+02,
7.752069702148437500e+02,
7.908674316406250000e+02,
7.695544433593750000e+02,
7.583364868164062500e+02,
7.848934936523437500e+02,
8.232977294921875000e+02,
8.282707519531250000e+02,
8.423697509765625000e+02,
7.747252197265625000e+02,
7.315225219726562500e+02,
6.914204101562500000e+02,
6.734793090820312500e+02,
6.854355468750000000e+02,
6.736832275390625000e+02,
6.818403930664062500e+02,
6.921498413085937500e+02,
7.280523681640625000e+02,
6.994514770507812500e+02,
6.935500488281250000e+02,
6.718686523437500000e+02,
6.793787231445312500e+02,
6.389274902343750000e+02,
6.534599609375000000e+02,
6.712209472656250000e+02,
6.986904296875000000e+02,
7.097318725585937500e+02,
6.696409912109375000e+02,
6.674248657226562500e+02,
6.317086791992187500e+02,
6.135817260742187500e+02,
6.057336425781250000e+02,
6.050177612304687500e+02,
6.276895141601562500e+02,
6.331115112304687500e+02,
6.602863769531250000e+02,
6.267911376953125000e+02,
5.875159301757812500e+02,
5.893386230468750000e+02,
6.119899291992187500e+02,
5.973590087890625000e+02,
6.380488891601562500e+02,
6.383908081054687500e+02,
6.516092529296875000e+02,
7.008150634765625000e+02,
6.152581787109375000e+02,
5.967982177734375000e+02,
6.015322265625000000e+02,
6.151390380859375000e+02,
6.301790771484375000e+02,
6.064133300781250000e+02,
6.188303833007812500e+02,
6.111723632812500000e+02,
6.023304443359375000e+02,
5.511437377929687500e+02,
5.160731811523437500e+02,
5.331704711914062500e+02,
5.587976074218750000e+02,
5.846799316406250000e+02,
5.915180053710937500e+02,
5.976534423828125000e+02,
5.685380859375000000e+02,
5.627905273437500000e+02,
5.663540039062500000e+02,
5.392636108398437500e+02,
5.355684814453125000e+02,
5.349451293945312500e+02,
5.295983276367187500e+02,
5.109497375488281250e+02,
5.164007568359375000e+02,
4.925738220214843750e+02,
4.716103820800781250e+02,
4.685036010742187500e+02,
4.602724914550781250e+02,
4.376611022949218750e+02,
4.091457214355468750e+02,
4.034333190917968750e+02,
4.370913696289062500e+02,
4.280163574218750000e+02,
4.461983947753906250e+02,
4.579995727539062500e+02,
4.591557922363281250e+02,
4.382451477050781250e+02,
4.210331726074218750e+02,
4.057014465332031250e+02,
4.442592163085937500e+02,
4.245322265625000000e+02,
4.083710937500000000e+02,
4.204966735839843750e+02,
4.050392761230468750e+02,
3.505722351074218750e+02,
3.475684814453125000e+02,
2.932088012695312500e+02,
2.996197204589843750e+02,
2.473854827880859375e+02,
2.942538452148437500e+02,
3.002615661621093750e+02,
3.147306823730468750e+02,
3.211597595214843750e+02,
3.307266845703125000e+02,
3.124427185058593750e+02,
3.271869506835937500e+02,
3.058397216796875000e+02,
3.062250366210937500e+02,
3.110554199218750000e+02,
3.197209777832031250e+02,
3.238422851562500000e+02,
3.206539611816406250e+02,
2.951558837890625000e+02,
3.026953125000000000e+02,
3.034532470703125000e+02,
3.373596801757812500e+02,
3.557943420410156250e+02,
3.680900268554687500e+02,
3.769986877441406250e+02,
3.541952819824218750e+02,
3.608479614257812500e+02,
3.900033569335937500e+02,
4.423388061523437500e+02,
4.242506103515625000e+02,
4.050699157714843750e+02,
4.415608215332031250e+02,
4.533722839355468750e+02,
5.005682983398437500e+02,
5.137145996093750000e+02,
5.588673095703125000e+02,
5.707036132812500000e+02,
5.549359741210937500e+02,
5.044670104980468750e+02,
4.833790588378906250e+02,
4.675562744140625000e+02,
4.908009643554687500e+02,
4.888798522949218750e+02,
4.698251037597656250e+02,
4.118536682128906250e+02,
4.067872314453125000e+02,
4.612865600585937500e+02,
5.329343261718750000e+02,
5.710787353515625000e+02,
5.600653076171875000e+02,
5.963698120117187500e+02,
5.649108886718750000e+02,
5.424684448242187500e+02,
5.275545043945312500e+02,
5.050825500488281250e+02,
4.571378784179687500e+02,
4.688987121582031250e+02,
4.452717895507812500e+02,
4.100020446777343750e+02,
4.636770629882812500e+02,
5.085488891601562500e+02,
5.205656738281250000e+02,
5.511137695312500000e+02,
5.597190551757812500e+02,
5.454697875976562500e+02,
4.830863647460937500e+02,
4.689483642578125000e+02,
4.506861267089843750e+02,
4.160922241210937500e+02,
3.683641662597656250e+02,
3.396368103027343750e+02,
3.304727172851562500e+02,
7.430672607421875000e+02,
7.722984008789062500e+02,
7.511594848632812500e+02,
6.979418945312500000e+02,
7.131694946289062500e+02,
6.819003906250000000e+02,
6.462022094726562500e+02,
6.137091064453125000e+02,
5.611781616210937500e+02,
5.865493164062500000e+02,
5.870651855468750000e+02,
6.239909057617187500e+02,
6.202080688476562500e+02,
6.135775146484375000e+02,
6.324387207031250000e+02,
5.813021850585937500e+02,
5.395169677734375000e+02,
5.137196044921875000e+02,
5.107071228027343750e+02,
4.825604553222656250e+02,
5.063841857910156250e+02,
5.369283447265625000e+02,
5.394555664062500000e+02,
5.533002319335937500e+02,
5.985761108398437500e+02,
6.059490356445312500e+02,
6.554634399414062500e+02,
6.602586669921875000e+02,
7.009885253906250000e+02,
6.797781982421875000e+02,
6.400005493164062500e+02,
6.194166870117187500e+02,
5.767977905273437500e+02,
5.863506469726562500e+02,
5.444608764648437500e+02,
5.604614868164062500e+02,
5.403081665039062500e+02,
5.543740844726562500e+02,
5.716495971679687500e+02,
5.705241699218750000e+02,
5.530960083007812500e+02,
5.807842407226562500e+02,
5.784621582031250000e+02,
5.893954467773437500e+02,
5.380273437500000000e+02,
4.841785583496093750e+02,
4.427129516601562500e+02,
4.198688049316406250e+02,
4.023736267089843750e+02,
4.179059753417968750e+02,
4.892787475585937500e+02,
6.051865844726562500e+02,
6.457647094726562500e+02,
7.174671630859375000e+02,
7.300789184570312500e+02,
7.287650146484375000e+02,
7.039108276367187500e+02,
6.345997314453125000e+02,
6.202072143554687500e+02,
6.998601074218750000e+02,
7.568178100585937500e+02,
7.426122436523437500e+02,
6.892862548828125000e+02,
6.403772583007812500e+02,
6.990732421875000000e+02,
7.310870361328125000e+02,
7.391323242187500000e+02,
7.506157836914062500e+02,
7.378564453125000000e+02,
7.429509277343750000e+02,
7.467160034179687500e+02,
7.382021484375000000e+02,
7.282244262695312500e+02,
7.603482055664062500e+02,
7.319057617187500000e+02,
7.288752441406250000e+02,
7.236544799804687500e+02,
6.857558593750000000e+02,
7.080355834960937500e+02,
7.218594360351562500e+02,
7.018777465820312500e+02,
6.947908325195312500e+02,
7.023463134765625000e+02,
7.095051879882812500e+02,
6.938440551757812500e+02,
6.696030273437500000e+02,
6.734835205078125000e+02,
6.944091186523437500e+02,
6.960313110351562500e+02,
6.967537841796875000e+02,
7.118609008789062500e+02,
7.495455932617187500e+02,
7.789260253906250000e+02,
8.093705444335937500e+02,
8.179088134765625000e+02,
8.360043945312500000e+02,
8.182254638671875000e+02,
8.360816650390625000e+02,
8.272034912109375000e+02,
8.245389404296875000e+02,
7.929580688476562500e+02,
7.568543701171875000e+02,
7.348071289062500000e+02,
7.285678100585937500e+02,
7.330157470703125000e+02,
7.061184692382812500e+02,
7.035102539062500000e+02,
7.022441406250000000e+02,
7.228423461914062500e+02,
7.201455688476562500e+02,
7.302014160156250000e+02,
7.038878784179687500e+02,
6.481171264648437500e+02,
6.391473388671875000e+02,
6.264365844726562500e+02,
6.574861450195312500e+02,
6.821265869140625000e+02,
6.758181152343750000e+02,
6.719382324218750000e+02,
6.678958740234375000e+02,
6.664754028320312500e+02,
6.863880004882812500e+02,
6.708840942382812500e+02,
6.569602050781250000e+02,
6.555440673828125000e+02,
6.317509155273437500e+02,
6.528990478515625000e+02,
6.272397460937500000e+02,
6.065911865234375000e+02,
5.946043701171875000e+02,
5.705269775390625000e+02,
6.024855957031250000e+02,
6.010504760742187500e+02,
6.096412963867187500e+02,
6.325012817382812500e+02,
5.753338623046875000e+02,
5.657991333007812500e+02,
5.376957397460937500e+02,
5.836952514648437500e+02,
5.279515380859375000e+02,
4.817726745605468750e+02,
4.732373352050781250e+02,
4.656422424316406250e+02,
4.493289184570312500e+02,
4.412557373046875000e+02,
4.748490600585937500e+02,
5.225758056640625000e+02,
4.880415649414062500e+02,
4.559366149902343750e+02,
4.621584472656250000e+02,
4.723185119628906250e+02,
4.406758422851562500e+02,
4.021448059082031250e+02,
3.740980529785156250e+02,
3.345245361328125000e+02,
3.196361083984375000e+02,
2.988804321289062500e+02,
3.154040222167968750e+02,
3.349408264160156250e+02,
3.527471313476562500e+02,
3.618649597167968750e+02,
3.345683898925781250e+02,
3.256392211914062500e+02,
3.194006042480468750e+02,
3.219700317382812500e+02,
3.504624328613281250e+02,
3.431105346679687500e+02,
3.612249755859375000e+02,
3.769362792968750000e+02,
4.026434936523437500e+02,
4.423565063476562500e+02,
4.692814331054687500e+02,
4.603687438964843750e+02,
5.020053100585937500e+02,
5.536509399414062500e+02,
5.705528564453125000e+02,
6.145786743164062500e+02,
5.994222412109375000e+02,
5.992880249023437500e+02,
5.448694458007812500e+02,
5.365986938476562500e+02,
4.995354003906250000e+02,
5.140933837890625000e+02,
5.026676940917968750e+02,
5.743639526367187500e+02,
6.063691406250000000e+02,
5.989882812500000000e+02,
6.181406860351562500e+02,
5.254475708007812500e+02,
4.826224060058593750e+02,
4.727503356933593750e+02,
4.890674743652343750e+02,
5.037536315917968750e+02,
5.500459594726562500e+02,
5.879246826171875000e+02,
5.792676391601562500e+02,
5.524523925781250000e+02,
5.169779663085937500e+02,
4.393908386230468750e+02,
3.749694213867187500e+02,
