4.910658874511718750e+02,
5.129904785156250000e+02,
5.285693969726562500e+02,
5.323993530273437500e+02,
5.243430786132812500e+02,
4.977482604980468750e+02,
4.873659362792968750e+02,
4.961702880859375000e+02,
5.221732177734375000e+02,
5.194309692382812500e+02,
5.207241210937500000e+02,
5.365915527343750000e+02,
5.241158447265625000e+02,
5.239739379882812500e+02,
5.226879272460937500e+02,
4.971929626464843750e+02,
4.825195007324218750e+02,
4.887615356445312500e+02,
4.810632019042968750e+02,
4.670699768066406250e+02,
4.510656127929687500e+02,
4.354921569824218750e+02,
4.207345275878906250e+02,
4.326519470214843750e+02,
4.000131835937500000e+02,
4.009028015136718750e+02,
3.826208190917968750e+02,
3.578528442382812500e+02,
3.909977416992187500e+02,
3.396165161132812500e+02,
3.461760864257812500e+02,
3.702084655761718750e+02,
3.590043640136718750e+02,
4.011992492675781250e+02,
4.007565307617187500e+02,
4.036712341308593750e+02,
4.109206542968750000e+02,
4.274946899414062500e+02,
4.179042968750000000e+02,
4.259714660644531250e+02,
4.183309936523437500e+02,
4.296700439453125000e+02,
3.940758056640625000e+02,
3.997532348632812500e+02,
3.929235534667968750e+02,
3.603681335449218750e+02,
3.658843994140625000e+02,
3.911791076660156250e+02,
3.739844360351562500e+02,
3.758741455078125000e+02,
3.865690612792968750e+02,
3.824182128906250000e+02,
3.809895629882812500e+02,
4.089279174804687500e+02,
4.422125549316406250e+02,
4.442196655273437500e+02,
4.795064697265625000e+02,
4.903249511718750000e+02,
5.307959594726562500e+02,
5.799179687500000000e+02,
5.844841308593750000e+02,
6.085337524414062500e+02,
5.961917114257812500e+02,
6.629434204101562500e+02,
6.807486572265625000e+02,
6.714285278320312500e+02,
6.556063232421875000e+02,
6.372229614257812500e+02,
6.018338012695312500e+02,
6.010037841796875000e+02,
6.183851928710937500e+02,
6.414525146484375000e+02,
6.356146850585937500e+02,
6.944027709960937500e+02,
7.698814697265625000e+02,
8.263034667968750000e+02,
9.197815551757812500e+02,
9.691311645507812500e+02,
1.031723022460937500e+03,
1.067002563476562500e+03,
1.098708984375000000e+03,
1.117993774414062500e+03,
1.120989624023437500e+03,
1.194781372070312500e+03,
1.233319458007812500e+03,
1.181258911132812500e+03,
1.239278320312500000e+03,
1.253729125976562500e+03,
1.226480712890625000e+03,
1.189968750000000000e+03,
1.152543457031250000e+03,
1.129440185546875000e+03,
1.172227539062500000e+03,
1.188395385742187500e+03,
1.270495483398437500e+03,
1.230717285156250000e+03,
1.135938720703125000e+03,
1.051274780273437500e+03,
9.693306884765625000e+02,
9.675651855468750000e+02,
9.450604248046875000e+02,
9.128187866210937500e+02,
9.110841674804687500e+02,
8.471947631835937500e+02,
7.724060668945312500e+02,
7.546676635742187500e+02,
7.614302978515625000e+02,
7.342502441406250000e+02,
7.304567871093750000e+02,
7.682807617187500000e+02,
8.534830932617187500e+02,
7.771838378906250000e+02,
8.113729858398437500e+02,
7.690903930664062500e+02,
7.044809570312500000e+02,
6.880767822265625000e+02,
6.693243408203125000e+02,
6.880120239257812500e+02,
6.993059082031250000e+02,
7.228123779296875000e+02,
7.546595458984375000e+02,
7.389819946289062500e+02,
7.274482421875000000e+02,
6.877084350585937500e+02,
7.225442504882812500e+02,
7.661403808593750000e+02,
8.310001220703125000e+02,
8.428367919921875000e+02,
9.306780395507812500e+02,
9.235263061523437500e+02,
8.879860839843750000e+02,
8.650889282226562500e+02,
8.343987426757812500e+02,
8.492712402343750000e+02,
8.578020019531250000e+02,
8.903438720703125000e+02,
8.503597412109375000e+02,
8.119965820312500000e+02,
7.704124755859375000e+02,
7.655755615234375000e+02,
7.261578369140625000e+02,
7.054915771484375000e+02,
6.907941894531250000e+02,
6.913925170898437500e+02,
6.831727294921875000e+02,
6.921707763671875000e+02,
6.209969482421875000e+02,
6.188859252929687500e+02,
5.792908325195312500e+02,
5.810231933593750000e+02,
6.021390380859375000e+02,
5.994220581054687500e+02,
6.208452148437500000e+02,
6.393125610351562500e+02,
6.492095947265625000e+02,
6.682727050781250000e+02,
6.664409179687500000e+02,
6.313603515625000000e+02,
5.935934448242187500e+02,
5.664960327148437500e+02,
5.759110107421875000e+02,
5.546280517578125000e+02,
5.500673828125000000e+02,
5.594022216796875000e+02,
5.758959350585937500e+02,
6.335558471679687500e+02,
6.391051025390625000e+02,
6.105522460937500000e+02,
6.162604370117187500e+02,
6.275499877929687500e+02,
6.295258789062500000e+02,
6.208667602539062500e+02,
6.391655273437500000e+02,
6.289099731445312500e+02,
6.230792236328125000e+02,
6.181849975585937500e+02,
5.972728881835937500e+02,
6.100007324218750000e+02,
6.695082397460937500e+02,
6.679294433593750000e+02,
7.202969360351562500e+02,
7.132066650390625000e+02,
7.141094360351562500e+02,
7.202399902343750000e+02,
7.018381958007812500e+02,
6.867431030273437500e+02,
7.548438720703125000e+02,
8.210047607421875000e+02,
9.045153198242187500e+02,
9.459636840820312500e+02,
9.484278564453125000e+02,
9.246552124023437500e+02,
8.347509155273437500e+02,
8.068565673828125000e+02,
8.185473632812500000e+02,
8.151212768554687500e+02,
8.591752319335937500e+02,
9.150153198242187500e+02,
9.583649902343750000e+02,
1.027582031250000000e+03,
9.075603027343750000e+02,
8.550060424804687500e+02,
8.168419799804687500e+02,
7.430333251953125000e+02,
7.278837890625000000e+02,
7.319837036132812500e+02,
6.944247436523437500e+02,
6.911544799804687500e+02,
7.309462280273437500e+02,
7.650584716796875000e+02,
7.731867675781250000e+02,
7.532972412109375000e+02,
7.484844970703125000e+02,
7.346838989257812500e+02,
7.638004760742187500e+02,
7.600120239257812500e+02,
7.597357177734375000e+02,
7.304858398437500000e+02,
7.146416015625000000e+02,
7.355759887695312500e+02,
7.312805175781250000e+02,
7.089402465820312500e+02,
6.956580200195312500e+02,
6.742142333984375000e+02,
6.690766601562500000e+02,
6.555728759765625000e+02,
6.562614746093750000e+02,
6.996021728515625000e+02,
6.729947509765625000e+02,
6.591023559570312500e+02,
6.562661743164062500e+02,
6.578358764648437500e+02,
6.594710083007812500e+02,
6.816906738281250000e+02,
6.885606689453125000e+02,
6.562418212890625000e+02,
6.292537231445312500e+02,
5.998214721679687500e+02,
5.813372802734375000e+02,
5.558588867187500000e+02,
5.025445251464843750e+02,
4.826354370117187500e+02,
4.091688537597656250e+02,
3.778559875488281250e+02,
3.439389038085937500e+02,
3.247217712402343750e+02,
3.378596191406250000e+02,
3.622629394531250000e+02,
3.506229858398437500e+02,
3.681434936523437500e+02,
3.827404479980468750e+02,
4.033019409179687500e+02,
4.019552307128906250e+02,
4.084992675781250000e+02,
4.171421813964843750e+02,
4.149853210449218750e+02,
4.417948608398437500e+02,
4.434950866699218750e+02,
4.107684631347656250e+02,
4.175971374511718750e+02,
4.296779174804687500e+02,
4.394728088378906250e+02,
4.016144104003906250e+02,
4.235279541015625000e+02,
4.504031372070312500e+02,
4.171334533691406250e+02,
4.249058837890625000e+02,
3.651115722656250000e+02,
3.635852966308593750e+02,
3.527058105468750000e+02,
3.490923461914062500e+02,
3.436979064941406250e+02,
3.315656738281250000e+02,
2.811987609863281250e+02,
2.964447937011718750e+02,
2.776346740722656250e+02,
2.725126342773437500e+02,
2.887987976074218750e+02,
2.868440856933593750e+02,
2.982399597167968750e+02,
2.716213073730468750e+02,
2.866539306640625000e+02,
3.033494567871093750e+02,
3.092586059570312500e+02,
2.847269897460937500e+02,
2.811800231933593750e+02,
2.764394226074218750e+02,
2.738647155761718750e+02,
2.887040405273437500e+02,
2.761169738769531250e+02,
2.756659851074218750e+02,
2.821754760742187500e+02,
2.982565612792968750e+02,
2.802954406738281250e+02,
3.033034973144531250e+02,
3.036841735839843750e+02,
2.983859863281250000e+02,
2.663302612304687500e+02,
2.612806396484375000e+02,
2.730253295898437500e+02,
2.743292541503906250e+02,
2.686369628906250000e+02,
2.858261718750000000e+02,
2.688519897460937500e+02,
2.773296508789062500e+02,
2.634104919433593750e+02,
2.634638366699218750e+02,
2.850084228515625000e+02,
2.735431213378906250e+02,
2.509520568847656250e+02,
2.650737915039062500e+02,
2.622421569824218750e+02,
2.718030395507812500e+02,
2.637917175292968750e+02,
2.732208557128906250e+02,
3.057747802734375000e+02,
3.202893676757812500e+02,
3.179872741699218750e+02,
3.368322143554687500e+02,
3.382010192871093750e+02,
3.954448242187500000e+02,
3.395305480957031250e+02,
3.328098449707031250e+02,
3.257199707031250000e+02,
3.230259094238281250e+02,
3.092267150878906250e+02,
3.229191589355468750e+02,
3.379014282226562500e+02,
3.437630310058593750e+02,
3.534414978027343750e+02,
3.585617675781250000e+02,
3.681264343261718750e+02,
3.920652465820312500e+02,
3.855569152832031250e+02,
3.465901794433593750e+02,
3.662100219726562500e+02,
3.286283874511718750e+02,
3.158905944824218750e+02,
3.025510864257812500e+02,
3.286108398437500000e+02,
2.905886535644531250e+02,
3.101387634277343750e+02,
2.621989440917968750e+02,
2.820748596191406250e+02,
2.773812255859375000e+02,
2.836333312988281250e+02,
2.783178710937500000e+02,
2.748001708984375000e+02,
2.901296081542968750e+02,
3.232977905273437500e+02,
3.560678405761718750e+02,
3.470903930664062500e+02,
3.630793457031250000e+02,
3.557798156738281250e+02,
3.931083679199218750e+02,
3.867041320800781250e+02,
4.288424682617187500e+02,
4.006615600585937500e+02,
4.174598693847656250e+02,
3.948407287597656250e+02,
3.826743164062500000e+02,
3.880780334472656250e+02,
3.695114746093750000e+02,
3.736005859375000000e+02,
3.583433532714843750e+02,
3.498807678222656250e+02,
3.466567687988281250e+02,
3.363918151855468750e+02,
3.482787475585937500e+02,
3.348291015625000000e+02,
3.096513671875000000e+02,
3.227679748535156250e+02,
3.270352478027343750e+02,
3.536612243652343750e+02,
3.408864135742187500e+02,
3.630414733886718750e+02,
3.960168762207031250e+02,
3.701614685058593750e+02,
3.511716613769531250e+02,
3.374303588867187500e+02,
3.372609558105468750e+02,
3.747018737792968750e+02,
3.809828491210937500e+02,
3.477143554687500000e+02,
3.630517883300781250e+02,
3.455865783691406250e+02,
3.981449584960937500e+02,
3.500351257324218750e+02,
3.446745910644531250e+02,
3.484292602539062500e+02,
3.541863098144531250e+02,
3.375202941894531250e+02,
3.303977050781250000e+02,
2.988235168457031250e+02,
3.003790893554687500e+02,
2.836611633300781250e+02,
2.904157104492187500e+02,
2.986515808105468750e+02,
2.948351440429687500e+02,
3.009368896484375000e+02,
3.059383239746093750e+02,
2.872287902832031250e+02,
3.081669006347656250e+02,
3.226257019042968750e+02,
3.146036071777343750e+02,
3.238715209960937500e+02,
3.150734863281250000e+02,
3.060845642089843750e+02,
3.313826904296875000e+02,
3.334387512207031250e+02,
3.251761474609375000e+02,
3.125280761718750000e+02,
3.179380798339843750e+02,
2.975191955566406250e+02,
3.150674743652343750e+02,
2.921899108886718750e+02,
3.058969726562500000e+02,
2.814609985351562500e+02,
2.777003784179687500e+02,
2.853929138183593750e+02,
2.980258789062500000e+02,
3.082571105957031250e+02,
3.397488098144531250e+02,
4.023060302734375000e+02,
3.744358520507812500e+02,
3.774798889160156250e+02,
3.677026977539062500e+02,
3.671214599609375000e+02,
3.631471557617187500e+02,
3.883223876953125000e+02,
3.995204467773437500e+02,
4.156759033203125000e+02,
4.480603027343750000e+02,
4.624207458496093750e+02,
4.654766845703125000e+02,
4.887630615234375000e+02,
4.994669189453125000e+02,
5.102985229492187500e+02,
4.808026123046875000e+02,
5.086265869140625000e+02,
5.200892333984375000e+02,
4.830259094238281250e+02,
5.183759765625000000e+02,
4.879611816406250000e+02,
5.068201293945312500e+02,
5.199100952148437500e+02,
5.236233520507812500e+02,
5.428327026367187500e+02,
5.256952514648437500e+02,
5.257086791992187500e+02,
4.969022827148437500e+02,
4.766336059570312500e+02,
4.616977539062500000e+02,
4.410790405273437500e+02,
4.048325805664062500e+02,
3.523042907714843750e+02,
2.873623962402343750e+02,
2.815021667480468750e+02,
3.279644165039062500e+02,
2.209014739990234375e+02,
2.245715332031250000e+02,
2.034586944580078125e+02,
2.436503295898437500e+02,
1.947567901611328125e+02,
1.955848541259765625e+02,
2.183377532958984375e+02,
1.994616088867187500e+02,
2.167093505859375000e+02,
1.970824737548828125e+02,
2.056447143554687500e+02,
1.997232666015625000e+02,
1.852848968505859375e+02,
2.123453979492187500e+02,
1.922798767089843750e+02,
1.884800415039062500e+02,
1.909084777832031250e+02,
2.000262603759765625e+02,
2.000067138671875000e+02,
1.930519104003906250e+02,
1.945523834228515625e+02,
1.924499359130859375e+02,
1.891428680419921875e+02,
1.883416900634765625e+02,
2.107290191650390625e+02,
1.949700927734375000e+02,
1.954199523925781250e+02,
1.786116027832031250e+02,
1.717670135498046875e+02,
1.895864105224609375e+02,
1.723681030273437500e+02,
2.339800720214843750e+02,
1.890109710693359375e+02,
1.860227813720703125e+02,
2.111899414062500000e+02,
1.911876373291015625e+02,
1.830168914794921875e+02,
1.894750213623046875e+02,
1.870708923339843750e+02,
1.964230499267578125e+02,
1.875604400634765625e+02,
1.857028503417968750e+02,
1.876856689453125000e+02,
2.040459899902343750e+02,
2.046439208984375000e+02,
1.947476196289062500e+02,
2.090773468017578125e+02,
2.197034606933593750e+02,
2.264075469970703125e+02,
2.842789001464843750e+02,
2.445243530273437500e+02,
2.430236358642578125e+02,
2.603433532714843750e+02,
2.357524108886718750e+02,
2.773239135742187500e+02,
2.461150207519531250e+02,
2.399091796875000000e+02,
2.999105224609375000e+02,
2.619556884765625000e+02,
2.928804321289062500e+02,
2.893079223632812500e+02,
3.137536621093750000e+02,
3.045094299316406250e+02,
2.894079589843750000e+02,
2.906054992675781250e+02,
2.829744567871093750e+02,
3.372623291015625000e+02,
3.063552246093750000e+02,
2.884123840332031250e+02,
2.865057067871093750e+02,
3.115547485351562500e+02,
3.177515869140625000e+02,
3.340337524414062500e+02,
3.567032165527343750e+02,
3.105612792968750000e+02,
3.282119750976562500e+02,
3.060510559082031250e+02,
3.229972839355468750e+02,
3.158038024902343750e+02,
2.950362243652343750e+02,
2.853913574218750000e+02,
2.546897430419921875e+02,
2.589063415527343750e+02,
2.835752868652343750e+02,
2.447218780517578125e+02,
2.573269653320312500e+02,
2.322808074951171875e+02,
2.261161041259765625e+02,
2.232098846435546875e+02,
2.509859161376953125e+02,
2.259150085449218750e+02,
2.136277160644531250e+02,
1.979754333496093750e+02,
2.197357177734375000e+02,
1.998630065917968750e+02,
2.185141754150390625e+02,
2.079420928955078125e+02,
2.297854461669921875e+02,
2.559680786132812500e+02,
2.276189117431640625e+02,
2.474161376953125000e+02,
2.340603027343750000e+02,
2.195444793701171875e+02,
1.958314361572265625e+02,
2.179817504882812500e+02,
2.131630554199218750e+02,
1.797576141357421875e+02,
2.396769561767578125e+02,
1.854308776855468750e+02,
1.999812622070312500e+02,
1.677010803222656250e+02,
1.905771942138671875e+02,
1.873320312500000000e+02,
1.742429809570312500e+02,
1.540989379882812500e+02,
1.821719360351562500e+02,
1.773235015869140625e+02,
1.774452209472656250e+02,
1.762937164306640625e+02,
1.641919555664062500e+02,
1.599549865722656250e+02,
1.631944732666015625e+02,
1.554902648925781250e+02,
2.230331878662109375e+02,
1.643318634033203125e+02,
1.614296569824218750e+02,
1.869810333251953125e+02,
1.736024627685546875e+02,
1.627298431396484375e+02,
1.960491027832031250e+02,
1.893948669433593750e+02,
1.862911529541015625e+02,
1.860888824462890625e+02,
1.582004394531250000e+02,
1.533398132324218750e+02,
1.688832244873046875e+02,
1.597295074462890625e+02,
1.715352935791015625e+02,
1.796085968017578125e+02,
1.612184143066406250e+02,
2.088007507324218750e+02,
1.714434661865234375e+02,
1.617389831542968750e+02,
1.653915557861328125e+02,
1.653253173828125000e+02,
1.838826751708984375e+02,
1.764966735839843750e+02,
1.692752380371093750e+02,
1.707621307373046875e+02,
1.545199432373046875e+02,
1.733529510498046875e+02,
1.659767913818359375e+02,
1.753468170166015625e+02,
1.575047607421875000e+02,
1.651265258789062500e+02,
1.798641662597656250e+02,
1.718909759521484375e+02,
1.571576538085937500e+02,
1.493625183105468750e+02,
1.817164916992187500e+02,
1.730825347900390625e+02,
1.681264953613281250e+02,
1.900270843505859375e+02,
2.403966827392578125e+02,
1.577565765380859375e+02,
1.638965301513671875e+02,
1.649251403808593750e+02,
2.029727630615234375e+02,
1.797069702148437500e+02,
1.858850555419921875e+02,
2.073561553955078125e+02,
1.976376647949218750e+02,
1.958877716064453125e+02,
1.862259063720703125e+02,
1.990565338134765625e+02,
1.871259918212890625e+02,
1.908242034912109375e+02,
2.292492980957031250e+02,
2.214907226562500000e+02,
1.735461730957031250e+02,
2.159262847900390625e+02,
1.895756072998046875e+02,
1.869466857910156250e+02,
1.923591308593750000e+02,
2.099708862304687500e+02,
2.007309570312500000e+02,
1.716085205078125000e+02,
1.858964538574218750e+02,
2.231613769531250000e+02,
1.805021514892578125e+02,
1.807496490478515625e+02,
1.953824005126953125e+02,
1.990628967285156250e+02,
2.240580902099609375e+02,
2.464863433837890625e+02,
2.424638366699218750e+02,
2.317863159179687500e+02,
2.650578002929687500e+02,
2.437356109619140625e+02,
2.327508392333984375e+02,
2.683049621582031250e+02,
2.682806091308593750e+02,
2.215822906494140625e+02,
2.302540893554687500e+02,
2.257893371582031250e+02,
2.210433654785156250e+02,
2.186301269531250000e+02,
2.116921386718750000e+02,
2.157335205078125000e+02,
2.191906433105468750e+02,
2.396199035644531250e+02,
2.418144226074218750e+02,
2.618032836914062500e+02,
2.232619323730468750e+02,
2.241204071044921875e+02,
2.168125610351562500e+02,
2.555864715576171875e+02,
2.140220947265625000e+02,
2.243840942382812500e+02,
6.176749877929687500e+02,
6.180571899414062500e+02,
6.355432128906250000e+02,
6.208351440429687500e+02,
6.200078125000000000e+02,
6.056387939453125000e+02,
5.762183227539062500e+02,
5.421680908203125000e+02,
5.102759704589843750e+02,
5.120526733398437500e+02,
4.569519348144531250e+02,
4.222709655761718750e+02,
4.083466491699218750e+02,
3.861191406250000000e+02,
4.621807556152343750e+02,
4.054759826660156250e+02,
4.385019226074218750e+02,
4.256880493164062500e+02,
4.815366516113281250e+02,
4.520910339355468750e+02,
4.621849365234375000e+02,
4.197255859375000000e+02,
4.193891601562500000e+02,
4.316181030273437500e+02,
4.884876708984375000e+02,
4.365409545898437500e+02,
4.756387329101562500e+02,
5.274227905273437500e+02,
5.630475463867187500e+02,
6.218195190429687500e+02,
7.144115600585937500e+02,
7.149443969726562500e+02,
7.212955932617187500e+02,
6.851539916992187500e+02,
7.035005493164062500e+02,
8.157976684570312500e+02,
9.368970336914062500e+02,
1.128959472656250000e+03,
1.253617431640625000e+03,
1.328300537109375000e+03,
1.363448242187500000e+03,
1.413227905273437500e+03,
1.474039794921875000e+03,
1.449348022460937500e+03,
1.499462280273437500e+03,
1.420898193359375000e+03,
1.391275512695312500e+03,
1.374848022460937500e+03,
1.267320678710937500e+03,
1.150920288085937500e+03,
1.026730224609375000e+03,
9.953370971679687500e+02,
8.891751098632812500e+02,
8.707239990234375000e+02,
8.941087036132812500e+02,
8.674700317382812500e+02,
8.084727783203125000e+02,
7.680410766601562500e+02,
7.694499511718750000e+02,
7.638971557617187500e+02,
8.497359008789062500e+02,
8.562682495117187500e+02,
9.140859375000000000e+02,
9.315010986328125000e+02,
9.813694458007812500e+02,
9.995131225585937500e+02,
9.688641357421875000e+02,
8.998397216796875000e+02,
8.378765258789062500e+02,
8.021513061523437500e+02,
7.887902221679687500e+02,
7.779928588867187500e+02,
7.406395263671875000e+02,
7.148162841796875000e+02,
6.567284545898437500e+02,
7.192791137695312500e+02,
7.446284790039062500e+02,
7.663805541992187500e+02,
7.088199462890625000e+02,
6.594722900390625000e+02,
6.489151611328125000e+02,
6.566365356445312500e+02,
7.163292846679687500e+02,
7.744425048828125000e+02,
7.416355590820312500e+02,
6.884893798828125000e+02,
6.716563720703125000e+02,
6.894296875000000000e+02,
7.771676635742187500e+02,
7.877005615234375000e+02,
8.374910278320312500e+02,
8.976271362304687500e+02,
1.059712524414062500e+03,
1.190430175781250000e+03,
1.165034545898437500e+03,
1.093666137695312500e+03,
1.046613647460937500e+03,
1.123665405273437500e+03,
1.163610473632812500e+03,
1.115267578125000000e+03,
1.034034545898437500e+03,
9.020544433593750000e+02,
8.788868408203125000e+02,
8.749670410156250000e+02,
8.717432861328125000e+02,
8.779824829101562500e+02,
8.308125000000000000e+02,
8.413934326171875000e+02,
8.397348632812500000e+02,
8.047557983398437500e+02,
7.856640625000000000e+02,
7.308820800781250000e+02,
7.373257446289062500e+02,
7.695634765625000000e+02,
7.834640502929687500e+02,
7.587969970703125000e+02,
7.578964233398437500e+02,
7.040950927734375000e+02,
6.069564819335937500e+02,
5.494927368164062500e+02,
4.760801696777343750e+02,
3.781116943359375000e+02,
3.666065063476562500e+02,
4.216668395996093750e+02,
4.058112182617187500e+02,
4.178886413574218750e+02,
4.528338317871093750e+02,
4.831101379394531250e+02,
4.906694641113281250e+02,
4.851337280273437500e+02,
4.994216003417968750e+02,
4.614367370605468750e+02,
4.328051147460937500e+02,
3.987742614746093750e+02,
3.408904724121093750e+02,
3.674800415039062500e+02,
3.177570800781250000e+02,
3.038561096191406250e+02,
3.009471435546875000e+02,
3.054424133300781250e+02,
3.320941467285156250e+02,
2.664199829101562500e+02,
2.818777465820312500e+02,
3.215227355957031250e+02,
3.243534851074218750e+02,
2.924010314941406250e+02,
3.092995300292968750e+02,
2.900808105468750000e+02,
2.732140197753906250e+02,
2.812804260253906250e+02,
2.724648742675781250e+02,
2.846351013183593750e+02,
2.760727233886718750e+02,
2.701669616699218750e+02,
2.647336730957031250e+02,
2.970365905761718750e+02,
3.232727355957031250e+02,
3.139119262695312500e+02,
3.536320190429687500e+02,
3.264552612304687500e+02,
3.480294494628906250e+02,
3.486027526855468750e+02,
3.557610778808593750e+02,
3.756901855468750000e+02,
3.870933532714843750e+02,
4.024226989746093750e+02,
3.710588684082031250e+02,
3.378641357421875000e+02,
3.160744628906250000e+02,
3.401807861328125000e+02,
2.852311706542968750e+02,
2.717675781250000000e+02,
2.943182067871093750e+02,
3.267258605957031250e+02,
3.633208923339843750e+02,
4.443400268554687500e+02,
4.168105468750000000e+02,
4.285223999023437500e+02,
4.285122680664062500e+02,
3.895080871582031250e+02,
4.226961975097656250e+02,
4.030726318359375000e+02,
3.601584777832031250e+02,
3.318842163085937500e+02,
3.296265869140625000e+02,
3.368008728027343750e+02,
3.733153381347656250e+02,
3.766647033691406250e+02,
3.647607727050781250e+02,
3.802163085937500000e+02,
3.671393432617187500e+02,
3.612574768066406250e+02,
3.993781433105468750e+02,
4.101943664550781250e+02,
3.863942565917968750e+02,
3.727072143554687500e+02,
3.655748596191406250e+02,
3.378190307617187500e+02,
3.274870910644531250e+02,
3.200433044433593750e+02,
3.389672851562500000e+02,
3.273261108398437500e+02,
3.360620727539062500e+02,
3.449761352539062500e+02,
3.952913513183593750e+02,
3.371890563964843750e+02,
3.336318664550781250e+02,
3.622454833984375000e+02,
3.392531433105468750e+02,
3.732889099121093750e+02,
3.796258544921875000e+02,
3.700444946289062500e+02,
3.797530212402343750e+02,
4.275574645996093750e+02,
4.328860168457031250e+02,
4.547081298828125000e+02,
4.914819030761718750e+02,
5.193406372070312500e+02,
5.134475708007812500e+02,
5.465265502929687500e+02,
5.371988525390625000e+02,
5.518364868164062500e+02,
5.232672119140625000e+02,
5.215006103515625000e+02,
4.996169738769531250e+02,
4.349665832519531250e+02,
3.920300598144531250e+02,
3.272185058593750000e+02,
2.647461242675781250e+02,
2.247051696777343750e+02,
2.159466552734375000e+02,
2.413611450195312500e+02,
2.047559204101562500e+02,
2.270000457763671875e+02,
2.453282318115234375e+02,
2.207704925537109375e+02,
1.996069335937500000e+02,
2.022812194824218750e+02,
1.996014251708984375e+02,
1.965363616943359375e+02,
1.854323425292968750e+02,
1.923307037353515625e+02,
1.827491760253906250e+02,
2.250103454589843750e+02,
2.188079986572265625e+02,
1.820193023681640625e+02,
1.955734863281250000e+02,
1.847187347412109375e+02,
2.021772766113281250e+02,
1.898575744628906250e+02,
2.049194183349609375e+02,
2.403680114746093750e+02,
3.061549072265625000e+02,
2.652010498046875000e+02,
2.552835845947265625e+02,
2.552212677001953125e+02,
2.913588867187500000e+02,
3.637595214843750000e+02,
3.011149597167968750e+02,
3.409595336914062500e+02,
3.327421875000000000e+02,
3.257607421875000000e+02,
3.522555541992187500e+02,
4.220075073242187500e+02,
3.883749389648437500e+02,
3.637220764160156250e+02,
3.632957763671875000e+02,
3.760279541015625000e+02,
3.787172546386718750e+02,
3.537259216308593750e+02,
3.043458862304687500e+02,
2.664986572265625000e+02,
2.548189849853515625e+02,
2.566299743652343750e+02,
2.380432128906250000e+02,
2.234946746826171875e+02,
2.300699462890625000e+02,
2.538299713134765625e+02,
2.578040466308593750e+02,
2.656148986816406250e+02,
2.258545837402343750e+02,
2.214937591552734375e+02,
1.945318908691406250e+02,
1.871601409912109375e+02,
1.805670928955078125e+02,
1.771545257568359375e+02,
1.726436920166015625e+02,
2.074161529541015625e+02,
1.806146697998046875e+02,
1.717865142822265625e+02,
1.666886901855468750e+02,
2.073645629882812500e+02,
1.635230255126953125e+02,
1.670253906250000000e+02,
1.619461822509765625e+02,
1.637359771728515625e+02,
1.695593566894531250e+02,
1.713914489746093750e+02,
1.623721618652343750e+02,
1.527908630371093750e+02,
1.853772888183593750e+02,
1.845573883056640625e+02,
2.138965148925781250e+02,
1.885798339843750000e+02,
1.732875976562500000e+02,
1.780122070312500000e+02,
1.637170104980468750e+02,
1.857854766845703125e+02,
1.625776977539062500e+02,
1.682304840087890625e+02,
1.741824645996093750e+02,
1.831465606689453125e+02,
1.985872039794921875e+02,
1.787135314941406250e+02,
2.171525573730468750e+02,
1.971673736572265625e+02,
2.294452209472656250e+02,
1.944043426513671875e+02,
2.121779174804687500e+02,
1.922877502441406250e+02,
2.114202728271484375e+02,
1.994860839843750000e+02,
2.109596862792968750e+02,
2.422439727783203125e+02,
2.126731567382812500e+02,
2.286035919189453125e+02,
2.519525146484375000e+02,
2.403377685546875000e+02,
2.633042297363281250e+02,
2.431791381835937500e+02,
2.789496154785156250e+02,
2.324138946533203125e+02,
2.259945526123046875e+02,
2.272464141845703125e+02,
2.464850006103515625e+02,
2.685125732421875000e+02,
2.199090881347656250e+02,
6.912882690429687500e+02,
6.943945922851562500e+02,
6.689084472656250000e+02,
6.323748168945312500e+02,
5.828629150390625000e+02,
5.544188232421875000e+02,
5.029461975097656250e+02,
4.560785217285156250e+02,
4.382288818359375000e+02,
4.557713317871093750e+02,
4.348272705078125000e+02,
4.993773803710937500e+02,
4.763549804687500000e+02,
4.708306274414062500e+02,
4.556097717285156250e+02,
4.858666381835937500e+02,
4.977798767089843750e+02,
5.610011596679687500e+02,
6.557944946289062500e+02,
7.174586791992187500e+02,
7.748040161132812500e+02,
7.890921020507812500e+02,
8.678402709960937500e+02,
1.061435058593750000e+03,
1.346308593750000000e+03,
1.442389526367187500e+03,
1.491048828125000000e+03,
1.492770751953125000e+03,
1.642449707031250000e+03,
1.553613281250000000e+03,
1.522761718750000000e+03,
1.492807861328125000e+03,
1.362166748046875000e+03,
1.153844360351562500e+03,
1.051530151367187500e+03,
1.005098937988281250e+03,
9.814512329101562500e+02,
9.122618408203125000e+02,
8.173562622070312500e+02,
9.116963500976562500e+02,
9.674622802734375000e+02,
1.003144287109375000e+03,
1.059973266601562500e+03,
1.062843017578125000e+03,
9.930323486328125000e+02,
9.403933105468750000e+02,
8.861701049804687500e+02,
8.533643798828125000e+02,
8.350498046875000000e+02,
8.283316040039062500e+02,
8.705194091796875000e+02,
7.939054565429687500e+02,
7.715451660156250000e+02,
7.441133422851562500e+02,
7.632291870117187500e+02,
8.057719726562500000e+02,
8.204220581054687500e+02,
7.779506835937500000e+02,
8.491188964843750000e+02,
9.233234252929687500e+02,
1.195782958984375000e+03,
1.359802856445312500e+03,
1.371628295898437500e+03,
1.362445922851562500e+03,
1.311550781250000000e+03,
1.319201904296875000e+03,
1.250877319335937500e+03,
1.145370727539062500e+03,
9.836358032226562500e+02,
9.707792968750000000e+02,
9.552789916992187500e+02,
9.410683593750000000e+02,
9.128509521484375000e+02,
8.691339111328125000e+02,
8.315695190429687500e+02,
8.189253540039062500e+02,
8.134846191406250000e+02,
7.213522338867187500e+02,
6.465469970703125000e+02,
5.761249389648437500e+02,
4.640655212402343750e+02,
4.288397827148437500e+02,
4.231452636718750000e+02,
4.840148620605468750e+02,
5.186421508789062500e+02,
5.111037292480468750e+02,
4.976207580566406250e+02,
4.487088317871093750e+02,
3.956725463867187500e+02,
3.826094055175781250e+02,
3.306402282714843750e+02,
3.138968200683593750e+02,
2.966544799804687500e+02,
3.191469421386718750e+02,
3.018521423339843750e+02,
3.177620239257812500e+02,
3.160205078125000000e+02,
3.145191040039062500e+02,
3.271154785156250000e+02,
2.715879516601562500e+02,
2.732976684570312500e+02,
2.715475158691406250e+02,
3.023926696777343750e+02,
3.272311706542968750e+02,
3.274829711914062500e+02,
3.255205078125000000e+02,
3.631775817871093750e+02,
3.931552124023437500e+02,
3.744091491699218750e+02,
3.868535461425781250e+02,
3.991364135742187500e+02,
3.364076843261718750e+02,
3.365818481445312500e+02,
2.922849121093750000e+02,
3.098873901367187500e+02,
3.574827270507812500e+02,
4.386325378417968750e+02,
4.051557312011718750e+02,
4.165809326171875000e+02,
4.032730407714843750e+02,
3.857030334472656250e+02,
3.660332336425781250e+02,
3.591890869140625000e+02,
3.749848022460937500e+02,
3.991674499511718750e+02,
3.800105895996093750e+02,
4.022193298339843750e+02,
3.993349914550781250e+02,
3.979325256347656250e+02,
4.038121337890625000e+02,
3.737103271484375000e+02,
3.706814575195312500e+02,
3.594299926757812500e+02,
3.508914184570312500e+02,
3.698385925292968750e+02,
3.830893249511718750e+02,
3.549002075195312500e+02,
3.769545593261718750e+02,
3.803517150878906250e+02,
3.917928161621093750e+02,
3.979039611816406250e+02,
4.447515869140625000e+02,
4.856398315429687500e+02,
4.639762268066406250e+02,
4.762450256347656250e+02,
5.607382812500000000e+02,
5.584138793945312500e+02,
5.669266357421875000e+02,
5.117464599609375000e+02,
4.551369628906250000e+02,
3.969595336914062500e+02,
3.206345214843750000e+02,
2.471235809326171875e+02,
2.394079742431640625e+02,
2.196257324218750000e+02,
2.369129180908203125e+02,
2.081298065185546875e+02,
2.064262542724609375e+02,
2.404017791748046875e+02,
2.172388153076171875e+02,
1.978526000976562500e+02,
1.881743011474609375e+02,
2.044528656005859375e+02,
1.840691528320312500e+02,
1.865491485595703125e+02,
2.039685516357421875e+02,
2.121802978515625000e+02,
2.152754058837890625e+02,
2.694164733886718750e+02,
2.560944213867187500e+02,
2.869121398925781250e+02,
3.092229309082031250e+02,
3.334374389648437500e+02,
3.534548645019531250e+02,
3.768922119140625000e+02,
4.202883300781250000e+02,
4.160115661621093750e+02,
3.843479309082031250e+02,
3.640221252441406250e+02,
3.279107666015625000e+02,
2.932023620605468750e+02,
2.795787658691406250e+02,
2.555737915039062500e+02,
2.580540161132812500e+02,
2.507423858642578125e+02,
2.571661071777343750e+02,
2.044568328857421875e+02,
2.056604614257812500e+02,
1.924989471435546875e+02,
1.994402923583984375e+02,
1.841401519775390625e+02,
1.689097900390625000e+02,
1.695654144287109375e+02,
1.738059234619140625e+02,
2.107837677001953125e+02,
1.777469482421875000e+02,
1.656444549560546875e+02,
1.594695434570312500e+02,
1.752900695800781250e+02,
1.788786773681640625e+02,
1.713151092529296875e+02,
1.694575500488281250e+02,
2.180988616943359375e+02,
1.577387695312500000e+02,
1.917643280029296875e+02,
1.877670745849609375e+02,
1.859830017089843750e+02,
1.978115997314453125e+02,
1.798501892089843750e+02,
2.214164276123046875e+02,
2.099916534423828125e+02,
2.073484191894531250e+02,
1.935768280029296875e+02,
2.106147766113281250e+02,
2.147537078857421875e+02,
2.263019866943359375e+02,
2.603764343261718750e+02,
2.417565155029296875e+02,
2.556833496093750000e+02,
2.644222717285156250e+02,
2.590063781738281250e+02,
2.517683258056640625e+02,
2.633982849121093750e+02,
