5.552271118164062500e+02,
5.441136474609375000e+02,
5.567787475585937500e+02,
5.428386230468750000e+02,
4.838950805664062500e+02,
4.849270324707031250e+02,
4.511392211914062500e+02,
4.843627014160156250e+02,
4.460657958984375000e+02,
4.759898071289062500e+02,
5.065873413085937500e+02,
5.758672485351562500e+02,
5.070621337890625000e+02,
5.370261230468750000e+02,
5.032098083496093750e+02,
4.848926391601562500e+02,
4.767005310058593750e+02,
4.813444519042968750e+02,
5.204210205078125000e+02,
5.898436889648437500e+02,
6.454691772460937500e+02,
6.521340332031250000e+02,
6.549015502929687500e+02,
6.291009521484375000e+02,
6.373367919921875000e+02,
6.263439941406250000e+02,
5.927543334960937500e+02,
5.653810424804687500e+02,
5.203792114257812500e+02,
5.020765075683593750e+02,
4.830843505859375000e+02,
4.459718933105468750e+02,
4.372405395507812500e+02,
4.268805236816406250e+02,
4.347064208984375000e+02,
3.747025146484375000e+02,
3.532930297851562500e+02,
3.440469665527343750e+02,
3.665033874511718750e+02,
3.409153137207031250e+02,
3.627304077148437500e+02,
3.737410888671875000e+02,
3.576949462890625000e+02,
4.107244262695312500e+02,
3.643694152832031250e+02,
3.565233459472656250e+02,
3.663774108886718750e+02,
3.682590026855468750e+02,
3.695791931152343750e+02,
3.736295166015625000e+02,
3.635092163085937500e+02,
3.577937927246093750e+02,
3.901723327636718750e+02,
4.117152404785156250e+02,
4.032736816406250000e+02,
3.768107299804687500e+02,
4.116786193847656250e+02,
4.037612609863281250e+02,
4.127110900878906250e+02,
4.117183227539062500e+02,
3.888176269531250000e+02,
3.805494995117187500e+02,
3.923710021972656250e+02,
3.834326171875000000e+02,
3.794610290527343750e+02,
3.679527282714843750e+02,
3.486451416015625000e+02,
3.303885498046875000e+02,
3.448277282714843750e+02,
3.409165649414062500e+02,
3.454222717285156250e+02,
3.249776000976562500e+02,
3.188561401367187500e+02,
3.334998474121093750e+02,
3.440111389160156250e+02,
3.374705810546875000e+02,
3.214540100097656250e+02,
3.294027404785156250e+02,
3.104154968261718750e+02,
3.031339721679687500e+02,
3.083065795898437500e+02,
2.501923828125000000e+02,
2.507608184814453125e+02,
2.903286132812500000e+02,
2.859023132324218750e+02,
2.955207214355468750e+02,
2.873944396972656250e+02,
2.897716064453125000e+02,
3.142738342285156250e+02,
3.422386169433593750e+02,
3.392639770507812500e+02,
3.763196716308593750e+02,
3.487903442382812500e+02,
3.341950378417968750e+02,
3.192243652343750000e+02,
3.489975280761718750e+02,
3.011832580566406250e+02,
2.932242736816406250e+02,
2.818128662109375000e+02,
2.613683776855468750e+02,
2.638986816406250000e+02,
2.519100799560546875e+02,
2.751296386718750000e+02,
2.625313110351562500e+02,
2.587436828613281250e+02,
2.503305816650390625e+02,
2.650202636718750000e+02,
2.488052215576171875e+02,
2.638769226074218750e+02,
2.642654113769531250e+02,
2.664622802734375000e+02,
2.543305206298828125e+02,
2.617173156738281250e+02,
2.506625366210937500e+02,
2.354490356445312500e+02,
2.306181945800781250e+02,
2.793352050781250000e+02,
2.620411987304687500e+02,
2.760515747070312500e+02,
2.599697265625000000e+02,
2.527533721923828125e+02,
2.642760009765625000e+02,
2.618298339843750000e+02,
2.567613220214843750e+02,
2.599633178710937500e+02,
2.484224090576171875e+02,
2.492896881103515625e+02,
2.835105895996093750e+02,
2.394600524902343750e+02,
2.465794677734375000e+02,
2.363245544433593750e+02,
2.619417419433593750e+02,
2.379760894775390625e+02,
2.562926635742187500e+02,
2.656647033691406250e+02,
2.293047637939453125e+02,
2.847398071289062500e+02,
2.384705657958984375e+02,
2.657398376464843750e+02,
2.374042053222656250e+02,
2.430697631835937500e+02,
2.511828002929687500e+02,
2.529458007812500000e+02,
2.562278747558593750e+02,
2.544054412841796875e+02,
2.397125549316406250e+02,
2.394433746337890625e+02,
2.515373535156250000e+02,
2.136922302246093750e+02,
2.004564666748046875e+02,
2.229563140869140625e+02,
1.986562347412109375e+02,
1.831271667480468750e+02,
1.822424468994140625e+02,
1.794407958984375000e+02,
1.937971649169921875e+02,
2.191786041259765625e+02,
2.276121978759765625e+02,
2.174518280029296875e+02,
2.323765869140625000e+02,
2.227740783691406250e+02,
2.476186370849609375e+02,
2.214549102783203125e+02,
1.977933349609375000e+02,
2.042082977294921875e+02,
1.696169433593750000e+02,
1.687568969726562500e+02,
1.603918304443359375e+02,
1.556145629882812500e+02,
1.653878784179687500e+02,
1.612175445556640625e+02,
1.677083587646484375e+02,
1.868358306884765625e+02,
1.767493591308593750e+02,
1.823562774658203125e+02,
1.678806610107421875e+02,
1.620530548095703125e+02,
1.869752197265625000e+02,
1.627202301025390625e+02,
1.912217102050781250e+02,
1.865669708251953125e+02,
1.959697265625000000e+02,
1.831450500488281250e+02,
1.821647644042968750e+02,
1.881536102294921875e+02,
1.846534423828125000e+02,
1.729544372558593750e+02,
2.066700592041015625e+02,
1.837781372070312500e+02,
1.766820220947265625e+02,
1.786372528076171875e+02,
2.234600830078125000e+02,
2.625823669433593750e+02,
3.153652038574218750e+02,
7.457174682617187500e+02,
1.105885131835937500e+03,
1.794458007812500000e+03,
2.134104003906250000e+03,
1.991118774414062500e+03,
1.880631103515625000e+03,
1.797026977539062500e+03,
1.359247192382812500e+03,
7.354547729492187500e+02,
4.409003906250000000e+02,
3.643353271484375000e+02,
3.321466369628906250e+02,
3.488445739746093750e+02,
3.623923034667968750e+02,
3.681812133789062500e+02,
3.624151611328125000e+02,
4.261237792968750000e+02,
4.047908020019531250e+02,
3.668318176269531250e+02,
3.889961547851562500e+02,
3.813818359375000000e+02,
3.864441833496093750e+02,
3.804367370605468750e+02,
3.803255310058593750e+02,
3.697256774902343750e+02,
3.924149169921875000e+02,
4.189617004394531250e+02,
4.146019287109375000e+02,
4.033291320800781250e+02,
4.003074035644531250e+02,
4.469367370605468750e+02,
4.456431884765625000e+02,
4.593918457031250000e+02,
4.925083007812500000e+02,
4.713298950195312500e+02,
4.130924987792968750e+02,
4.018437194824218750e+02,
3.894004211425781250e+02,
3.863243103027343750e+02,
3.301472167968750000e+02,
3.166326293945312500e+02,
3.373637695312500000e+02,
3.405573425292968750e+02,
3.682902526855468750e+02,
4.034460449218750000e+02,
4.027778625488281250e+02,
4.066259460449218750e+02,
4.145959777832031250e+02,
4.161299743652343750e+02,
4.294469299316406250e+02,
4.440608215332031250e+02,
4.255121154785156250e+02,
4.252520446777343750e+02,
3.986473693847656250e+02,
4.156592102050781250e+02,
3.985820617675781250e+02,
3.939517822265625000e+02,
3.806470336914062500e+02,
3.711324768066406250e+02,
4.313236389160156250e+02,
3.944016723632812500e+02,
4.081594543457031250e+02,
3.883525390625000000e+02,
4.304339904785156250e+02,
4.775975952148437500e+02,
4.775379028320312500e+02,
4.245054931640625000e+02,
4.318934020996093750e+02,
4.263092346191406250e+02,
4.341911621093750000e+02,
4.098061828613281250e+02,
4.031557312011718750e+02,
3.849780883789062500e+02,
4.133495178222656250e+02,
4.002720947265625000e+02,
4.154822387695312500e+02,
3.929733276367187500e+02,
4.195325317382812500e+02,
3.980349426269531250e+02,
3.607830810546875000e+02,
3.535695800781250000e+02,
3.616005859375000000e+02,
3.453390502929687500e+02,
3.608476562500000000e+02,
3.365604553222656250e+02,
3.282520751953125000e+02,
3.381839294433593750e+02,
3.161610412597656250e+02,
3.154063415527343750e+02,
3.379701843261718750e+02,
3.216731567382812500e+02,
3.385905761718750000e+02,
3.268805847167968750e+02,
3.369289855957031250e+02,
3.496793823242187500e+02,
3.460332946777343750e+02,
3.408761901855468750e+02,
3.299557800292968750e+02,
3.462277526855468750e+02,
3.682395629882812500e+02,
3.676018371582031250e+02,
3.521569519042968750e+02,
3.915571289062500000e+02,
3.610544128417968750e+02,
3.691658630371093750e+02,
4.083770751953125000e+02,
3.979862976074218750e+02,
4.216284790039062500e+02,
4.499391784667968750e+02,
4.311431884765625000e+02,
4.394775390625000000e+02,
4.329790039062500000e+02,
4.165728454589843750e+02,
4.642358398437500000e+02,
4.611326904296875000e+02,
4.571460876464843750e+02,
4.302190551757812500e+02,
4.508115234375000000e+02,
4.405093078613281250e+02,
4.490011596679687500e+02,
4.542397766113281250e+02,
4.525248107910156250e+02,
4.957440490722656250e+02,
4.705218505859375000e+02,
4.584035644531250000e+02,
4.726229248046875000e+02,
4.491036071777343750e+02,
4.890339965820312500e+02,
5.052939147949218750e+02,
5.128642578125000000e+02,
4.736435852050781250e+02,
4.683852844238281250e+02,
4.758921508789062500e+02,
4.602694091796875000e+02,
4.265785522460937500e+02,
4.162902221679687500e+02,
4.295029907226562500e+02,
4.201795349121093750e+02,
4.521970214843750000e+02,
4.010387573242187500e+02,
4.414689941406250000e+02,
4.173500061035156250e+02,
4.170688781738281250e+02,
4.147604675292968750e+02,
4.249043884277343750e+02,
4.397622680664062500e+02,
4.351679992675781250e+02,
4.449090881347656250e+02,
4.340373535156250000e+02,
4.349316711425781250e+02,
4.469079895019531250e+02,
4.530720825195312500e+02,
4.714089355468750000e+02,
4.986277160644531250e+02,
4.960298461914062500e+02,
4.862882080078125000e+02,
4.977002868652343750e+02,
5.154685058593750000e+02,
5.029871520996093750e+02,
5.227671508789062500e+02,
5.004091186523437500e+02,
5.216425170898437500e+02,
4.931557922363281250e+02,
5.144916992187500000e+02,
4.989775390625000000e+02,
5.209306030273437500e+02,
5.141875610351562500e+02,
5.089040222167968750e+02,
4.931732788085937500e+02,
4.984154052734375000e+02,
4.864258117675781250e+02,
5.150797119140625000e+02,
5.104285583496093750e+02,
5.063263244628906250e+02,
5.011399230957031250e+02,
5.075412292480468750e+02,
5.456413574218750000e+02,
5.309890747070312500e+02,
5.548476562500000000e+02,
5.606777343750000000e+02,
5.737312011718750000e+02,
5.025059814453125000e+02,
5.138554687500000000e+02,
5.138350219726562500e+02,
4.967312927246093750e+02,
4.940195312500000000e+02,
5.506678466796875000e+02,
5.047897949218750000e+02,
5.013937072753906250e+02,
5.143296508789062500e+02,
5.570571899414062500e+02,
6.952004394531250000e+02,
8.119158935546875000e+02,
8.452562255859375000e+02,
8.788636474609375000e+02,
8.916917724609375000e+02,
9.106474609375000000e+02,
8.148974609375000000e+02,
7.668206176757812500e+02,
6.925817871093750000e+02,
6.341131591796875000e+02,
5.777769775390625000e+02,
5.411978759765625000e+02,
4.982500305175781250e+02,
5.018265991210937500e+02,
5.042021789550781250e+02,
5.380533447265625000e+02,
6.005593261718750000e+02,
5.512458496093750000e+02,
5.575039062500000000e+02,
5.397811279296875000e+02,
5.837831420898437500e+02,
5.926380615234375000e+02,
6.054977416992187500e+02,
6.213890991210937500e+02,
6.458635253906250000e+02,
6.140147705078125000e+02,
6.445291748046875000e+02,
6.269860839843750000e+02,
5.856654052734375000e+02,
5.982785644531250000e+02,
5.559199829101562500e+02,
5.537661132812500000e+02,
5.108190307617187500e+02,
4.877386169433593750e+02,
4.743741455078125000e+02,
5.004596252441406250e+02,
5.231042480468750000e+02,
5.260485229492187500e+02,
5.194124755859375000e+02,
5.139210815429687500e+02,
4.939574584960937500e+02,
4.864183044433593750e+02,
4.768471679687500000e+02,
4.688751220703125000e+02,
4.245996704101562500e+02,
4.210363159179687500e+02,
4.347293395996093750e+02,
4.264148254394531250e+02,
4.400008239746093750e+02,
4.294447326660156250e+02,
4.401465148925781250e+02,
4.322719421386718750e+02,
4.502996215820312500e+02,
4.617090759277343750e+02,
4.606590576171875000e+02,
4.526623840332031250e+02,
4.452186889648437500e+02,
4.480727844238281250e+02,
4.171640625000000000e+02,
4.300768127441406250e+02,
4.464539794921875000e+02,
4.205105590820312500e+02,
4.427612915039062500e+02,
4.375478515625000000e+02,
4.610860290527343750e+02,
4.213970947265625000e+02,
4.433933105468750000e+02,
4.464049682617187500e+02,
4.820702514648437500e+02,
4.587788085937500000e+02,
4.457228393554687500e+02,
4.442750244140625000e+02,
4.179380493164062500e+02,
4.103007507324218750e+02,
4.054882202148437500e+02,
3.863938293457031250e+02,
3.673313598632812500e+02,
3.957810974121093750e+02,
4.138119201660156250e+02,
4.042984313964843750e+02,
4.043770751953125000e+02,
4.429996032714843750e+02,
4.415067443847656250e+02,
4.236706542968750000e+02,
4.223883666992187500e+02,
4.333098754882812500e+02,
4.386705932617187500e+02,
4.693711242675781250e+02,
4.872595825195312500e+02,
4.906351318359375000e+02,
4.856728515625000000e+02,
4.686199035644531250e+02,
4.635596618652343750e+02,
4.676320190429687500e+02,
4.743175659179687500e+02,
4.556920166015625000e+02,
4.729872131347656250e+02,
4.434499206542968750e+02,
4.640872802734375000e+02,
4.890150756835937500e+02,
4.952149047851562500e+02,
4.941252746582031250e+02,
4.991706542968750000e+02,
5.004629821777343750e+02,
5.463526611328125000e+02,
5.547778930664062500e+02,
5.764628906250000000e+02,
5.843348388671875000e+02,
5.931520385742187500e+02,
5.914040527343750000e+02,
5.852429809570312500e+02,
5.881766357421875000e+02,
5.604259033203125000e+02,
5.903766479492187500e+02,
5.937391357421875000e+02,
6.168040161132812500e+02,
5.781078491210937500e+02,
5.798783569335937500e+02,
5.809016723632812500e+02,
5.620453491210937500e+02,
5.640700073242187500e+02,
5.487756347656250000e+02,
5.403367919921875000e+02,
5.402907714843750000e+02,
5.274002685546875000e+02,
5.741146240234375000e+02,
5.564644775390625000e+02,
5.500130004882812500e+02,
5.387048950195312500e+02,
5.501988525390625000e+02,
5.522037963867187500e+02,
5.450458984375000000e+02,
5.346922607421875000e+02,
5.353586425781250000e+02,
5.340130004882812500e+02,
5.437415771484375000e+02,
5.431604614257812500e+02,
4.983254699707031250e+02,
4.972754516601562500e+02,
4.463567810058593750e+02,
4.947498168945312500e+02,
4.440090026855468750e+02,
4.714944763183593750e+02,
4.815733337402343750e+02,
5.038229064941406250e+02,
4.978939208984375000e+02,
5.638185424804687500e+02,
5.380191650390625000e+02,
5.372384643554687500e+02,
5.335768432617187500e+02,
5.367390136718750000e+02,
5.241962890625000000e+02,
5.624609985351562500e+02,
5.312592773437500000e+02,
5.045193786621093750e+02,
4.898516235351562500e+02,
4.499163818359375000e+02,
4.949976501464843750e+02,
4.398120117187500000e+02,
4.516037902832031250e+02,
4.326696166992187500e+02,
4.490234375000000000e+02,
4.642338562011718750e+02,
4.339686889648437500e+02,
4.865504150390625000e+02,
4.752634887695312500e+02,
4.538139038085937500e+02,
4.436531372070312500e+02,
4.689124145507812500e+02,
5.209968261718750000e+02,
4.490871276855468750e+02,
4.475652770996093750e+02,
4.538421630859375000e+02,
4.207434387207031250e+02,
4.278103332519531250e+02,
4.395330505371093750e+02,
4.357342224121093750e+02,
4.269394226074218750e+02,
4.123726501464843750e+02,
4.247207946777343750e+02,
4.164489135742187500e+02,
4.435537719726562500e+02,
4.593674621582031250e+02,
4.804317932128906250e+02,
5.135971679687500000e+02,
4.953001403808593750e+02,
4.759827575683593750e+02,
4.936502990722656250e+02,
4.804347229003906250e+02,
5.093261108398437500e+02,
4.652174682617187500e+02,
4.651419067382812500e+02,
4.529055786132812500e+02,
4.308858032226562500e+02,
4.452735900878906250e+02,
4.621530456542968750e+02,
4.373861999511718750e+02,
4.038798217773437500e+02,
4.052276000976562500e+02,
3.898555908203125000e+02,
3.935036621093750000e+02,
3.751681518554687500e+02,
3.889400024414062500e+02,
4.304327392578125000e+02,
4.419505004882812500e+02,
4.502289428710937500e+02,
4.339685668945312500e+02,
4.348669433593750000e+02,
4.078678283691406250e+02,
4.250442504882812500e+02,
4.428665466308593750e+02,
3.766411132812500000e+02,
3.719933776855468750e+02,
3.659623413085937500e+02,
3.570759277343750000e+02,
3.324989318847656250e+02,
4.007865295410156250e+02,
3.525274963378906250e+02,
3.194604187011718750e+02,
3.624905700683593750e+02,
3.448184814453125000e+02,
3.217687988281250000e+02,
3.544249267578125000e+02,
3.291039428710937500e+02,
3.578989257812500000e+02,
3.469844665527343750e+02,
3.704090881347656250e+02,
3.659120178222656250e+02,
4.050695800781250000e+02,
3.844358825683593750e+02,
3.913110656738281250e+02,
3.799726867675781250e+02,
4.326102294921875000e+02,
4.170784606933593750e+02,
4.276721191406250000e+02,
4.341690063476562500e+02,
4.140309753417968750e+02,
4.374872436523437500e+02,
3.669247131347656250e+02,
3.699063110351562500e+02,
3.588234558105468750e+02,
3.580104675292968750e+02,
3.485233764648437500e+02,
3.068246154785156250e+02,
3.425973510742187500e+02,
3.144570007324218750e+02,
3.034892578125000000e+02,
3.197054443359375000e+02,
3.617646789550781250e+02,
3.898096923828125000e+02,
3.189305419921875000e+02,
3.521408081054687500e+02,
3.605014343261718750e+02,
3.523953247070312500e+02,
3.484013671875000000e+02,
3.618543701171875000e+02,
3.401603698730468750e+02,
3.616736755371093750e+02,
3.672063903808593750e+02,
3.964737548828125000e+02,
3.930691223144531250e+02,
3.797233276367187500e+02,
4.003775939941406250e+02,
4.122958984375000000e+02,
4.175297241210937500e+02,
4.019404602050781250e+02,
3.881889953613281250e+02,
4.666697082519531250e+02,
3.914031677246093750e+02,
3.880507507324218750e+02,
3.837046813964843750e+02,
3.972571411132812500e+02,
4.270745239257812500e+02,
3.665674133300781250e+02,
3.774542846679687500e+02,
3.603062133789062500e+02,
3.835035095214843750e+02,
3.682086791992187500e+02,
3.748469238281250000e+02,
4.223515930175781250e+02,
4.368844909667968750e+02,
4.331772766113281250e+02,
4.526409912109375000e+02,
4.802313537597656250e+02,
4.628323669433593750e+02,
4.766107177734375000e+02,
4.932436218261718750e+02,
4.786354370117187500e+02,
4.864089660644531250e+02,
4.987159423828125000e+02,
5.330227050781250000e+02,
5.133074340820312500e+02,
4.954862060546875000e+02,
4.970071411132812500e+02,
4.690044860839843750e+02,
4.947787780761718750e+02,
4.881738891601562500e+02,
5.001372985839843750e+02,
4.777485046386718750e+02,
4.677908020019531250e+02,
4.844564208984375000e+02,
5.164886474609375000e+02,
4.327437744140625000e+02,
4.449892578125000000e+02,
4.594384460449218750e+02,
5.111324768066406250e+02,
4.949062500000000000e+02,
5.099925231933593750e+02,
4.966988830566406250e+02,
5.404528198242187500e+02,
4.813904418945312500e+02,
4.915976562500000000e+02,
4.720713806152343750e+02,
5.065513610839843750e+02,
4.675326232910156250e+02,
5.033861389160156250e+02,
5.059286193847656250e+02,
5.260586547851562500e+02,
4.950324401855468750e+02,
5.058778381347656250e+02,
5.079696044921875000e+02,
5.053654479980468750e+02,
5.258095703125000000e+02,
5.327933349609375000e+02,
5.368385620117187500e+02,
5.485240478515625000e+02,
5.501549682617187500e+02,
5.857771606445312500e+02,
6.498939819335937500e+02,
6.765794677734375000e+02,
7.273102416992187500e+02,
7.885868530273437500e+02,
7.733646850585937500e+02,
7.827451782226562500e+02,
7.950767211914062500e+02,
8.051981201171875000e+02,
8.473357543945312500e+02,
7.996469726562500000e+02,
7.789243164062500000e+02,
7.821173706054687500e+02,
7.863437500000000000e+02,
8.645959472656250000e+02,
9.377630004882812500e+02,
9.566655273437500000e+02,
1.015089355468750000e+03,
1.115627075195312500e+03,
1.100763671875000000e+03,
1.121750732421875000e+03,
1.108776367187500000e+03,
1.107281250000000000e+03,
1.115842407226562500e+03,
1.103133666992187500e+03,
1.173679199218750000e+03,
1.260134277343750000e+03,
5.545031738281250000e+02,
5.694991455078125000e+02,
5.502958984375000000e+02,
5.756119384765625000e+02,
5.726163940429687500e+02,
5.853321533203125000e+02,
6.136741333007812500e+02,
5.675025634765625000e+02,
5.937869262695312500e+02,
6.914918212890625000e+02,
6.883424072265625000e+02,
6.816689453125000000e+02,
6.265810546875000000e+02,
5.675818481445312500e+02,
5.245479736328125000e+02,
4.892575073242187500e+02,
4.335674133300781250e+02,
4.284881896972656250e+02,
4.099043884277343750e+02,
3.927492370605468750e+02,
3.892595825195312500e+02,
3.983206787109375000e+02,
3.942378540039062500e+02,
3.943941650390625000e+02,
4.042920837402343750e+02,
4.486867370605468750e+02,
4.686216430664062500e+02,
4.722229919433593750e+02,
4.794533691406250000e+02,
4.750841369628906250e+02,
4.728332824707031250e+02,
4.382967529296875000e+02,
4.343314208984375000e+02,
4.481787109375000000e+02,
4.404656372070312500e+02,
4.116146545410156250e+02,
3.878108215332031250e+02,
4.205933532714843750e+02,
3.389395141601562500e+02,
3.385507202148437500e+02,
2.804889526367187500e+02,
3.629848632812500000e+02,
3.391076049804687500e+02,
3.820385437011718750e+02,
3.626947326660156250e+02,
3.646810607910156250e+02,
3.524011230468750000e+02,
3.419236145019531250e+02,
2.935615539550781250e+02,
3.003146057128906250e+02,
2.821053466796875000e+02,
3.089251098632812500e+02,
3.480265808105468750e+02,
2.922390747070312500e+02,
2.980591125488281250e+02,
2.652803649902343750e+02,
3.046517639160156250e+02,
2.815478210449218750e+02,
2.647273559570312500e+02,
2.871507873535156250e+02,
2.985551452636718750e+02,
2.811177673339843750e+02,
2.875692138671875000e+02,
2.842410278320312500e+02,
2.725054321289062500e+02,
2.757459411621093750e+02,
3.102411499023437500e+02,
2.734698181152343750e+02,
2.950689697265625000e+02,
3.084020080566406250e+02,
3.080470581054687500e+02,
2.676528930664062500e+02,
2.465833435058593750e+02,
2.241990051269531250e+02,
2.139489440917968750e+02,
2.771293640136718750e+02,
2.299544219970703125e+02,
2.376404724121093750e+02,
2.181734924316406250e+02,
2.347492980957031250e+02,
2.217931365966796875e+02,
2.325114593505859375e+02,
1.820795745849609375e+02,
1.711571502685546875e+02,
1.814716186523437500e+02,
1.715831451416015625e+02,
2.008243560791015625e+02,
2.033345336914062500e+02,
1.831201019287109375e+02,
1.809433898925781250e+02,
1.715965118408203125e+02,
1.829454040527343750e+02,
1.650350036621093750e+02,
2.000185241699218750e+02,
2.128659820556640625e+02,
6.681199340820312500e+02,
1.748610473632812500e+03,
2.033315063476562500e+03,
1.757513793945312500e+03,
1.429237548828125000e+03,
1.351465454101562500e+03,
6.463757934570312500e+02,
3.693370056152343750e+02,
3.824314270019531250e+02,
3.847424316406250000e+02,
3.946125488281250000e+02,
3.977686462402343750e+02,
3.917433776855468750e+02,
3.996909179687500000e+02,
4.208962097167968750e+02,
4.507497558593750000e+02,
4.709934997558593750e+02,
4.613531188964843750e+02,
4.588231201171875000e+02,
4.184467773437500000e+02,
3.858235168457031250e+02,
4.122967224121093750e+02,
3.815961608886718750e+02,
4.259124145507812500e+02,
4.408345947265625000e+02,
4.375502624511718750e+02,
4.300895385742187500e+02,
4.778948364257812500e+02,
4.164716796875000000e+02,
4.241523742675781250e+02,
4.163422851562500000e+02,
4.252019653320312500e+02,
4.364944458007812500e+02,
4.623675537109375000e+02,
4.620276184082031250e+02,
4.632175292968750000e+02,
4.527670898437500000e+02,
4.485281066894531250e+02,
4.421797180175781250e+02,
4.189479980468750000e+02,
4.156384887695312500e+02,
3.985158386230468750e+02,
3.969900207519531250e+02,
3.900519104003906250e+02,
3.781316528320312500e+02,
3.772944641113281250e+02,
3.480008850097656250e+02,
3.639412231445312500e+02,
3.834213867187500000e+02,
3.736254577636718750e+02,
3.982764892578125000e+02,
4.202730712890625000e+02,
3.995384216308593750e+02,
4.194244079589843750e+02,
4.443808593750000000e+02,
4.943970947265625000e+02,
5.180500488281250000e+02,
5.185438232421875000e+02,
5.100429382324218750e+02,
5.509514770507812500e+02,
5.300434570312500000e+02,
5.594716186523437500e+02,
5.379586791992187500e+02,
5.601823730468750000e+02,
5.581920166015625000e+02,
5.481973266601562500e+02,
5.302034301757812500e+02,
5.536420898437500000e+02,
5.079393005371093750e+02,
4.672075500488281250e+02,
4.572032165527343750e+02,
4.493185424804687500e+02,
4.278633117675781250e+02,
4.854876403808593750e+02,
4.575906677246093750e+02,
4.826531982421875000e+02,
5.312961425781250000e+02,
5.111522827148437500e+02,
5.889039306640625000e+02,
5.677261962890625000e+02,
5.848309326171875000e+02,
5.631898193359375000e+02,
5.520697631835937500e+02,
5.737338867187500000e+02,
6.054345703125000000e+02,
5.671949462890625000e+02,
5.761033935546875000e+02,
5.614288330078125000e+02,
5.683044433593750000e+02,
6.140317382812500000e+02,
5.957741699218750000e+02,
5.821461181640625000e+02,
5.540273437500000000e+02,
5.345010375976562500e+02,
5.305329589843750000e+02,
6.667255859375000000e+02,
7.789270019531250000e+02,
8.752788085937500000e+02,
9.264382934570312500e+02,
9.453703613281250000e+02,
8.573594360351562500e+02,
7.069916381835937500e+02,
6.379177246093750000e+02,
5.883602905273437500e+02,
5.857072143554687500e+02,
5.947136840820312500e+02,
6.134453125000000000e+02,
6.039202270507812500e+02,
6.189862670898437500e+02,
6.928604125976562500e+02,
6.645430908203125000e+02,
5.979035034179687500e+02,
5.706088256835937500e+02,
5.425302734375000000e+02,
5.458834838867187500e+02,
5.131449584960937500e+02,
5.219887695312500000e+02,
5.587241210937500000e+02,
4.868385620117187500e+02,
4.497445068359375000e+02,
4.401683349609375000e+02,
4.617709960937500000e+02,
4.830483703613281250e+02,
4.687430419921875000e+02,
4.550752868652343750e+02,
4.642591247558593750e+02,
4.548269958496093750e+02,
4.873361816406250000e+02,
4.815881347656250000e+02,
4.727908020019531250e+02,
4.903447875976562500e+02,
4.292884521484375000e+02,
4.577444458007812500e+02,
4.275316467285156250e+02,
3.860263671875000000e+02,
3.859429931640625000e+02,
4.016729431152343750e+02,
4.357811584472656250e+02,
4.604538574218750000e+02,
4.769165344238281250e+02,
5.018631286621093750e+02,
4.941008911132812500e+02,
5.024427795410156250e+02,
4.899569396972656250e+02,
4.766648559570312500e+02,
4.736152038574218750e+02,
5.054200439453125000e+02,
5.320419921875000000e+02,
5.637091674804687500e+02,
6.003825683593750000e+02,
6.312677001953125000e+02,
6.308473510742187500e+02,
6.283704833984375000e+02,
6.442012329101562500e+02,
6.608262329101562500e+02,
6.606773071289062500e+02,
5.996973876953125000e+02,
5.745820312500000000e+02,
5.946250000000000000e+02,
6.051704101562500000e+02,
6.081118774414062500e+02,
5.817791748046875000e+02,
5.923005981445312500e+02,
5.800556640625000000e+02,
5.537231445312500000e+02,
5.108520812988281250e+02,
5.008047180175781250e+02,
4.812191772460937500e+02,
5.074745788574218750e+02,
5.376513671875000000e+02,
5.688721923828125000e+02,
5.722465209960937500e+02,
5.804938964843750000e+02,
5.302567749023437500e+02,
5.084925537109375000e+02,
4.689465942382812500e+02,
4.724026794433593750e+02,
4.676585998535156250e+02,
5.041393127441406250e+02,
4.768571166992187500e+02,
4.963058166503906250e+02,
4.751052551269531250e+02,
4.809288024902343750e+02,
4.608885803222656250e+02,
4.572028808593750000e+02,
4.499463806152343750e+02,
4.765525512695312500e+02,
5.183214721679687500e+02,
4.954272460937500000e+02,
5.243187866210937500e+02,
5.221403198242187500e+02,
5.042731628417968750e+02,
4.837644958496093750e+02,
4.902266845703125000e+02,
4.479639282226562500e+02,
4.105363769531250000e+02,
4.141796875000000000e+02,
4.016295166015625000e+02,
4.271186523437500000e+02,
4.675212707519531250e+02,
4.371530151367187500e+02,
4.228737487792968750e+02,
3.907200927734375000e+02,
3.790563354492187500e+02,
3.662779541015625000e+02,
3.635671081542968750e+02,
3.475693359375000000e+02,
3.642394104003906250e+02,
3.553223571777343750e+02,
3.676126708984375000e+02,
3.826107482910156250e+02,
4.262470703125000000e+02,
4.054390258789062500e+02,
4.030346374511718750e+02,
4.025406188964843750e+02,
4.084343872070312500e+02,
3.871688842773437500e+02,
3.812025756835937500e+02,
3.686079406738281250e+02,
3.734257507324218750e+02,
3.484378662109375000e+02,
3.537863769531250000e+02,
3.935516967773437500e+02,
3.577016601562500000e+02,
3.585183105468750000e+02,
4.190726318359375000e+02,
3.990541992187500000e+02,
4.292101745605468750e+02,
4.328555603027343750e+02,
4.711431579589843750e+02,
4.217792663574218750e+02,
3.942689514160156250e+02,
4.326673583984375000e+02,
4.013596191406250000e+02,
4.146463928222656250e+02,
4.268961181640625000e+02,
4.634134521484375000e+02,
4.739092102050781250e+02,
4.965119323730468750e+02,
5.487361450195312500e+02,
5.259437255859375000e+02,
5.595433959960937500e+02,
5.213814086914062500e+02,
5.167378540039062500e+02,
5.430251464843750000e+02,
5.101861572265625000e+02,
5.062361755371093750e+02,
5.303995971679687500e+02,
5.155136718750000000e+02,
5.391489868164062500e+02,
5.352066650390625000e+02,
5.548024902343750000e+02,
5.303669433593750000e+02,
5.612596435546875000e+02,
5.719763183593750000e+02,
5.787901611328125000e+02,
5.653059692382812500e+02,
5.948953857421875000e+02,
6.108662719726562500e+02,
6.685453491210937500e+02,
7.753176269531250000e+02,
8.159292602539062500e+02,
8.194566040039062500e+02,
8.592028198242187500e+02,
8.525014648437500000e+02,
8.752964477539062500e+02,
8.966218261718750000e+02,
9.542064208984375000e+02,
1.073463134765625000e+03,
1.092672973632812500e+03,
1.090272827148437500e+03,
1.151087524414062500e+03,
1.261462280273437500e+03,
5.578530273437500000e+02,
6.090132446289062500e+02,
6.412708129882812500e+02,
6.671963500976562500e+02,
6.516766967773437500e+02,
6.875258789062500000e+02,
6.855896606445312500e+02,
6.745617675781250000e+02,
6.342138061523437500e+02,
5.626029663085937500e+02,
4.823539733886718750e+02,
4.309613342285156250e+02,
4.170144653320312500e+02,
4.129017944335937500e+02,
4.281581115722656250e+02,
4.437338867187500000e+02,
4.628345642089843750e+02,
4.954423828125000000e+02,
4.966062927246093750e+02,
4.811069335937500000e+02,
4.890112915039062500e+02,
4.776528625488281250e+02,
4.762402648925781250e+02,
4.408716735839843750e+02,
4.121084899902343750e+02,
3.615068664550781250e+02,
3.381547546386718750e+02,
3.454977722167968750e+02,
3.621067810058593750e+02,
3.765839843750000000e+02,
3.296061706542968750e+02,
3.755552368164062500e+02,
3.097835388183593750e+02,
3.115260620117187500e+02,
3.157273864746093750e+02,
2.861440734863281250e+02,
2.949572143554687500e+02,
3.363677368164062500e+02,
2.954047241210937500e+02,
2.843765563964843750e+02,
3.081582641601562500e+02,
3.059429321289062500e+02,
3.263718566894531250e+02,
2.980421447753906250e+02,
2.978396911621093750e+02,
2.851594848632812500e+02,
2.789902648925781250e+02,
2.604018859863281250e+02,
2.696466674804687500e+02,
2.412217559814453125e+02,
2.589156799316406250e+02,
2.532318420410156250e+02,
2.243586730957031250e+02,
2.285791320800781250e+02,
2.134418792724609375e+02,
1.963215637207031250e+02,
1.720882873535156250e+02,
1.822513427734375000e+02,
1.979904327392578125e+02,
2.039284362792968750e+02,
1.710970764160156250e+02,
3.206455993652343750e+02,
7.596110839843750000e+02,
1.685664794921875000e+03,
1.713394775390625000e+03,
1.431324707031250000e+03,
1.160087036132812500e+03,
9.795508422851562500e+02,
3.912554016113281250e+02,
4.070280151367187500e+02,
3.999298706054687500e+02,
4.340560302734375000e+02,
4.429151000976562500e+02,
4.997177124023437500e+02,
4.398161010742187500e+02,
4.645633239746093750e+02,
4.342921142578125000e+02,
4.186532287597656250e+02,
4.380583496093750000e+02,
4.316212463378906250e+02,
4.362001953125000000e+02,
4.606415100097656250e+02,
4.402898864746093750e+02,
4.509176330566406250e+02,
4.648395385742187500e+02,
4.714497070312500000e+02,
4.870719299316406250e+02,
5.167383422851562500e+02,
4.522453002929687500e+02,
4.278943786621093750e+02,
4.082764892578125000e+02,
4.036970520019531250e+02,
3.851715698242187500e+02,
3.959225463867187500e+02,
3.536725463867187500e+02,
3.865953369140625000e+02,
4.194624023437500000e+02,
4.642155456542968750e+02,
4.633231506347656250e+02,
4.855452575683593750e+02,
5.151395263671875000e+02,
5.592301635742187500e+02,
5.753173217773437500e+02,
5.647239379882812500e+02,
5.789304199218750000e+02,
5.937992553710937500e+02,
5.674884643554687500e+02,
5.698494262695312500e+02,
5.257933959960937500e+02,
5.001461791992187500e+02,
4.505199584960937500e+02,
4.445874938964843750e+02,
5.226965942382812500e+02,
5.539623413085937500e+02,
5.525053100585937500e+02,
5.799401855468750000e+02,
6.251268310546875000e+02,
5.887085571289062500e+02,
5.805900268554687500e+02,
6.178131103515625000e+02,
6.785427246093750000e+02,
5.894138793945312500e+02,
6.216438598632812500e+02,
6.421495971679687500e+02,
5.759503173828125000e+02,
6.075290527343750000e+02,
7.560139770507812500e+02,
8.440859985351562500e+02,
8.959839477539062500e+02,
8.842207031250000000e+02,
8.245418090820312500e+02,
6.931555786132812500e+02,
6.705101928710937500e+02,
6.255676879882812500e+02,
6.294491577148437500e+02,
7.013056640625000000e+02,
6.633239746093750000e+02,
6.336871948242187500e+02,
5.805256347656250000e+02,
5.689713745117187500e+02,
5.482938842773437500e+02,
5.132667236328125000e+02,
5.184902343750000000e+02,
4.938109130859375000e+02,
5.019121704101562500e+02,
4.834963073730468750e+02,
4.779657287597656250e+02,
4.906851806640625000e+02,
5.291169433593750000e+02,
4.517315673828125000e+02,
4.214383239746093750e+02,
4.323211059570312500e+02,
4.391870727539062500e+02,
4.075346069335937500e+02,
4.446423034667968750e+02,
4.675823059082031250e+02,
4.921150207519531250e+02,
5.218378295898437500e+02,
5.022847290039062500e+02,
5.233436889648437500e+02,
5.563939208984375000e+02,
5.683612060546875000e+02,
6.233897705078125000e+02,
6.679667358398437500e+02,
6.731766967773437500e+02,
6.754713134765625000e+02,
6.372933959960937500e+02,
6.873851928710937500e+02,
6.561246337890625000e+02,
6.298139648437500000e+02,
6.203804931640625000e+02,
5.989342041015625000e+02,
5.601496582031250000e+02,
5.198563232421875000e+02,
5.379406738281250000e+02,
5.701206665039062500e+02,
5.856285400390625000e+02,
5.814038696289062500e+02,
5.553674926757812500e+02,
5.243248901367187500e+02,
4.860409240722656250e+02,
5.013155212402343750e+02,
4.991110229492187500e+02,
4.795714111328125000e+02,
5.019248962402343750e+02,
5.021564331054687500e+02,
4.964563598632812500e+02,
5.168276367187500000e+02,
5.110954589843750000e+02,
5.164985351562500000e+02,
5.175616455078125000e+02,
5.091672668457031250e+02,
4.622438964843750000e+02,
4.542874755859375000e+02,
4.670809020996093750e+02,
4.576942749023437500e+02,
4.407343139648437500e+02,
4.586905822753906250e+02,
3.896268920898437500e+02,
4.110832824707031250e+02,
3.780978393554687500e+02,
3.898752136230468750e+02,
4.137348937988281250e+02,
4.117713928222656250e+02,
4.259239501953125000e+02,
4.246261596679687500e+02,
4.303190307617187500e+02,
3.919238891601562500e+02,
3.916947937011718750e+02,
3.698164062500000000e+02,
3.608349914550781250e+02,
3.863286743164062500e+02,
3.989866027832031250e+02,
4.231959838867187500e+02,
4.544184875488281250e+02,
4.491598205566406250e+02,
4.485673217773437500e+02,
4.441042480468750000e+02,
4.500881958007812500e+02,
4.663637695312500000e+02,
5.009707946777343750e+02,
5.151810913085937500e+02,
5.432849121093750000e+02,
5.753806152343750000e+02,
5.643171997070312500e+02,
5.596113891601562500e+02,
5.929255371093750000e+02,
5.535242919921875000e+02,
5.720760498046875000e+02,
5.635822143554687500e+02,
5.918970947265625000e+02,
6.010965576171875000e+02,
6.354273681640625000e+02,
6.313391113281250000e+02,
6.583248291015625000e+02,
7.513767089843750000e+02,
8.579481201171875000e+02,
9.074727783203125000e+02,
9.238361206054687500e+02,
9.418486938476562500e+02,
1.000623413085937500e+03,
1.058872192382812500e+03,
1.115516479492187500e+03,
1.216686645507812500e+03,
