8.299326782226562500e+02,
8.313328857421875000e+02,
9.096047973632812500e+02,
8.661635131835937500e+02,
8.391397094726562500e+02,
8.777539062500000000e+02,
8.782695922851562500e+02,
9.525526123046875000e+02,
9.109980468750000000e+02,
9.114666748046875000e+02,
9.490299072265625000e+02,
9.081289062500000000e+02,
9.035081787109375000e+02,
8.996912231445312500e+02,
8.744815673828125000e+02,
9.165810546875000000e+02,
9.665338745117187500e+02,
9.713140258789062500e+02,
9.877640991210937500e+02,
9.759602661132812500e+02,
9.928529052734375000e+02,
1.053873291015625000e+03,
1.019328430175781250e+03,
1.011770690917968750e+03,
9.943844604492187500e+02,
1.014683410644531250e+03,
9.823069458007812500e+02,
9.852802124023437500e+02,
1.002241943359375000e+03,
1.042649169921875000e+03,
1.069069335937500000e+03,
1.081807128906250000e+03,
1.125232543945312500e+03,
1.112800537109375000e+03,
1.104998779296875000e+03,
1.101935668945312500e+03,
1.092779541015625000e+03,
1.105664306640625000e+03,
1.101177734375000000e+03,
1.084679687500000000e+03,
1.059651123046875000e+03,
1.044553710937500000e+03,
9.909640502929687500e+02,
9.787624511718750000e+02,
9.729300537109375000e+02,
1.005793395996093750e+03,
1.017447021484375000e+03,
1.033539916992187500e+03,
1.055098632812500000e+03,
1.040402465820312500e+03,
9.760593261718750000e+02,
9.284650878906250000e+02,
9.147036132812500000e+02,
8.768555297851562500e+02,
8.928305053710937500e+02,
8.504508666992187500e+02,
8.220394897460937500e+02,
8.186982421875000000e+02,
8.113250732421875000e+02,
7.640184936523437500e+02,
7.610146484375000000e+02,
7.569273071289062500e+02,
7.943654174804687500e+02,
8.449797363281250000e+02,
8.775801391601562500e+02,
8.789430541992187500e+02,
8.840354614257812500e+02,
8.194778442382812500e+02,
8.521518554687500000e+02,
8.200876464843750000e+02,
8.012659912109375000e+02,
8.087579956054687500e+02,
8.154348754882812500e+02,
8.422600708007812500e+02,
8.234494628906250000e+02,
8.518880615234375000e+02,
8.755734252929687500e+02,
9.249509887695312500e+02,
9.660091552734375000e+02,
1.004918701171875000e+03,
1.033544921875000000e+03,
1.062821533203125000e+03,
1.112031127929687500e+03,
1.124748779296875000e+03,
1.173943603515625000e+03,
1.243255493164062500e+03,
1.354033081054687500e+03,
1.473792602539062500e+03,
1.513420043945312500e+03,
1.501212646484375000e+03,
1.477600952148437500e+03,
1.579097534179687500e+03,
1.759049926757812500e+03,
1.809702636718750000e+03,
1.771875366210937500e+03,
1.664947265625000000e+03,
1.564825683593750000e+03,
1.554367919921875000e+03,
1.623385620117187500e+03,
1.680792846679687500e+03,
1.699651245117187500e+03,
1.681321533203125000e+03,
1.700565795898437500e+03,
1.688410278320312500e+03,
1.714576904296875000e+03,
1.706698608398437500e+03,
1.652462646484375000e+03,
1.635539550781250000e+03,
1.629317260742187500e+03,
1.620728393554687500e+03,
1.642120971679687500e+03,
1.614970825195312500e+03,
1.634119262695312500e+03,
1.564148315429687500e+03,
1.581076904296875000e+03,
1.571879882812500000e+03,
1.693712402343750000e+03,
1.907130981445312500e+03,
8.967753295898437500e+02,
9.717839965820312500e+02,
9.930848999023437500e+02,
1.033827392578125000e+03,
9.639634399414062500e+02,
9.606786499023437500e+02,
1.009939575195312500e+03,
1.027628906250000000e+03,
1.091767211914062500e+03,
1.129334838867187500e+03,
1.131118652343750000e+03,
1.085096191406250000e+03,
1.098267333984375000e+03,
1.146365478515625000e+03,
1.156634521484375000e+03,
1.194191894531250000e+03,
1.223881835937500000e+03,
1.217774291992187500e+03,
1.182871704101562500e+03,
1.183510864257812500e+03,
1.148244628906250000e+03,
1.162486694335937500e+03,
1.163189697265625000e+03,
1.134098388671875000e+03,
1.067864013671875000e+03,
1.012218505859375000e+03,
9.227929077148437500e+02,
8.950951538085937500e+02,
8.922704467773437500e+02,
8.792915649414062500e+02,
9.082250366210937500e+02,
9.478189086914062500e+02,
9.140482788085937500e+02,
9.090083618164062500e+02,
8.903678588867187500e+02,
9.435343627929687500e+02,
9.761530761718750000e+02,
1.073171630859375000e+03,
1.126870849609375000e+03,
1.222586181640625000e+03,
1.353330322265625000e+03,
1.581553588867187500e+03,
1.735095336914062500e+03,
1.816618286132812500e+03,
1.886678344726562500e+03,
1.975407104492187500e+03,
2.056147460937500000e+03,
2.028577270507812500e+03,
1.962638183593750000e+03,
1.967478393554687500e+03,
2.035393188476562500e+03,
2.003467651367187500e+03,
1.854819458007812500e+03,
1.871732055664062500e+03,
1.901664794921875000e+03,
1.865496337890625000e+03,
1.923780517578125000e+03,
9.953937377929687500e+02,
1.014573242187500000e+03,
1.051141601562500000e+03,
1.123311035156250000e+03,
1.163826416015625000e+03,
1.219391601562500000e+03,
1.194206054687500000e+03,
1.197140625000000000e+03,
1.212397338867187500e+03,
1.244496948242187500e+03,
1.263781616210937500e+03,
1.281825927734375000e+03,
1.250185913085937500e+03,
1.277362426757812500e+03,
1.253233032226562500e+03,
1.185167724609375000e+03,
1.101718139648437500e+03,
9.753787841796875000e+02,
9.387842407226562500e+02,
9.672346801757812500e+02,
9.803993530273437500e+02,
9.980095825195312500e+02,
1.015829528808593750e+03,
1.119926513671875000e+03,
1.199647705078125000e+03,
1.355339843750000000e+03,
1.667462890625000000e+03,
1.905572753906250000e+03,
1.985443359375000000e+03,
2.084702880859375000e+03,
2.291973632812500000e+03,
2.335489013671875000e+03,
2.238799316406250000e+03,
2.208222656250000000e+03,
2.160001953125000000e+03,
2.065795654296875000e+03,
2.167726318359375000e+03,
