3.918104553222656250e+02,
4.496020202636718750e+02,
4.299866333007812500e+02,
4.574955139160156250e+02,
3.733257751464843750e+02,
4.121713562011718750e+02,
3.363204650878906250e+02,
2.910195617675781250e+02,
2.699899902343750000e+02,
2.908615417480468750e+02,
2.488264770507812500e+02,
2.663785400390625000e+02,
2.339174346923828125e+02,
2.524823608398437500e+02,
2.706036376953125000e+02,
2.971174316406250000e+02,
3.056798400878906250e+02,
3.148623046875000000e+02,
3.316175537109375000e+02,
3.539595947265625000e+02,
3.585604248046875000e+02,
3.461452636718750000e+02,
3.363228759765625000e+02,
3.593100280761718750e+02,
3.653143920898437500e+02,
3.678948974609375000e+02,
3.802203369140625000e+02,
4.029508056640625000e+02,
3.990091857910156250e+02,
3.920183105468750000e+02,
4.171702575683593750e+02,
3.958009948730468750e+02,
3.957521667480468750e+02,
4.009312133789062500e+02,
3.680083923339843750e+02,
3.524437561035156250e+02,
3.714910278320312500e+02,
3.318460083007812500e+02,
3.168472900390625000e+02,
3.377688598632812500e+02,
3.093057250976562500e+02,
3.027413024902343750e+02,
2.886491394042968750e+02,
3.046065063476562500e+02,
2.753119201660156250e+02,
2.457404327392578125e+02,
2.597513427734375000e+02,
2.781306457519531250e+02,
3.267345275878906250e+02,
4.060925598144531250e+02,
4.074423828125000000e+02,
4.873500671386718750e+02,
4.975480041503906250e+02,
5.541239624023437500e+02,
5.236296386718750000e+02,
5.362831420898437500e+02,
5.224140625000000000e+02,
4.908787231445312500e+02,
4.830131225585937500e+02,
4.944438781738281250e+02,
4.794550781250000000e+02,
5.157269897460937500e+02,
5.390705566406250000e+02,
5.328847656250000000e+02,
5.671040039062500000e+02,
5.887797241210937500e+02,
5.850935668945312500e+02,
5.623163452148437500e+02,
5.021302185058593750e+02,
4.387813415527343750e+02,
3.870278015136718750e+02,
3.779047851562500000e+02,
3.513354187011718750e+02,
3.164762878417968750e+02,
3.052673950195312500e+02,
3.208613281250000000e+02,
2.900507202148437500e+02,
3.016777648925781250e+02,
3.135054931640625000e+02,
3.196661376953125000e+02,
3.133891296386718750e+02,
3.408061523437500000e+02,
3.439125366210937500e+02,
3.498313293457031250e+02,
3.937059631347656250e+02,
3.975887451171875000e+02,
3.845393981933593750e+02,
3.821927490234375000e+02,
3.899952392578125000e+02,
3.771879272460937500e+02,
3.763539428710937500e+02,
3.892060852050781250e+02,
3.521509094238281250e+02,
3.469318237304687500e+02,
3.618216247558593750e+02,
3.496958618164062500e+02,
4.027244262695312500e+02,
3.900437927246093750e+02,
4.175649108886718750e+02,
4.240851440429687500e+02,
3.869516296386718750e+02,
4.234165039062500000e+02,
3.919468688964843750e+02,
3.464440917968750000e+02,
3.516987915039062500e+02,
3.595733642578125000e+02,
3.296453552246093750e+02,
3.039436645507812500e+02,
3.231224975585937500e+02,
2.853240356445312500e+02,
2.905493774414062500e+02,
2.755327758789062500e+02,
2.936479797363281250e+02,
2.668324584960937500e+02,
2.823837585449218750e+02,
2.968650207519531250e+02,
3.025749511718750000e+02,
3.199691162109375000e+02,
3.511779479980468750e+02,
3.270638732910156250e+02,
3.332153015136718750e+02,
3.156856994628906250e+02,
3.091209716796875000e+02,
3.081042480468750000e+02,
2.780549011230468750e+02,
2.955183410644531250e+02,
2.899997863769531250e+02,
3.085874938964843750e+02,
3.020659179687500000e+02,
3.212177429199218750e+02,
3.252145385742187500e+02,
3.252944030761718750e+02,
3.226577758789062500e+02,
3.016211547851562500e+02,
3.466737670898437500e+02,
3.397103576660156250e+02,
3.359436950683593750e+02,
3.304186096191406250e+02,
3.775919799804687500e+02,
3.035663146972656250e+02,
3.166384582519531250e+02,
2.927509460449218750e+02,
3.075312500000000000e+02,
2.969414367675781250e+02,
3.065018920898437500e+02,
3.129432678222656250e+02,
3.014297790527343750e+02,
3.047618713378906250e+02,
3.164266052246093750e+02,
3.169373779296875000e+02,
3.227051391601562500e+02,
3.209372558593750000e+02,
5.017092895507812500e+02,
9.068862915039062500e+02,
1.446137817382812500e+03,
1.909492553710937500e+03,
2.232246337890625000e+03,
2.536051513671875000e+03,
2.587610595703125000e+03,
2.653613769531250000e+03,
2.782387695312500000e+03,
2.956277832031250000e+03,
3.091187255859375000e+03,
3.132016601562500000e+03,
3.090656250000000000e+03,
2.907181640625000000e+03,
2.795239257812500000e+03,
2.880740234375000000e+03,
2.990342041015625000e+03,
2.820286376953125000e+03,
2.585257568359375000e+03,
2.217860595703125000e+03,
2.027500244140625000e+03,
1.915858886718750000e+03,
1.941197753906250000e+03,
1.925604492187500000e+03,
2.026062744140625000e+03,
2.014922119140625000e+03,
1.959961791992187500e+03,
1.809327514648437500e+03,
1.657407714843750000e+03,
1.550645751953125000e+03,
1.452171752929687500e+03,
1.355166625976562500e+03,
1.259045166015625000e+03,
1.320159301757812500e+03,
1.327642089843750000e+03,
1.291037719726562500e+03,
1.300698608398437500e+03,
1.324663940429687500e+03,
1.321724853515625000e+03,
1.310297241210937500e+03,
1.241397827148437500e+03,
1.163778930664062500e+03,
1.164250488281250000e+03,
1.021056823730468750e+03,
9.465736083984375000e+02,
9.556896972656250000e+02,
1.008840698242187500e+03,
1.026472167968750000e+03,
1.102979980468750000e+03,
1.025006347656250000e+03,
1.001775390625000000e+03,
1.019222473144531250e+03,
1.028438110351562500e+03,
9.849116821289062500e+02,
1.025679077148437500e+03,
1.013365539550781250e+03,
9.766796875000000000e+02,
9.136592407226562500e+02,
9.000738525390625000e+02,
8.794980468750000000e+02,
8.693454589843750000e+02,
8.781193847656250000e+02,
9.259490356445312500e+02,
8.703212890625000000e+02,
8.608508911132812500e+02,
9.227686767578125000e+02,
9.890515747070312500e+02,
1.108326660156250000e+03,
1.269287109375000000e+03,
1.278686035156250000e+03,
1.335176025390625000e+03,
1.270437744140625000e+03,
1.279747924804687500e+03,
1.228930541992187500e+03,
1.249234375000000000e+03,
1.323102050781250000e+03,
1.365700805664062500e+03,
1.317576660156250000e+03,
1.266429687500000000e+03,
1.273231567382812500e+03,
1.228011108398437500e+03,
1.203624389648437500e+03,
1.156950317382812500e+03,
1.178740478515625000e+03,
1.109350097656250000e+03,
1.131900512695312500e+03,
1.119106079101562500e+03,
1.048736083984375000e+03,
1.010816711425781250e+03,
1.030307373046875000e+03,
1.054701416015625000e+03,
1.024693969726562500e+03,
1.033264038085937500e+03,
1.008659301757812500e+03,
9.942558593750000000e+02,
9.810944824218750000e+02,
9.844024658203125000e+02,
9.709627685546875000e+02,
9.179378051757812500e+02,
9.275534057617187500e+02,
9.176311035156250000e+02,
9.285822143554687500e+02,
9.363137817382812500e+02,
9.076837158203125000e+02,
9.738834838867187500e+02,
8.986487426757812500e+02,
9.239033203125000000e+02,
9.172110595703125000e+02,
9.193353271484375000e+02,
9.515540161132812500e+02,
9.135711669921875000e+02,
9.031464233398437500e+02,
8.645088500976562500e+02,
9.456931152343750000e+02,
9.072161865234375000e+02,
8.848187866210937500e+02,
8.269202880859375000e+02,
7.991961669921875000e+02,
7.789971923828125000e+02,
7.766947021484375000e+02,
7.898873901367187500e+02,
8.175976562500000000e+02,
7.737530517578125000e+02,
7.280953979492187500e+02,
7.325773925781250000e+02,
7.242393798828125000e+02,
7.699128417968750000e+02,
7.422002563476562500e+02,
7.184577636718750000e+02,
6.947993774414062500e+02,
7.414188232421875000e+02,
7.195787353515625000e+02,
7.359598388671875000e+02,
7.207090454101562500e+02,
7.596480712890625000e+02,
7.151386108398437500e+02,
7.221921386718750000e+02,
7.413548583984375000e+02,
7.369366455078125000e+02,
7.459760131835937500e+02,
6.933789672851562500e+02,
6.664762573242187500e+02,
6.301323242187500000e+02,
5.778701171875000000e+02,
5.694306030273437500e+02,
5.079565124511718750e+02,
5.001977844238281250e+02,
4.746769104003906250e+02,
4.585356750488281250e+02,
4.983101196289062500e+02,
4.674428405761718750e+02,
4.718888244628906250e+02,
4.952150573730468750e+02,
5.258978881835937500e+02,
4.631644897460937500e+02,
4.205133972167968750e+02,
4.530952453613281250e+02,
4.031957397460937500e+02,
3.893878784179687500e+02,
4.084646606445312500e+02,
3.615639953613281250e+02,
3.800783386230468750e+02,
3.702517395019531250e+02,
3.478983764648437500e+02,
3.566683654785156250e+02,
3.538574218750000000e+02,
3.640682983398437500e+02,
3.432205810546875000e+02,
4.112940063476562500e+02,
4.120243225097656250e+02,
4.056701660156250000e+02,
3.878323059082031250e+02,
4.094601135253906250e+02,
3.916491088867187500e+02,
3.712288208007812500e+02,
3.969557189941406250e+02,
3.731454162597656250e+02,
3.404315490722656250e+02,
3.420505981445312500e+02,
3.316547241210937500e+02,
3.317227783203125000e+02,
3.228656921386718750e+02,
3.224905395507812500e+02,
3.341259460449218750e+02,
3.261158142089843750e+02,
3.377693786621093750e+02,
3.221160888671875000e+02,
3.364571838378906250e+02,
3.141148071289062500e+02,
3.083136596679687500e+02,
3.115589294433593750e+02,
2.800517272949218750e+02,
2.975908203125000000e+02,
2.986525573730468750e+02,
3.218444519042968750e+02,
3.432126464843750000e+02,
3.665752563476562500e+02,
3.659545898437500000e+02,
3.585751037597656250e+02,
3.961019287109375000e+02,
3.719120788574218750e+02,
3.404941406250000000e+02,
3.447343750000000000e+02,
3.393692321777343750e+02,
3.548419494628906250e+02,
3.800956420898437500e+02,
4.199485168457031250e+02,
4.285789489746093750e+02,
4.508578186035156250e+02,
4.477709960937500000e+02,
4.548898315429687500e+02,
4.361893310546875000e+02,
4.365101623535156250e+02,
3.924239501953125000e+02,
3.740939636230468750e+02,
3.983437500000000000e+02,
3.593590087890625000e+02,
3.549709167480468750e+02,
3.639627685546875000e+02,
4.283200073242187500e+02,
4.038966064453125000e+02,
4.223849182128906250e+02,
4.421620178222656250e+02,
4.355471191406250000e+02,
4.549762878417968750e+02,
4.362264099121093750e+02,
4.047464599609375000e+02,
3.933441162109375000e+02,
3.829448547363281250e+02,
3.619306945800781250e+02,
3.840230102539062500e+02,
3.592097167968750000e+02,
3.363182373046875000e+02,
3.388701477050781250e+02,
3.590028381347656250e+02,
3.369078063964843750e+02,
3.895275268554687500e+02,
3.622467651367187500e+02,
4.035700378417968750e+02,
3.720897827148437500e+02,
4.003753662109375000e+02,
3.549305725097656250e+02,
3.709042968750000000e+02,
3.894727478027343750e+02,
4.002243347167968750e+02,
3.853846435546875000e+02,
3.776301269531250000e+02,
3.679226074218750000e+02,
3.785001831054687500e+02,
3.247124633789062500e+02,
3.199659423828125000e+02,
3.101531066894531250e+02,
3.098530273437500000e+02,
3.014202270507812500e+02,
2.934974670410156250e+02,
2.877161560058593750e+02,
3.149528503417968750e+02,
3.412519836425781250e+02,
3.148244628906250000e+02,
3.100595703125000000e+02,
2.842964172363281250e+02,
2.657364501953125000e+02,
2.741996154785156250e+02,
2.840754089355468750e+02,
2.752062988281250000e+02,
2.672454223632812500e+02,
2.672006530761718750e+02,
2.620002746582031250e+02,
2.786870422363281250e+02,
2.582739257812500000e+02,
2.532319641113281250e+02,
2.377829132080078125e+02,
2.429940032958984375e+02,
2.352597656250000000e+02,
2.425525360107421875e+02,
2.234253540039062500e+02,
1.998530273437500000e+02,
1.957496643066406250e+02,
2.442390899658203125e+02,
2.309617767333984375e+02,
2.351637268066406250e+02,
2.299977264404296875e+02,
2.440026397705078125e+02,
2.795778808593750000e+02,
2.991165161132812500e+02,
2.588135681152343750e+02,
2.865935363769531250e+02,
2.551652984619140625e+02,
2.787767333984375000e+02,
2.768006896972656250e+02,
2.968267211914062500e+02,
3.096049804687500000e+02,
3.308677978515625000e+02,
3.482359313964843750e+02,
3.536400451660156250e+02,
3.687967529296875000e+02,
3.793692016601562500e+02,
4.100632019042968750e+02,
3.438569641113281250e+02,
3.262615051269531250e+02,
3.352131652832031250e+02,
3.375805053710937500e+02,
3.484816894531250000e+02,
3.657145690917968750e+02,
3.872269897460937500e+02,
3.744608154296875000e+02,
3.977283325195312500e+02,
4.417435607910156250e+02,
4.240807800292968750e+02,
4.163585205078125000e+02,
4.319229431152343750e+02,
4.683793640136718750e+02,
5.113815917968750000e+02,
4.955864868164062500e+02,
5.132546386718750000e+02,
5.166067504882812500e+02,
5.244456787109375000e+02,
5.244172363281250000e+02,
4.643485107421875000e+02,
4.456574096679687500e+02,
4.486796569824218750e+02,
4.679263000488281250e+02,
4.699474487304687500e+02,
4.681690063476562500e+02,
5.076556091308593750e+02,
4.998322448730468750e+02,
4.839236145019531250e+02,
4.957773742675781250e+02,
4.806842651367187500e+02,
4.550969848632812500e+02,
4.247198181152343750e+02,
4.526899719238281250e+02,
4.542471923828125000e+02,
4.766361083984375000e+02,
5.003003234863281250e+02,
5.474793090820312500e+02,
5.419855346679687500e+02,
5.758652343750000000e+02,
5.746777954101562500e+02,
5.471681518554687500e+02,
5.383872070312500000e+02,
4.973616943359375000e+02,
5.072281494140625000e+02,
4.940588378906250000e+02,
4.819989624023437500e+02,
4.717833862304687500e+02,
4.860985412597656250e+02,
4.679439697265625000e+02,
4.263548889160156250e+02,
4.272277526855468750e+02,
4.072450256347656250e+02,
3.821436767578125000e+02,
3.710271301269531250e+02,
3.835549011230468750e+02,
3.682215576171875000e+02,
3.478520202636718750e+02,
3.743679504394531250e+02,
3.619529418945312500e+02,
3.458655395507812500e+02,
3.429715881347656250e+02,
3.430256347656250000e+02,
3.471271972656250000e+02,
3.429197998046875000e+02,
3.932891235351562500e+02,
3.935492858886718750e+02,
3.771575622558593750e+02,
3.939408264160156250e+02,
3.903128662109375000e+02,
3.994671325683593750e+02,
4.052415466308593750e+02,
3.820614929199218750e+02,
3.615669250488281250e+02,
3.448338623046875000e+02,
3.410668334960937500e+02,
3.345800476074218750e+02,
3.508557128906250000e+02,
3.465063476562500000e+02,
3.480228271484375000e+02,
3.206093139648437500e+02,
3.053761291503906250e+02,
3.357624206542968750e+02,
3.085254516601562500e+02,
3.003963317871093750e+02,
3.338516845703125000e+02,
3.176506042480468750e+02,
3.194593505859375000e+02,
3.391472167968750000e+02,
3.618652954101562500e+02,
3.697168579101562500e+02,
3.478843078613281250e+02,
3.652884826660156250e+02,
3.964081726074218750e+02,
4.137492675781250000e+02,
4.019349365234375000e+02,
4.335483703613281250e+02,
4.467857971191406250e+02,
3.838688659667968750e+02,
3.631575622558593750e+02,
3.314183044433593750e+02,
2.970712585449218750e+02,
3.362589111328125000e+02,
2.977751770019531250e+02,
3.087817382812500000e+02,
2.990736083984375000e+02,
3.323013000488281250e+02,
3.104278564453125000e+02,
2.889871520996093750e+02,
2.985205383300781250e+02,
3.144807739257812500e+02,
3.387921142578125000e+02,
3.226323242187500000e+02,
3.523678588867187500e+02,
3.409046630859375000e+02,
3.305116882324218750e+02,
3.263625183105468750e+02,
3.031436157226562500e+02,
3.343251342773437500e+02,
2.988989257812500000e+02,
2.776680297851562500e+02,
2.957368774414062500e+02,
2.810821533203125000e+02,
2.755743408203125000e+02,
2.544624328613281250e+02,
2.564095153808593750e+02,
2.489288482666015625e+02,
2.735807189941406250e+02,
2.249796600341796875e+02,
2.155863494873046875e+02,
2.067558898925781250e+02,
2.098199005126953125e+02,
2.183534088134765625e+02,
2.501190490722656250e+02,
2.461988983154296875e+02,
2.093959350585937500e+02,
2.246925354003906250e+02,
2.028173217773437500e+02,
2.037166595458984375e+02,
1.980457763671875000e+02,
2.207978363037109375e+02,
1.859790039062500000e+02,
1.820828094482421875e+02,
1.980787353515625000e+02,
1.681853332519531250e+02,
1.851565399169921875e+02,
1.625789642333984375e+02,
1.588132476806640625e+02,
1.638642578125000000e+02,
1.667367401123046875e+02,
1.673838806152343750e+02,
1.503132019042968750e+02,
1.912953491210937500e+02,
1.597687377929687500e+02,
1.516395416259765625e+02,
1.815632171630859375e+02,
1.621874694824218750e+02,
1.459973754882812500e+02,
1.475623321533203125e+02,
1.613501281738281250e+02,
1.529065399169921875e+02,
1.944519500732421875e+02,
1.688156738281250000e+02,
1.907916412353515625e+02,
2.122323760986328125e+02,
1.745287933349609375e+02,
1.787838897705078125e+02,
1.767742614746093750e+02,
1.791160430908203125e+02,
1.809875793457031250e+02,
1.807294006347656250e+02,
2.091107025146484375e+02,
1.947413177490234375e+02,
2.434116668701171875e+02,
2.121799774169921875e+02,
2.166195220947265625e+02,
2.053152313232421875e+02,
2.209476470947265625e+02,
2.067650146484375000e+02,
1.775453033447265625e+02,
1.816672363281250000e+02,
1.905781402587890625e+02,
1.831087799072265625e+02,
2.112494201660156250e+02,
2.276933441162109375e+02,
2.386842651367187500e+02,
2.686206665039062500e+02,
2.739230651855468750e+02,
2.796082153320312500e+02,
2.653912658691406250e+02,
2.679000244140625000e+02,
2.895615539550781250e+02,
2.577171936035156250e+02,
2.391223144531250000e+02,
2.492115631103515625e+02,
2.260772094726562500e+02,
2.229875335693359375e+02,
1.896662902832031250e+02,
1.745875549316406250e+02,
1.570223236083984375e+02,
1.458353424072265625e+02,
1.369676971435546875e+02,
1.831882171630859375e+02,
1.342278900146484375e+02,
1.237467117309570312e+02,
1.249914932250976562e+02,
1.430845031738281250e+02,
1.434173126220703125e+02,
1.623377380371093750e+02,
1.750023651123046875e+02,
1.906632690429687500e+02,
2.532272949218750000e+02,
2.511984558105468750e+02,
2.296280517578125000e+02,
2.486800079345703125e+02,
2.399161529541015625e+02,
2.597064514160156250e+02,
2.850545959472656250e+02,
2.634411010742187500e+02,
2.595799560546875000e+02,
2.541487731933593750e+02,
2.545771942138671875e+02,
2.918377075195312500e+02,
2.236571502685546875e+02,
2.190756378173828125e+02,
1.727763214111328125e+02,
2.134704284667968750e+02,
1.649900817871093750e+02,
1.670263671875000000e+02,
1.709568634033203125e+02,
1.747317352294921875e+02,
1.722498321533203125e+02,
1.926169281005859375e+02,
1.900812683105468750e+02,
1.854193725585937500e+02,
2.599869079589843750e+02,
2.087176818847656250e+02,
1.721047363281250000e+02,
1.785658569335937500e+02,
1.546941375732421875e+02,
1.520591278076171875e+02,
1.521021423339843750e+02,
1.555955810546875000e+02,
1.574095916748046875e+02,
1.873107299804687500e+02,
1.462202758789062500e+02,
1.966776428222656250e+02,
1.340198822021484375e+02,
1.405778350830078125e+02,
1.473677673339843750e+02,
1.391174468994140625e+02,
1.349608154296875000e+02,
1.542694549560546875e+02,
1.444565734863281250e+02,
1.489255676269531250e+02,
1.761199188232421875e+02,
1.358625030517578125e+02,
1.420485382080078125e+02,
1.537138824462890625e+02,
1.661332244873046875e+02,
1.521248321533203125e+02,
1.543416900634765625e+02,
1.423582763671875000e+02,
1.360278015136718750e+02,
1.456844329833984375e+02,
1.593073730468750000e+02,
1.254053268432617188e+02,
1.406540069580078125e+02,
1.527120971679687500e+02,
1.507878265380859375e+02,
1.626560516357421875e+02,
1.863026428222656250e+02,
1.690262756347656250e+02,
2.043310241699218750e+02,
1.735888061523437500e+02,
1.914710235595703125e+02,
2.594303894042968750e+02,
2.089797210693359375e+02,
1.920195465087890625e+02,
2.184599761962890625e+02,
2.051150665283203125e+02,
2.078535919189453125e+02,
2.295648040771484375e+02,
2.080782165527343750e+02,
2.569321899414062500e+02,
2.368805541992187500e+02,
2.393845520019531250e+02,
2.297097778320312500e+02,
2.181593627929687500e+02,
2.275350189208984375e+02,
2.387152252197265625e+02,
2.670891418457031250e+02,
2.585651855468750000e+02,
2.558537292480468750e+02,
2.538635559082031250e+02,
2.879592590332031250e+02,
2.537899627685546875e+02,
2.371260070800781250e+02,
2.456997985839843750e+02,
2.107334747314453125e+02,
2.379524688720703125e+02,
4.420306701660156250e+02,
4.572533264160156250e+02,
3.700270996093750000e+02,
3.335938720703125000e+02,
2.755518188476562500e+02,
2.794059753417968750e+02,
3.539610290527343750e+02,
3.389249267578125000e+02,
3.612274780273437500e+02,
3.603665466308593750e+02,
3.941399536132812500e+02,
4.168930358886718750e+02,
4.152453308105468750e+02,
4.390298767089843750e+02,
4.271510620117187500e+02,
4.046160888671875000e+02,
4.221890563964843750e+02,
3.732665100097656250e+02,
3.670515441894531250e+02,
3.489934387207031250e+02,
3.028553771972656250e+02,
2.981616210937500000e+02,
3.413223571777343750e+02,
3.754178466796875000e+02,
4.459606323242187500e+02,
4.869263000488281250e+02,
5.582580566406250000e+02,
5.246737670898437500e+02,
5.055251159667968750e+02,
5.207972412109375000e+02,
5.917990722656250000e+02,
6.001004638671875000e+02,
5.726561279296875000e+02,
5.466785888671875000e+02,
4.667277832031250000e+02,
3.954252014160156250e+02,
3.495119018554687500e+02,
3.431823730468750000e+02,
3.705794982910156250e+02,
3.919348144531250000e+02,
4.106787719726562500e+02,
4.470162963867187500e+02,
4.576315612792968750e+02,
4.588994445800781250e+02,
4.753289489746093750e+02,
4.246963806152343750e+02,
4.085975341796875000e+02,
4.511555480957031250e+02,
4.875895690917968750e+02,
4.794017944335937500e+02,
4.465356750488281250e+02,
3.929326171875000000e+02,
3.538414306640625000e+02,
3.446849670410156250e+02,
3.137708129882812500e+02,
3.386027526855468750e+02,
3.293455810546875000e+02,
3.483078308105468750e+02,
3.806879882812500000e+02,
3.483414001464843750e+02,
3.359662475585937500e+02,
3.157826538085937500e+02,
3.218814086914062500e+02,
3.090074768066406250e+02,
3.427851257324218750e+02,
3.736492614746093750e+02,
3.431548156738281250e+02,
3.591661682128906250e+02,
3.750444946289062500e+02,
3.452472534179687500e+02,
3.353852539062500000e+02,
3.286038818359375000e+02,
3.562324523925781250e+02,
3.252233581542968750e+02,
5.960541381835937500e+02,
1.415265625000000000e+03,
2.345046386718750000e+03,
3.041239013671875000e+03,
3.637349365234375000e+03,
4.460258789062500000e+03,
4.778775390625000000e+03,
4.800835937500000000e+03,
4.604032226562500000e+03,
4.142881347656250000e+03,
3.821300781250000000e+03,
3.175878662109375000e+03,
2.820942382812500000e+03,
2.716496093750000000e+03,
2.550232666015625000e+03,
2.299911132812500000e+03,
1.967728271484375000e+03,
1.680069458007812500e+03,
1.590298217773437500e+03,
1.627378417968750000e+03,
1.574348510742187500e+03,
1.518477783203125000e+03,
1.352333129882812500e+03,
1.203704589843750000e+03,
1.146842651367187500e+03,
1.127010253906250000e+03,
1.140871582031250000e+03,
1.184134277343750000e+03,
1.152778442382812500e+03,
1.091597900390625000e+03,
1.052208984375000000e+03,
9.913291015625000000e+02,
1.022198669433593750e+03,
1.102245605468750000e+03,
1.304962280273437500e+03,
1.349080932617187500e+03,
1.433255859375000000e+03,
1.508121093750000000e+03,
1.512302734375000000e+03,
1.542734375000000000e+03,
1.505673095703125000e+03,
1.397534667968750000e+03,
1.365694824218750000e+03,
1.329072265625000000e+03,
1.285395385742187500e+03,
1.265453125000000000e+03,
1.239711914062500000e+03,
1.198885986328125000e+03,
1.241441528320312500e+03,
1.123743408203125000e+03,
1.050946777343750000e+03,
1.072172851562500000e+03,
1.056285522460937500e+03,
1.053637329101562500e+03,
1.072588012695312500e+03,
1.023516174316406250e+03,
1.046540039062500000e+03,
1.016431274414062500e+03,
9.872205200195312500e+02,
9.381599731445312500e+02,
8.958912963867187500e+02,
8.600450439453125000e+02,
8.770734252929687500e+02,
7.977757568359375000e+02,
8.196420898437500000e+02,
8.231423339843750000e+02,
8.166307373046875000e+02,
7.951952514648437500e+02,
8.235471801757812500e+02,
8.071040649414062500e+02,
7.860144653320312500e+02,
7.416585693359375000e+02,
6.893221435546875000e+02,
6.066243286132812500e+02,
5.369644775390625000e+02,
5.215658569335937500e+02,
4.904733581542968750e+02,
5.078000488281250000e+02,
5.129171142578125000e+02,
4.479883117675781250e+02,
4.050326843261718750e+02,
4.023064270019531250e+02,
3.642090148925781250e+02,
3.726258850097656250e+02,
3.735770874023437500e+02,
4.080203857421875000e+02,
4.320874328613281250e+02,
4.183413696289062500e+02,
4.120601196289062500e+02,
3.964856872558593750e+02,
3.661195678710937500e+02,
3.524594726562500000e+02,
3.503844299316406250e+02,
3.273582458496093750e+02,
3.387294311523437500e+02,
3.201398620605468750e+02,
2.992007141113281250e+02,
2.993638000488281250e+02,
3.483162841796875000e+02,
3.694008178710937500e+02,
3.738052673339843750e+02,
3.536943664550781250e+02,
3.631310119628906250e+02,
3.809885253906250000e+02,
4.342707519531250000e+02,
4.308369140625000000e+02,
4.770161743164062500e+02,
4.310528869628906250e+02,
4.258051757812500000e+02,
4.095507202148437500e+02,
4.265599975585937500e+02,
4.376065673828125000e+02,
4.182233886718750000e+02,
4.424853210449218750e+02,
4.250531921386718750e+02,
4.102179260253906250e+02,
3.831843261718750000e+02,
4.032985839843750000e+02,
3.914439086914062500e+02,
3.978834838867187500e+02,
4.153089294433593750e+02,
4.221932678222656250e+02,
4.281407470703125000e+02,
4.218601379394531250e+02,
4.135547485351562500e+02,
3.644494934082031250e+02,
3.554822387695312500e+02,
3.231636657714843750e+02,
3.117565917968750000e+02,
3.099784545898437500e+02,
3.104514465332031250e+02,
3.262819519042968750e+02,
2.933203430175781250e+02,
2.897436828613281250e+02,
2.883375549316406250e+02,
2.617581481933593750e+02,
2.580538024902343750e+02,
2.415518493652343750e+02,
2.350212402343750000e+02,
2.324928894042968750e+02,
2.313896789550781250e+02,
2.621834106445312500e+02,
2.544350585937500000e+02,
2.553693389892578125e+02,
2.595272216796875000e+02,
3.198317871093750000e+02,
3.385227661132812500e+02,
3.543894958496093750e+02,
3.806141357421875000e+02,
4.057130737304687500e+02,
4.265990600585937500e+02,
4.076680297851562500e+02,
4.220180969238281250e+02,
4.522381591796875000e+02,
4.846004638671875000e+02,
5.224598999023437500e+02,
5.383446655273437500e+02,
5.867716674804687500e+02,
5.937597656250000000e+02,
5.779605712890625000e+02,
5.953850097656250000e+02,
5.814582519531250000e+02,
5.697408447265625000e+02,
6.181178588867187500e+02,
5.539556884765625000e+02,
5.346911621093750000e+02,
5.571029663085937500e+02,
5.880141601562500000e+02,
5.699815063476562500e+02,
5.916815795898437500e+02,
5.954956054687500000e+02,
6.120831298828125000e+02,
5.819484252929687500e+02,
5.531099243164062500e+02,
5.287409667968750000e+02,
4.978142089843750000e+02,
4.646997375488281250e+02,
4.492774353027343750e+02,
4.075594177246093750e+02,
3.860474548339843750e+02,
4.057660217285156250e+02,
3.989464111328125000e+02,
4.240310668945312500e+02,
4.384544677734375000e+02,
4.711132507324218750e+02,
4.453384094238281250e+02,
4.223964233398437500e+02,
4.038127746582031250e+02,
3.812662048339843750e+02,
3.769410095214843750e+02,
3.541307373046875000e+02,
3.396022949218750000e+02,
3.612731323242187500e+02,
3.786223144531250000e+02,
3.992654418945312500e+02,
4.305100097656250000e+02,
4.245706481933593750e+02,
4.687481384277343750e+02,
4.336664123535156250e+02,
4.137221069335937500e+02,
3.503806762695312500e+02,
3.180521850585937500e+02,
3.283002929687500000e+02,
3.170279235839843750e+02,
3.545192871093750000e+02,
3.304933776855468750e+02,
3.290611877441406250e+02,
3.485080871582031250e+02,
3.212893371582031250e+02,
3.264293823242187500e+02,
3.193078002929687500e+02,
3.070077209472656250e+02,
2.675502319335937500e+02,
2.547106323242187500e+02,
2.422913208007812500e+02,
2.418990173339843750e+02,
2.294202117919921875e+02,
2.142396697998046875e+02,
2.209540710449218750e+02,
2.228387908935546875e+02,
2.330380401611328125e+02,
1.974781799316406250e+02,
1.866529083251953125e+02,
1.779034576416015625e+02,
2.289209136962890625e+02,
1.931082000732421875e+02,
1.716431579589843750e+02,
1.545023040771484375e+02,
1.650632629394531250e+02,
1.748888397216796875e+02,
1.666574554443359375e+02,
2.154560241699218750e+02,
1.711871795654296875e+02,
1.940261688232421875e+02,
1.880130462646484375e+02,
2.177942657470703125e+02,
2.198499145507812500e+02,
2.112893829345703125e+02,
1.910939483642578125e+02,
2.065021362304687500e+02,
2.087384643554687500e+02,
2.473426513671875000e+02,
2.458728485107421875e+02,
2.739301452636718750e+02,
2.792281494140625000e+02,
2.957546691894531250e+02,
2.903103332519531250e+02,
2.472979278564453125e+02,
2.444161834716796875e+02,
1.873418121337890625e+02,
1.734740142822265625e+02,
1.602288208007812500e+02,
1.336844940185546875e+02,
1.662862548828125000e+02,
1.881531524658203125e+02,
2.425631256103515625e+02,
2.687015380859375000e+02,
2.709903259277343750e+02,
2.748948059082031250e+02,
2.958225097656250000e+02,
2.606035461425781250e+02,
2.378505554199218750e+02,
2.351058502197265625e+02,
1.867947387695312500e+02,
1.942499847412109375e+02,
1.968976898193359375e+02,
2.430986633300781250e+02,
2.102317962646484375e+02,
1.862870788574218750e+02,
1.736841735839843750e+02,
1.752726287841796875e+02,
1.462387542724609375e+02,
1.506790771484375000e+02,
1.493075866699218750e+02,
1.804172363281250000e+02,
1.370707397460937500e+02,
1.436663818359375000e+02,
1.461658630371093750e+02,
1.412207794189453125e+02,
1.491092681884765625e+02,
1.621846313476562500e+02,
1.601478881835937500e+02,
1.725666809082031250e+02,
1.612846527099609375e+02,
1.506196441650390625e+02,
1.826508941650390625e+02,
1.916541137695312500e+02,
1.833970794677734375e+02,
2.123335113525390625e+02,
2.064290924072265625e+02,
2.264343414306640625e+02,
2.357866058349609375e+02,
2.418663635253906250e+02,
2.679980163574218750e+02,
2.639558715820312500e+02,
2.427266082763671875e+02,
2.512080841064453125e+02,
2.961018066406250000e+02,
2.473066558837890625e+02,
2.336398773193359375e+02,
4.668580322265625000e+02,
4.029507141113281250e+02,
3.993493347167968750e+02,
3.550004272460937500e+02,
3.402427673339843750e+02,
3.750401611328125000e+02,
4.510913696289062500e+02,
4.366281127929687500e+02,
4.397952880859375000e+02,
4.349840698242187500e+02,
4.081008911132812500e+02,
3.726603088378906250e+02,
4.076810913085937500e+02,
3.611484375000000000e+02,
3.781562500000000000e+02,
4.647677001953125000e+02,
4.768771057128906250e+02,
4.931635742187500000e+02,
5.518215942382812500e+02,
5.588984985351562500e+02,
5.297724609375000000e+02,
5.069042358398437500e+02,
4.837546997070312500e+02,
4.569592590332031250e+02,
3.950142517089843750e+02,
4.007224121093750000e+02,
4.160198669433593750e+02,
4.481075744628906250e+02,
4.600251159667968750e+02,
4.861107788085937500e+02,
5.122935180664062500e+02,
4.992195434570312500e+02,
5.286300659179687500e+02,
4.552649536132812500e+02,
4.007949829101562500e+02,
3.975005187988281250e+02,
3.962767333984375000e+02,
4.107531127929687500e+02,
3.945653686523437500e+02,
3.658688659667968750e+02,
3.597378540039062500e+02,
3.929564208984375000e+02,
3.649948120117187500e+02,
3.654132385253906250e+02,
3.974329528808593750e+02,
3.972888488769531250e+02,
3.744895935058593750e+02,
3.872987670898437500e+02,
7.353751220703125000e+02,
1.931763183593750000e+03,
3.161708007812500000e+03,
4.369006835937500000e+03,
5.392381835937500000e+03,
6.029331542968750000e+03,
5.726010253906250000e+03,
4.977554687500000000e+03,
4.270709472656250000e+03,
3.473263427734375000e+03,
2.956985839843750000e+03,
2.601847412109375000e+03,
2.164849121093750000e+03,
1.815341430664062500e+03,
1.758572631835937500e+03,
1.699652832031250000e+03,
1.389958984375000000e+03,
1.192788818359375000e+03,
1.201999023437500000e+03,
1.213557861328125000e+03,
1.188216796875000000e+03,
1.160151611328125000e+03,
1.237712524414062500e+03,
1.402225830078125000e+03,
1.524552368164062500e+03,
1.663463623046875000e+03,
1.686181640625000000e+03,
1.678032836914062500e+03,
1.661312744140625000e+03,
1.553357299804687500e+03,
1.480902343750000000e+03,
1.386581542968750000e+03,
1.345967163085937500e+03,
1.282704956054687500e+03,
1.206926757812500000e+03,
1.182509643554687500e+03,
1.218409301757812500e+03,
1.191227539062500000e+03,
1.165492797851562500e+03,
1.073308715820312500e+03,
1.036308349609375000e+03,
9.939979248046875000e+02,
9.468907470703125000e+02,
9.139564819335937500e+02,
8.580278930664062500e+02,
8.893118286132812500e+02,
8.676185302734375000e+02,
8.189402465820312500e+02,
7.697194213867187500e+02,
6.779357910156250000e+02,
6.045747070312500000e+02,
5.455831909179687500e+02,
4.924485168457031250e+02,
4.808788452148437500e+02,
4.402175903320312500e+02,
4.038267517089843750e+02,
4.318645935058593750e+02,
4.263153991699218750e+02,
4.499755554199218750e+02,
4.021905517578125000e+02,
4.097199401855468750e+02,
3.837787170410156250e+02,
3.748543395996093750e+02,
3.307130432128906250e+02,
3.153947448730468750e+02,
3.407180786132812500e+02,
3.488704528808593750e+02,
3.427192687988281250e+02,
3.954550170898437500e+02,
4.388237304687500000e+02,
4.203594055175781250e+02,
4.390158386230468750e+02,
4.486441955566406250e+02,
4.892049255371093750e+02,
4.631003417968750000e+02,
4.780065002441406250e+02,
4.521521911621093750e+02,
4.572296447753906250e+02,
4.400820007324218750e+02,
4.129066467285156250e+02,
4.195676879882812500e+02,
4.165260620117187500e+02,
4.155414428710937500e+02,
4.023471984863281250e+02,
4.132791748046875000e+02,
3.566339111328125000e+02,
3.342216796875000000e+02,
3.180542602539062500e+02,
3.176247863769531250e+02,
3.063550415039062500e+02,
2.778647460937500000e+02,
2.600765991210937500e+02,
2.614895324707031250e+02,
2.500489959716796875e+02,
2.333526000976562500e+02,
2.579286804199218750e+02,
2.635335083007812500e+02,
3.086141967773437500e+02,
3.432772827148437500e+02,
3.807898559570312500e+02,
4.087675170898437500e+02,
4.432150573730468750e+02,
4.751546020507812500e+02,
5.640664672851562500e+02,
5.740167236328125000e+02,
5.962348022460937500e+02,
6.122802124023437500e+02,
6.296342163085937500e+02,
6.445187377929687500e+02,
6.149651489257812500e+02,
6.112644042968750000e+02,
6.102935791015625000e+02,
6.155761108398437500e+02,
6.155707397460937500e+02,
6.578734741210937500e+02,
6.627437133789062500e+02,
6.358778076171875000e+02,
5.555738525390625000e+02,
5.129520874023437500e+02,
4.928100280761718750e+02,
4.469419860839843750e+02,
4.357337951660156250e+02,
4.522922668457031250e+02,
4.437522888183593750e+02,
5.049584045410156250e+02,
4.586410827636718750e+02,
4.252013549804687500e+02,
4.363406982421875000e+02,
3.954427795410156250e+02,
4.258192749023437500e+02,
4.198728637695312500e+02,
4.609199829101562500e+02,
4.488782348632812500e+02,
4.097786254882812500e+02,
4.162629394531250000e+02,
3.664012756347656250e+02,
3.910133056640625000e+02,
3.773062438964843750e+02,
3.518233337402343750e+02,
3.301750488281250000e+02,
3.271342468261718750e+02,
3.331447753906250000e+02,
2.893360290527343750e+02,
2.808042602539062500e+02,
2.627653198242187500e+02,
2.235907592773437500e+02,
2.295535583496093750e+02,
2.984601440429687500e+02,
1.993569030761718750e+02,
1.814059295654296875e+02,
1.662695007324218750e+02,
1.792860565185546875e+02,
1.761492614746093750e+02,
1.921208953857421875e+02,
1.781296997070312500e+02,
2.316347351074218750e+02,
2.085609436035156250e+02,
2.190075683593750000e+02,
2.168843078613281250e+02,
2.023475189208984375e+02,
2.404889068603515625e+02,
2.492808380126953125e+02,
2.961817932128906250e+02,
2.845788574218750000e+02,
2.762956542968750000e+02,
2.772332458496093750e+02,
2.189969482421875000e+02,
1.962622375488281250e+02,
1.857931823730468750e+02,
1.687103118896484375e+02,
2.065328521728515625e+02,
2.400553283691406250e+02,
3.091669921875000000e+02,
2.723671264648437500e+02,
2.504679260253906250e+02,
2.296371612548828125e+02,
2.112271118164062500e+02,
1.976775207519531250e+02,
1.858058624267578125e+02,
2.020309906005859375e+02,
1.741977081298828125e+02,
1.660628051757812500e+02,
1.606746368408203125e+02,
1.404956054687500000e+02,
1.400509490966796875e+02,
1.476399536132812500e+02,
1.372300262451171875e+02,
1.705192413330078125e+02,
1.357712402343750000e+02,
1.702289733886718750e+02,
1.661743621826171875e+02,
1.761720581054687500e+02,
1.990572052001953125e+02,
2.103779449462890625e+02,
2.266872863769531250e+02,
2.483427886962890625e+02,
2.535050201416015625e+02,
2.764835510253906250e+02,
2.728233337402343750e+02,
2.584133605957031250e+02,
