2.501562347412109375e+02,
2.544001312255859375e+02,
2.723834838867187500e+02,
2.560266113281250000e+02,
2.376505279541015625e+02,
2.354461975097656250e+02,
2.279018707275390625e+02,
2.205377807617187500e+02,
2.095800170898437500e+02,
2.152232818603515625e+02,
2.074251861572265625e+02,
2.009830474853515625e+02,
1.885842437744140625e+02,
1.812770233154296875e+02,
2.260901336669921875e+02,
1.783390502929687500e+02,
1.973420257568359375e+02,
2.435429077148437500e+02,
2.268053131103515625e+02,
2.008890380859375000e+02,
1.960056152343750000e+02,
2.027126617431640625e+02,
2.086729278564453125e+02,
2.012398681640625000e+02,
1.880064392089843750e+02,
1.948166656494140625e+02,
1.673601684570312500e+02,
1.619162902832031250e+02,
1.681409606933593750e+02,
1.738592071533203125e+02,
1.482555541992187500e+02,
1.664606018066406250e+02,
1.629416198730468750e+02,
1.449590148925781250e+02,
1.423350372314453125e+02,
1.685052032470703125e+02,
1.548897705078125000e+02,
1.640828857421875000e+02,
1.556458740234375000e+02,
1.597181549072265625e+02,
1.498732910156250000e+02,
1.825911865234375000e+02,
1.581395416259765625e+02,
1.625842590332031250e+02,
1.601747589111328125e+02,
1.575036010742187500e+02,
1.586910095214843750e+02,
1.773245544433593750e+02,
1.675705108642578125e+02,
1.861799621582031250e+02,
1.489932556152343750e+02,
1.612655487060546875e+02,
1.447263336181640625e+02,
1.639038543701171875e+02,
1.594015502929687500e+02,
1.732428741455078125e+02,
1.612735443115234375e+02,
1.606403808593750000e+02,
1.696337890625000000e+02,
1.689301757812500000e+02,
1.585456542968750000e+02,
1.665784301757812500e+02,
1.474885711669921875e+02,
1.670220336914062500e+02,
1.778059234619140625e+02,
1.541083679199218750e+02,
1.890670471191406250e+02,
1.494413146972656250e+02,
1.643066406250000000e+02,
1.621772613525390625e+02,
1.738520812988281250e+02,
1.706446838378906250e+02,
1.507425384521484375e+02,
1.778501586914062500e+02,
1.523556823730468750e+02,
1.610546722412109375e+02,
1.583873291015625000e+02,
1.760981292724609375e+02,
1.627924957275390625e+02,
1.713329772949218750e+02,
1.555067596435546875e+02,
1.657615509033203125e+02,
1.565113067626953125e+02,
2.518848571777343750e+02,
1.591144561767578125e+02,
1.467893218994140625e+02,
1.998213043212890625e+02,
1.650894927978515625e+02,
1.539263153076171875e+02,
1.588672332763671875e+02,
1.663674011230468750e+02,
1.677667541503906250e+02,
1.550458984375000000e+02,
1.520304565429687500e+02,
1.625704956054687500e+02,
1.537757415771484375e+02,
1.626324462890625000e+02,
1.751137847900390625e+02,
1.680859985351562500e+02,
1.557938079833984375e+02,
1.482330169677734375e+02,
1.604176177978515625e+02,
1.585767211914062500e+02,
1.557194824218750000e+02,
1.786896057128906250e+02,
1.557975769042968750e+02,
1.759584503173828125e+02,
1.647536773681640625e+02,
1.761242523193359375e+02,
2.293336944580078125e+02,
1.721843414306640625e+02,
1.996745758056640625e+02,
2.013921356201171875e+02,
2.003981781005859375e+02,
1.941605834960937500e+02,
2.008266754150390625e+02,
1.989833526611328125e+02,
2.435335388183593750e+02,
1.897437133789062500e+02,
2.027096252441406250e+02,
2.019335632324218750e+02,
2.064484863281250000e+02,
1.958244628906250000e+02,
2.344401550292968750e+02,
1.859350128173828125e+02,
1.900596923828125000e+02,
2.226015625000000000e+02,
1.723584899902343750e+02,
1.785500640869140625e+02,
1.830371246337890625e+02,
1.749540710449218750e+02,
1.995481719970703125e+02,
2.109590148925781250e+02,
2.015495910644531250e+02,
1.790603027343750000e+02,
2.237855834960937500e+02,
1.867432250976562500e+02,
1.953325500488281250e+02,
1.994440002441406250e+02,
2.109414367675781250e+02,
1.925896911621093750e+02,
1.999631042480468750e+02,
1.876770172119140625e+02,
1.847589721679687500e+02,
2.165377502441406250e+02,
2.057754516601562500e+02,
2.515248870849609375e+02,
1.898527221679687500e+02,
2.102367248535156250e+02,
1.842234039306640625e+02,
1.903701171875000000e+02,
2.199369354248046875e+02,
1.970520019531250000e+02,
1.984827117919921875e+02,
2.294140777587890625e+02,
2.172848052978515625e+02,
2.389540405273437500e+02,
2.374050598144531250e+02,
2.238319091796875000e+02,
2.082283477783203125e+02,
2.045304718017578125e+02,
2.184185943603515625e+02,
2.227111511230468750e+02,
2.110810394287109375e+02,
2.081546173095703125e+02,
2.169699249267578125e+02,
2.159807128906250000e+02,
1.840676116943359375e+02,
2.025474243164062500e+02,
1.914711456298828125e+02,
1.902524871826171875e+02,
1.978777465820312500e+02,
2.030513153076171875e+02,
2.345684661865234375e+02,
2.557719573974609375e+02,
2.264119110107421875e+02,
2.238189086914062500e+02,
2.438653411865234375e+02,
2.275587921142578125e+02,
2.254578857421875000e+02,
2.422953338623046875e+02,
2.236982269287109375e+02,
2.661324157714843750e+02,
2.396687774658203125e+02,
2.340425262451171875e+02,
2.440077667236328125e+02,
2.490301818847656250e+02,
2.527775878906250000e+02,
2.744602661132812500e+02,
2.818780212402343750e+02,
2.657996215820312500e+02,
2.510341186523437500e+02,
2.293032379150390625e+02,
2.191502990722656250e+02,
2.913647155761718750e+02,
2.492102813720703125e+02,
2.691787109375000000e+02,
3.065524597167968750e+02,
3.470596313476562500e+02,
3.842904357910156250e+02,
4.476143493652343750e+02,
4.369367065429687500e+02,
4.428070983886718750e+02,
4.756938781738281250e+02,
5.245708618164062500e+02,
5.343717041015625000e+02,
6.257689208984375000e+02,
6.681580810546875000e+02,
7.058624877929687500e+02,
7.790891723632812500e+02,
8.471461791992187500e+02,
8.703698730468750000e+02,
8.307607421875000000e+02,
8.605323486328125000e+02,
8.590963134765625000e+02,
8.594646606445312500e+02,
9.253505249023437500e+02,
9.697337036132812500e+02,
1.056900512695312500e+03,
1.102066772460937500e+03,
1.140663208007812500e+03,
1.209658569335937500e+03,
1.130421630859375000e+03,
1.064008789062500000e+03,
1.078915527343750000e+03,
1.093607055664062500e+03,
1.113448486328125000e+03,
1.126042846679687500e+03,
1.060502563476562500e+03,
9.922603149414062500e+02,
9.190867919921875000e+02,
9.151268310546875000e+02,
8.722011718750000000e+02,
8.722714843750000000e+02,
8.464569702148437500e+02,
8.390018920898437500e+02,
8.338433837890625000e+02,
8.057979125976562500e+02,
8.623590087890625000e+02,
8.813824462890625000e+02,
8.712731323242187500e+02,
9.258267211914062500e+02,
9.467935180664062500e+02,
9.334633789062500000e+02,
8.591751098632812500e+02,
8.046563720703125000e+02,
7.573619995117187500e+02,
7.085039672851562500e+02,
7.176671752929687500e+02,
6.955737304687500000e+02,
6.746740112304687500e+02,
6.299722290039062500e+02,
6.211621093750000000e+02,
5.865114135742187500e+02,
6.340216674804687500e+02,
5.949906005859375000e+02,
6.131681518554687500e+02,
6.088711547851562500e+02,
6.342504272460937500e+02,
6.337409667968750000e+02,
5.915734863281250000e+02,
5.746806030273437500e+02,
5.812252197265625000e+02,
5.512860717773437500e+02,
5.277518920898437500e+02,
5.328975219726562500e+02,
5.184019775390625000e+02,
4.889581298828125000e+02,
4.662712097167968750e+02,
4.743562316894531250e+02,
4.771180114746093750e+02,
4.759865722656250000e+02,
5.230357055664062500e+02,
4.708214416503906250e+02,
4.839375305175781250e+02,
4.482555236816406250e+02,
4.574271850585937500e+02,
4.490494995117187500e+02,
4.609018554687500000e+02,
4.244611206054687500e+02,
4.175748291015625000e+02,
3.957823486328125000e+02,
4.192642822265625000e+02,
4.247709045410156250e+02,
4.556253356933593750e+02,
5.337357177734375000e+02,
5.099736328125000000e+02,
4.752525939941406250e+02,
4.635265502929687500e+02,
4.573349914550781250e+02,
4.200532836914062500e+02,
4.559706115722656250e+02,
4.106733398437500000e+02,
3.587113037109375000e+02,
3.454062194824218750e+02,
3.537352294921875000e+02,
3.138207397460937500e+02,
3.119950561523437500e+02,
2.969498901367187500e+02,
3.183862915039062500e+02,
2.991120300292968750e+02,
3.581713867187500000e+02,
3.459216918945312500e+02,
3.211806335449218750e+02,
4.511963500976562500e+02,
3.405753784179687500e+02,
3.648873901367187500e+02,
3.384402160644531250e+02,
3.599961547851562500e+02,
3.629647216796875000e+02,
3.395426025390625000e+02,
3.441785278320312500e+02,
3.478829040527343750e+02,
3.353359375000000000e+02,
3.143043518066406250e+02,
3.482280883789062500e+02,
3.334167175292968750e+02,
3.493033447265625000e+02,
3.312607421875000000e+02,
3.589625244140625000e+02,
3.664859313964843750e+02,
3.248638305664062500e+02,
3.413213500976562500e+02,
3.374976501464843750e+02,
3.234212341308593750e+02,
3.321621704101562500e+02,
3.319276123046875000e+02,
3.337708129882812500e+02,
3.454047241210937500e+02,
3.104024047851562500e+02,
3.077985839843750000e+02,
3.444350891113281250e+02,
3.199210815429687500e+02,
3.339151306152343750e+02,
3.654169616699218750e+02,
3.585109558105468750e+02,
3.813488159179687500e+02,
3.917795715332031250e+02,
3.697347717285156250e+02,
3.430457458496093750e+02,
3.505163269042968750e+02,
3.619407653808593750e+02,
3.628762207031250000e+02,
3.509871826171875000e+02,
3.649452209472656250e+02,
3.335929870605468750e+02,
3.646273193359375000e+02,
3.422843933105468750e+02,
3.549710693359375000e+02,
3.639272460937500000e+02,
3.851739807128906250e+02,
3.612949218750000000e+02,
3.882098693847656250e+02,
3.949536437988281250e+02,
3.806880798339843750e+02,
3.965005187988281250e+02,
3.651585693359375000e+02,
3.374749145507812500e+02,
3.091838378906250000e+02,
3.265562133789062500e+02,
3.424594421386718750e+02,
3.338486328125000000e+02,
3.640991516113281250e+02,
3.835590820312500000e+02,
3.630325012207031250e+02,
3.625891418457031250e+02,
3.391376037597656250e+02,
3.323812561035156250e+02,
3.285483093261718750e+02,
3.130257568359375000e+02,
3.340586547851562500e+02,
3.076494140625000000e+02,
3.079023742675781250e+02,
2.979723510742187500e+02,
2.992239074707031250e+02,
3.213397827148437500e+02,
3.158467712402343750e+02,
2.995568847656250000e+02,
3.073782348632812500e+02,
3.132910461425781250e+02,
3.146340637207031250e+02,
3.351412658691406250e+02,
3.589077453613281250e+02,
3.242084655761718750e+02,
3.404373474121093750e+02,
3.416597290039062500e+02,
3.600564575195312500e+02,
3.381825256347656250e+02,
3.210012817382812500e+02,
3.338481140136718750e+02,
3.392133789062500000e+02,
3.125286865234375000e+02,
3.139645080566406250e+02,
3.312073059082031250e+02,
3.140086059570312500e+02,
3.380510864257812500e+02,
3.509817810058593750e+02,
3.111152954101562500e+02,
2.966367492675781250e+02,
3.015522460937500000e+02,
2.980265197753906250e+02,
3.077255249023437500e+02,
3.064967041015625000e+02,
3.217344360351562500e+02,
2.972480773925781250e+02,
3.089478454589843750e+02,
2.871680908203125000e+02,
2.967692260742187500e+02,
3.092711791992187500e+02,
3.078491210937500000e+02,
3.154718933105468750e+02,
3.295320434570312500e+02,
3.199276123046875000e+02,
3.507593383789062500e+02,
3.699936218261718750e+02,
3.949271850585937500e+02,
4.049043579101562500e+02,
3.996346740722656250e+02,
4.002418518066406250e+02,
3.821274414062500000e+02,
3.695763854980468750e+02,
3.615905151367187500e+02,
3.671007995605468750e+02,
3.525215759277343750e+02,
3.741839904785156250e+02,
4.403245544433593750e+02,
3.706276245117187500e+02,
3.576564941406250000e+02,
3.598037414550781250e+02,
3.674235229492187500e+02,
3.759380798339843750e+02,
3.626924133300781250e+02,
3.633404541015625000e+02,
3.677801208496093750e+02,
3.577016906738281250e+02,
3.592018737792968750e+02,
3.643141174316406250e+02,
3.822204895019531250e+02,
3.544378051757812500e+02,
3.421898498535156250e+02,
3.245408935546875000e+02,
3.246434631347656250e+02,
3.149106445312500000e+02,
3.281899414062500000e+02,
3.291090698242187500e+02,
3.786255493164062500e+02,
3.505256347656250000e+02,
3.593995971679687500e+02,
3.875793457031250000e+02,
3.836721191406250000e+02,
4.048363342285156250e+02,
3.713961791992187500e+02,
4.100082397460937500e+02,
4.292870788574218750e+02,
4.670886230468750000e+02,
4.634258422851562500e+02,
5.260665893554687500e+02,
5.255308227539062500e+02,
5.344336547851562500e+02,
5.706785278320312500e+02,
5.601172485351562500e+02,
5.689319458007812500e+02,
5.743383789062500000e+02,
5.868979492187500000e+02,
5.842654418945312500e+02,
5.337486572265625000e+02,
5.524551391601562500e+02,
4.846243286132812500e+02,
4.203518676757812500e+02,
3.664412536621093750e+02,
3.305041503906250000e+02,
3.440590209960937500e+02,
3.797442321777343750e+02,
3.817865600585937500e+02,
4.225302429199218750e+02,
4.171187133789062500e+02,
4.045434875488281250e+02,
4.047352600097656250e+02,
3.756975097656250000e+02,
3.425310058593750000e+02,
3.661801452636718750e+02,
3.446628723144531250e+02,
3.572373657226562500e+02,
4.043913574218750000e+02,
4.085976562500000000e+02,
4.511297912597656250e+02,
4.224123535156250000e+02,
4.438414611816406250e+02,
4.432629699707031250e+02,
4.335324707031250000e+02,
4.410091552734375000e+02,
4.038446655273437500e+02,
4.586735839843750000e+02,
4.492825622558593750e+02,
4.829467773437500000e+02,
4.401312866210937500e+02,
4.677140197753906250e+02,
4.503580017089843750e+02,
4.644007873535156250e+02,
4.840625305175781250e+02,
4.620004577636718750e+02,
4.582926330566406250e+02,
4.476787414550781250e+02,
4.318146667480468750e+02,
4.149347534179687500e+02,
3.601607971191406250e+02,
3.395182495117187500e+02,
3.414279785156250000e+02,
3.269601135253906250e+02,
3.210312194824218750e+02,
3.407300109863281250e+02,
3.458970947265625000e+02,
3.486141052246093750e+02,
3.705629577636718750e+02,
3.677922363281250000e+02,
3.862146911621093750e+02,
4.127044372558593750e+02,
4.399367675781250000e+02,
4.414980773925781250e+02,
4.358821105957031250e+02,
4.632682189941406250e+02,
4.806796264648437500e+02,
4.888854675292968750e+02,
4.983292236328125000e+02,
4.967915649414062500e+02,
5.049679260253906250e+02,
5.490147094726562500e+02,
5.155743408203125000e+02,
5.485582275390625000e+02,
5.238179931640625000e+02,
5.231090087890625000e+02,
5.242168579101562500e+02,
5.457197265625000000e+02,
5.311726074218750000e+02,
5.525055541992187500e+02,
5.699516601562500000e+02,
6.098894042968750000e+02,
5.875577392578125000e+02,
6.122681884765625000e+02,
6.556192626953125000e+02,
6.893367919921875000e+02,
7.125113525390625000e+02,
7.217923583984375000e+02,
7.301432495117187500e+02,
7.225953369140625000e+02,
7.362470092773437500e+02,
7.459443969726562500e+02,
7.737395019531250000e+02,
7.803874511718750000e+02,
8.184674072265625000e+02,
7.760390014648437500e+02,
7.456138305664062500e+02,
6.783351440429687500e+02,
6.273006591796875000e+02,
6.150507202148437500e+02,
6.676044921875000000e+02,
6.878903198242187500e+02,
7.341671142578125000e+02,
7.715000000000000000e+02,
7.377196655273437500e+02,
7.284005737304687500e+02,
7.207001953125000000e+02,
7.026343994140625000e+02,
6.959162597656250000e+02,
6.428916015625000000e+02,
6.098733520507812500e+02,
5.864854125976562500e+02,
5.516514282226562500e+02,
4.884163818359375000e+02,
4.559742736816406250e+02,
4.202043457031250000e+02,
4.043473815917968750e+02,
3.845862731933593750e+02,
3.594614257812500000e+02,
3.549412231445312500e+02,
3.638429565429687500e+02,
3.390192871093750000e+02,
3.511438293457031250e+02,
3.516484375000000000e+02,
3.515471496582031250e+02,
3.322053222656250000e+02,
3.366249084472656250e+02,
3.451614685058593750e+02,
3.640953979492187500e+02,
3.420152282714843750e+02,
3.718400268554687500e+02,
3.496543273925781250e+02,
3.620941467285156250e+02,
3.837480468750000000e+02,
3.640025329589843750e+02,
3.527514038085937500e+02,
3.587510986328125000e+02,
3.782570800781250000e+02,
4.103283691406250000e+02,
4.253827209472656250e+02,
4.357625732421875000e+02,
4.289327697753906250e+02,
4.217556762695312500e+02,
4.292542724609375000e+02,
4.245044860839843750e+02,
4.427443542480468750e+02,
4.129441528320312500e+02,
3.972850341796875000e+02,
3.833799438476562500e+02,
3.749380493164062500e+02,
3.747078552246093750e+02,
3.711056518554687500e+02,
3.511215209960937500e+02,
3.618122863769531250e+02,
3.930065002441406250e+02,
3.742412414550781250e+02,
3.960678405761718750e+02,
3.868905029296875000e+02,
3.866425781250000000e+02,
4.168764648437500000e+02,
3.994934387207031250e+02,
3.973242492675781250e+02,
4.021172485351562500e+02,
4.298569641113281250e+02,
4.714763183593750000e+02,
4.576846618652343750e+02,
4.756618041992187500e+02,
4.732769165039062500e+02,
4.733301696777343750e+02,
4.478678283691406250e+02,
4.392884826660156250e+02,
4.365440063476562500e+02,
4.227766113281250000e+02,
4.469462890625000000e+02,
4.213502502441406250e+02,
4.047857971191406250e+02,
4.517882690429687500e+02,
4.037481689453125000e+02,
3.992725830078125000e+02,
4.031062011718750000e+02,
4.182131347656250000e+02,
4.204422912597656250e+02,
4.352012023925781250e+02,
4.412707824707031250e+02,
4.606366577148437500e+02,
4.396915893554687500e+02,
4.445828247070312500e+02,
4.609740295410156250e+02,
4.542689819335937500e+02,
4.362569274902343750e+02,
4.483508605957031250e+02,
4.568258056640625000e+02,
4.484322204589843750e+02,
5.068741760253906250e+02,
5.020114135742187500e+02,
5.101604614257812500e+02,
5.223422241210937500e+02,
5.469386596679687500e+02,
5.098246765136718750e+02,
5.179520263671875000e+02,
4.742773437500000000e+02,
5.014821472167968750e+02,
5.049355163574218750e+02,
4.786116638183593750e+02,
4.942554931640625000e+02,
4.902207336425781250e+02,
5.059579467773437500e+02,
5.492539672851562500e+02,
5.359328002929687500e+02,
5.507555541992187500e+02,
6.344490356445312500e+02,
6.117930297851562500e+02,
6.475696411132812500e+02,
6.348276977539062500e+02,
6.663649291992187500e+02,
6.488226318359375000e+02,
6.348679809570312500e+02,
6.319216308593750000e+02,
6.493477172851562500e+02,
7.385455322265625000e+02,
9.016521606445312500e+02,
9.750251464843750000e+02,
1.016161865234375000e+03,
9.562985839843750000e+02,
9.388125000000000000e+02,
9.803046264648437500e+02,
1.079364746093750000e+03,
9.844996337890625000e+02,
9.049871826171875000e+02,
7.747546386718750000e+02,
6.821716308593750000e+02,
6.831582641601562500e+02,
7.185953979492187500e+02,
7.703607788085937500e+02,
7.648712768554687500e+02,
7.947474975585937500e+02,
7.568459472656250000e+02,
7.410372924804687500e+02,
7.235805664062500000e+02,
6.942899169921875000e+02,
5.927089233398437500e+02,
5.800415649414062500e+02,
6.139118041992187500e+02,
6.083871459960937500e+02,
6.042111206054687500e+02,
6.507037353515625000e+02,
6.658773803710937500e+02,
6.840264282226562500e+02,
7.062863769531250000e+02,
7.428073730468750000e+02,
7.189918212890625000e+02,
6.765850830078125000e+02,
6.896445922851562500e+02,
6.393758544921875000e+02,
6.674668579101562500e+02,
6.817055664062500000e+02,
6.701545410156250000e+02,
6.823355102539062500e+02,
6.550477905273437500e+02,
6.852506103515625000e+02,
7.182666015625000000e+02,
7.698555908203125000e+02,
7.478521728515625000e+02,
7.481981201171875000e+02,
6.956690063476562500e+02,
6.964535522460937500e+02,
7.310634765625000000e+02,
7.053757934570312500e+02,
7.756336059570312500e+02,
7.818321533203125000e+02,
8.267386474609375000e+02,
8.209588623046875000e+02,
8.865187988281250000e+02,
9.168786621093750000e+02,
9.359006347656250000e+02,
9.229567260742187500e+02,
9.020889892578125000e+02,
8.914537963867187500e+02,
8.656662597656250000e+02,
8.266054077148437500e+02,
8.431777343750000000e+02,
8.647184448242187500e+02,
9.110123901367187500e+02,
9.053667602539062500e+02,
9.263493652343750000e+02,
9.780612792968750000e+02,
9.750303955078125000e+02,
9.228290405273437500e+02,
8.937996215820312500e+02,
8.634381103515625000e+02,
8.347785644531250000e+02,
8.448233032226562500e+02,
8.586737060546875000e+02,
8.910583496093750000e+02,
9.702349243164062500e+02,
1.030957275390625000e+03,
2.419562835693359375e+02,
2.611451416015625000e+02,
2.440651092529296875e+02,
2.197215270996093750e+02,
2.180955963134765625e+02,
1.995462188720703125e+02,
1.819094848632812500e+02,
1.916280212402343750e+02,
1.974201202392578125e+02,
2.057831726074218750e+02,
1.872395019531250000e+02,
1.693851623535156250e+02,
1.968733062744140625e+02,
1.725725402832031250e+02,
1.778839416503906250e+02,
1.615496673583984375e+02,
1.600921173095703125e+02,
1.486812896728515625e+02,
1.597686157226562500e+02,
1.501496887207031250e+02,
1.617528839111328125e+02,
1.508367309570312500e+02,
1.754971008300781250e+02,
1.430468444824218750e+02,
2.106178283691406250e+02,
1.645435485839843750e+02,
1.505986633300781250e+02,
1.507342071533203125e+02,
1.503401031494140625e+02,
1.594685821533203125e+02,
1.711140899658203125e+02,
1.705102233886718750e+02,
1.507680358886718750e+02,
1.639738616943359375e+02,
1.614721679687500000e+02,
1.571076354980468750e+02,
1.581772460937500000e+02,
1.514014587402343750e+02,
1.850258941650390625e+02,
1.469747009277343750e+02,
1.616338043212890625e+02,
1.693923797607421875e+02,
1.666497955322265625e+02,
1.634564514160156250e+02,
1.671281433105468750e+02,
1.569320373535156250e+02,
1.602590179443359375e+02,
1.582906188964843750e+02,
1.759382934570312500e+02,
1.625715942382812500e+02,
1.789931335449218750e+02,
1.587533416748046875e+02,
1.650622863769531250e+02,
1.875043792724609375e+02,
1.808373107910156250e+02,
1.936663055419921875e+02,
1.931535339355468750e+02,
2.099193267822265625e+02,
1.898393707275390625e+02,
2.166823425292968750e+02,
2.400001068115234375e+02,
2.282900848388671875e+02,
1.920014801025390625e+02,
1.822558746337890625e+02,
2.002108001708984375e+02,
2.022952423095703125e+02,
1.942396697998046875e+02,
2.013599090576171875e+02,
1.784029388427734375e+02,
2.046439208984375000e+02,
1.846504058837890625e+02,
1.905160675048828125e+02,
1.922328186035156250e+02,
2.039372558593750000e+02,
2.024012451171875000e+02,
2.269778594970703125e+02,
2.120952606201171875e+02,
2.210448303222656250e+02,
2.444054565429687500e+02,
2.764365844726562500e+02,
2.120092926025390625e+02,
2.093316650390625000e+02,
1.961617279052734375e+02,
2.047443542480468750e+02,
2.296334686279296875e+02,
2.237396240234375000e+02,
2.076858215332031250e+02,
2.255295562744140625e+02,
2.502536163330078125e+02,
2.234140777587890625e+02,
2.529552001953125000e+02,
2.340678558349609375e+02,
2.845772705078125000e+02,
2.908766479492187500e+02,
2.570196838378906250e+02,
2.566669616699218750e+02,
2.802378234863281250e+02,
3.297514648437500000e+02,
4.020464477539062500e+02,
4.429398498535156250e+02,
5.253641967773437500e+02,
6.054428100585937500e+02,
7.858742675781250000e+02,
8.751259765625000000e+02,
9.694091796875000000e+02,
1.030637695312500000e+03,
1.123210815429687500e+03,
1.314768798828125000e+03,
1.520301513671875000e+03,
1.526314575195312500e+03,
1.499517700195312500e+03,
1.416910888671875000e+03,
1.376518798828125000e+03,
1.349919555664062500e+03,
1.253161376953125000e+03,
1.108443725585937500e+03,
1.042963012695312500e+03,
1.002009887695312500e+03,
1.026751220703125000e+03,
1.056511718750000000e+03,
1.089006347656250000e+03,
1.001213989257812500e+03,
9.543694458007812500e+02,
8.515838012695312500e+02,
7.918012084960937500e+02,
7.350081176757812500e+02,
7.343300781250000000e+02,
7.473284912109375000e+02,
7.312675781250000000e+02,
7.132231445312500000e+02,
7.137393188476562500e+02,
6.332927246093750000e+02,
5.903320312500000000e+02,
5.595519409179687500e+02,
5.632203369140625000e+02,
5.396641235351562500e+02,
5.353872680664062500e+02,
5.447822875976562500e+02,
4.887172241210937500e+02,
4.886609191894531250e+02,
5.056184997558593750e+02,
5.416230468750000000e+02,
5.422884521484375000e+02,
5.074152221679687500e+02,
4.745575561523437500e+02,
4.265242004394531250e+02,
3.647922058105468750e+02,
3.438632812500000000e+02,
3.231943969726562500e+02,
3.261126708984375000e+02,
3.816733398437500000e+02,
3.679259643554687500e+02,
4.126678771972656250e+02,
3.810588684082031250e+02,
3.598734741210937500e+02,
3.478947143554687500e+02,
3.526160583496093750e+02,
3.567922668457031250e+02,
3.544644165039062500e+02,
3.593214721679687500e+02,
3.407562866210937500e+02,
3.493197326660156250e+02,
3.368596191406250000e+02,
3.205125732421875000e+02,
3.426991577148437500e+02,
3.561625976562500000e+02,
3.739386596679687500e+02,
3.891259460449218750e+02,
3.756506042480468750e+02,
3.641156616210937500e+02,
3.854864807128906250e+02,
3.745289916992187500e+02,
3.927512817382812500e+02,
4.121135253906250000e+02,
4.090165710449218750e+02,
4.220189819335937500e+02,
4.054083557128906250e+02,
3.691288757324218750e+02,
3.734632568359375000e+02,
3.563312072753906250e+02,
3.582175292968750000e+02,
3.710385131835937500e+02,
3.457106933593750000e+02,
3.424316101074218750e+02,
3.256161499023437500e+02,
3.300267944335937500e+02,
3.144786682128906250e+02,
3.085591430664062500e+02,
3.150606079101562500e+02,
3.440357666015625000e+02,
3.764088134765625000e+02,
3.503611145019531250e+02,
3.789579467773437500e+02,
3.647597961425781250e+02,
3.587285766601562500e+02,
3.355418395996093750e+02,
3.259362487792968750e+02,
3.325395507812500000e+02,
3.303394470214843750e+02,
3.281503906250000000e+02,
3.092274475097656250e+02,
3.004694824218750000e+02,
3.655221557617187500e+02,
3.137146301269531250e+02,
3.367385253906250000e+02,
3.901421813964843750e+02,
3.943789367675781250e+02,
4.018678894042968750e+02,
4.091268310546875000e+02,
4.105842285156250000e+02,
3.713110961914062500e+02,
3.949454345703125000e+02,
3.869794006347656250e+02,
3.871254882812500000e+02,
4.016821899414062500e+02,
3.803994750976562500e+02,
3.935950622558593750e+02,
3.948024291992187500e+02,
3.789987792968750000e+02,
3.950988464355468750e+02,
3.748488464355468750e+02,
3.769499511718750000e+02,
3.851333007812500000e+02,
4.343379516601562500e+02,
4.365919189453125000e+02,
4.668912963867187500e+02,
5.138007202148437500e+02,
5.632194824218750000e+02,
5.973670043945312500e+02,
6.307834472656250000e+02,
6.136880493164062500e+02,
5.790223999023437500e+02,
5.133205566406250000e+02,
4.682897338867187500e+02,
4.497407836914062500e+02,
4.152991027832031250e+02,
4.518836059570312500e+02,
4.436055908203125000e+02,
4.315867309570312500e+02,
4.130414428710937500e+02,
4.299966125488281250e+02,
4.327514648437500000e+02,
4.797593994140625000e+02,
4.701903381347656250e+02,
4.875566406250000000e+02,
5.095325927734375000e+02,
5.024628295898437500e+02,
5.000067443847656250e+02,
4.925062561035156250e+02,
5.271015014648437500e+02,
4.903232421875000000e+02,
4.610487976074218750e+02,
4.422783203125000000e+02,
3.916475830078125000e+02,
3.984984436035156250e+02,
4.073762207031250000e+02,
4.546951904296875000e+02,
4.722830810546875000e+02,
5.186042480468750000e+02,
5.555098876953125000e+02,
5.698273925781250000e+02,
5.669641113281250000e+02,
5.588638916015625000e+02,
5.823524169921875000e+02,
5.992750244140625000e+02,
6.121900024414062500e+02,
5.914131469726562500e+02,
6.397158203125000000e+02,
6.807726440429687500e+02,
7.258028564453125000e+02,
7.408029785156250000e+02,
8.369091796875000000e+02,
8.348085327148437500e+02,
8.084757080078125000e+02,
7.942186889648437500e+02,
8.190001220703125000e+02,
7.772470703125000000e+02,
8.031294555664062500e+02,
8.176660156250000000e+02,
8.422633056640625000e+02,
7.780255126953125000e+02,
6.832390136718750000e+02,
6.250919799804687500e+02,
6.039739990234375000e+02,
5.230305175781250000e+02,
4.510614318847656250e+02,
4.050499877929687500e+02,
3.810996093750000000e+02,
3.638878479003906250e+02,
3.645955200195312500e+02,
3.816259765625000000e+02,
4.152350769042968750e+02,
3.959302368164062500e+02,
3.715965576171875000e+02,
4.056032409667968750e+02,
4.537615966796875000e+02,
4.970029907226562500e+02,
4.979070434570312500e+02,
5.003130798339843750e+02,
4.614613647460937500e+02,
4.308143310546875000e+02,
4.068033447265625000e+02,
4.002421569824218750e+02,
3.981747131347656250e+02,
4.192430725097656250e+02,
4.223132934570312500e+02,
4.396896667480468750e+02,
4.261054382324218750e+02,
4.761242675781250000e+02,
5.606739501953125000e+02,
5.208825073242187500e+02,
5.099363098144531250e+02,
4.962790832519531250e+02,
4.585378417968750000e+02,
4.357195434570312500e+02,
4.523493957519531250e+02,
4.653563232421875000e+02,
4.838727111816406250e+02,
5.071795959472656250e+02,
5.187105712890625000e+02,
5.211414184570312500e+02,
5.656957397460937500e+02,
5.198096923828125000e+02,
5.303856811523437500e+02,
5.817963867187500000e+02,
5.618395385742187500e+02,
5.463135986328125000e+02,
5.227977905273437500e+02,
5.261979370117187500e+02,
5.871851196289062500e+02,
5.853300170898437500e+02,
5.991705932617187500e+02,
6.482847290039062500e+02,
6.651339721679687500e+02,
7.118334350585937500e+02,
8.122672119140625000e+02,
9.825927734375000000e+02,
1.088258178710937500e+03,
1.154163330078125000e+03,
1.127520874023437500e+03,
1.095335327148437500e+03,
1.016657897949218750e+03,
8.874957885742187500e+02,
8.309876708984375000e+02,
8.445978393554687500e+02,
8.132800292968750000e+02,
7.669405517578125000e+02,
7.394947509765625000e+02,
7.073302612304687500e+02,
7.365569458007812500e+02,
8.199022827148437500e+02,
8.075403442382812500e+02,
8.168088378906250000e+02,
8.167379150390625000e+02,
7.646918334960937500e+02,
7.615083618164062500e+02,
7.961485595703125000e+02,
8.610654296875000000e+02,
8.518259277343750000e+02,
8.805103149414062500e+02,
8.977453613281250000e+02,
9.849029541015625000e+02,
9.903673706054687500e+02,
1.039308471679687500e+03,
1.074470947265625000e+03,
1.085708007812500000e+03,
1.100636474609375000e+03,
1.145076538085937500e+03,
1.083185180664062500e+03,
1.090863769531250000e+03,
1.112243774414062500e+03,
9.993913574218750000e+02,
9.753193969726562500e+02,
1.016528808593750000e+03,
2.904227600097656250e+02,
2.329957275390625000e+02,
2.343740539550781250e+02,
2.100274658203125000e+02,
2.200709228515625000e+02,
2.071279449462890625e+02,
1.800353088378906250e+02,
2.011285858154296875e+02,
1.602232666015625000e+02,
1.594882507324218750e+02,
1.632981262207031250e+02,
1.629704284667968750e+02,
1.613774261474609375e+02,
1.756864929199218750e+02,
1.706931915283203125e+02,
1.484258575439453125e+02,
1.564329223632812500e+02,
1.542218017578125000e+02,
1.582700958251953125e+02,
1.444578094482421875e+02,
1.819920196533203125e+02,
1.610275878906250000e+02,
1.621904907226562500e+02,
1.669375762939453125e+02,
1.535074005126953125e+02,
1.509717102050781250e+02,
2.037411346435546875e+02,
1.574153747558593750e+02,
1.722512359619140625e+02,
1.547232971191406250e+02,
1.797110137939453125e+02,
1.665599975585937500e+02,
1.503329772949218750e+02,
1.590898742675781250e+02,
1.920897674560546875e+02,
2.235188903808593750e+02,
2.194857482910156250e+02,
2.001184692382812500e+02,
2.090410156250000000e+02,
1.842846984863281250e+02,
2.084494781494140625e+02,
1.927289581298828125e+02,
2.124235534667968750e+02,
1.742849578857421875e+02,
1.947962188720703125e+02,
1.768799438476562500e+02,
1.746386566162109375e+02,
2.089781494140625000e+02,
1.841311798095703125e+02,
2.075599822998046875e+02,
2.127489929199218750e+02,
2.075155639648437500e+02,
2.246834564208984375e+02,
2.291834411621093750e+02,
1.992695922851562500e+02,
2.263351898193359375e+02,
2.450751495361328125e+02,
2.373793182373046875e+02,
2.871023254394531250e+02,
2.380197448730468750e+02,
2.438628540039062500e+02,
2.810036010742187500e+02,
2.728137817382812500e+02,
3.052073364257812500e+02,
4.079169311523437500e+02,
4.698094177246093750e+02,
6.184063110351562500e+02,
8.547303466796875000e+02,
1.059278564453125000e+03,
1.177621826171875000e+03,
1.448781005859375000e+03,
1.746131713867187500e+03,
1.814536499023437500e+03,
1.731731201171875000e+03,
1.620359008789062500e+03,
1.518492919921875000e+03,
1.345386718750000000e+03,
1.238646728515625000e+03,
1.247928833007812500e+03,
1.218398925781250000e+03,
1.148489501953125000e+03,
1.037798950195312500e+03,
9.314094238281250000e+02,
9.002512207031250000e+02,
8.836994628906250000e+02,
8.496929931640625000e+02,
8.086397705078125000e+02,
7.139661865234375000e+02,
6.694170532226562500e+02,
6.767447509765625000e+02,
6.356199951171875000e+02,
5.780661621093750000e+02,
5.904674072265625000e+02,
5.930919189453125000e+02,
5.693089599609375000e+02,
5.507588500976562500e+02,
5.014656982421875000e+02,
4.058842163085937500e+02,
3.801467895507812500e+02,
3.675333557128906250e+02,
4.000820617675781250e+02,
3.910035400390625000e+02,
3.965568847656250000e+02,
3.678869323730468750e+02,
3.641642150878906250e+02,
3.902558898925781250e+02,
3.703252563476562500e+02,
3.625308227539062500e+02,
3.751114807128906250e+02,
3.722268981933593750e+02,
3.710591735839843750e+02,
3.747614440917968750e+02,
3.974468688964843750e+02,
3.987007446289062500e+02,
4.256381530761718750e+02,
4.207915954589843750e+02,
4.024239501953125000e+02,
4.070917358398437500e+02,
3.877167663574218750e+02,
3.871347045898437500e+02,
3.765467224121093750e+02,
3.491998596191406250e+02,
3.789483642578125000e+02,
3.652412109375000000e+02,
3.504100952148437500e+02,
3.507760314941406250e+02,
3.652651977539062500e+02,
3.641374206542968750e+02,
3.741638793945312500e+02,
3.596937866210937500e+02,
3.419206542968750000e+02,
3.475131835937500000e+02,
3.201777954101562500e+02,
3.144114379882812500e+02,
3.362262573242187500e+02,
3.707745971679687500e+02,
3.691470336914062500e+02,
4.328334960937500000e+02,
4.654369812011718750e+02,
4.279040222167968750e+02,
4.113401489257812500e+02,
4.026762084960937500e+02,
4.229181518554687500e+02,
4.249642944335937500e+02,
4.162413330078125000e+02,
3.889352111816406250e+02,
4.137370300292968750e+02,
4.307052307128906250e+02,
4.525827331542968750e+02,
4.914202575683593750e+02,
5.620278930664062500e+02,
5.953455810546875000e+02,
6.487444458007812500e+02,
5.821808471679687500e+02,
5.420555419921875000e+02,
4.953086242675781250e+02,
5.115594177246093750e+02,
4.747532958984375000e+02,
4.705411071777343750e+02,
4.611971130371093750e+02,
4.940406799316406250e+02,
5.085552673339843750e+02,
5.294804077148437500e+02,
5.074750366210937500e+02,
5.025268859863281250e+02,
5.193166503906250000e+02,
5.093269653320312500e+02,
4.933164978027343750e+02,
4.951179199218750000e+02,
4.684948120117187500e+02,
5.149830322265625000e+02,
5.470179443359375000e+02,
5.885637817382812500e+02,
6.019147338867187500e+02,
6.191844482421875000e+02,
6.454180297851562500e+02,
6.611051635742187500e+02,
6.563839721679687500e+02,
6.897241210937500000e+02,
7.585501098632812500e+02,
8.080889282226562500e+02,
8.363125000000000000e+02,
8.345477294921875000e+02,
8.982896118164062500e+02,
9.075845947265625000e+02,
8.099621582031250000e+02,
8.168368530273437500e+02,
7.075695800781250000e+02,
6.001259765625000000e+02,
5.266026611328125000e+02,
4.757998657226562500e+02,
4.397931518554687500e+02,
4.141329345703125000e+02,
4.468248596191406250e+02,
4.448731384277343750e+02,
4.589604492187500000e+02,
5.184341430664062500e+02,
5.471470947265625000e+02,
5.548063354492187500e+02,
5.173748168945312500e+02,
4.615489501953125000e+02,
4.527001037597656250e+02,
4.554858703613281250e+02,
4.741454467773437500e+02,
5.246718139648437500e+02,
5.040617675781250000e+02,
5.495747680664062500e+02,
5.497780151367187500e+02,
5.149788818359375000e+02,
4.885629272460937500e+02,
5.208050537109375000e+02,
5.805850219726562500e+02,
5.761447143554687500e+02,
5.516437988281250000e+02,
5.709287109375000000e+02,
5.726741943359375000e+02,
5.862845458984375000e+02,
5.637191162109375000e+02,
5.874920654296875000e+02,
6.255241699218750000e+02,
6.754851074218750000e+02,
7.064548950195312500e+02,
8.806619262695312500e+02,
1.092271850585937500e+03,
1.112755615234375000e+03,
1.101026733398437500e+03,
1.215916381835937500e+03,
1.163573486328125000e+03,
9.906505126953125000e+02,
9.717453002929687500e+02,
9.274398193359375000e+02,
9.072017822265625000e+02,
8.880152587890625000e+02,
8.970097045898437500e+02,
9.442043457031250000e+02,
9.726275024414062500e+02,
9.500895996093750000e+02,
9.082077636718750000e+02,
1.018197387695312500e+03,
1.016560852050781250e+03,
1.090191528320312500e+03,
1.135536743164062500e+03,
1.137221435546875000e+03,
1.233692871093750000e+03,
1.229874389648437500e+03,
1.193330810546875000e+03,
1.134044433593750000e+03,
1.178568481445312500e+03,
