7.036005249023437500e+02,
7.019259643554687500e+02,
7.080542602539062500e+02,
6.175729370117187500e+02,
4.848003540039062500e+02,
5.229195556640625000e+02,
4.915379638671875000e+02,
4.787279357910156250e+02,
4.460776672363281250e+02,
4.214254455566406250e+02,
4.088216247558593750e+02,
4.276672058105468750e+02,
4.309999084472656250e+02,
4.657623291015625000e+02,
4.599600524902343750e+02,
4.576230163574218750e+02,
4.571719665527343750e+02,
4.874116516113281250e+02,
4.788854064941406250e+02,
5.256198730468750000e+02,
5.117324829101562500e+02,
5.562838134765625000e+02,
6.211585083007812500e+02,
6.260398559570312500e+02,
6.403398437500000000e+02,
6.828790283203125000e+02,
7.302399902343750000e+02,
6.801165161132812500e+02,
6.286259765625000000e+02,
6.181310424804687500e+02,
5.631820068359375000e+02,
5.380473022460937500e+02,
5.616582031250000000e+02,
5.330358886718750000e+02,
5.266661376953125000e+02,
5.380141601562500000e+02,
5.330486450195312500e+02,
5.195098876953125000e+02,
5.368939208984375000e+02,
5.455583496093750000e+02,
5.221372070312500000e+02,
5.080603027343750000e+02,
4.650262451171875000e+02,
4.533865051269531250e+02,
4.528572998046875000e+02,
4.206470947265625000e+02,
4.367811889648437500e+02,
4.487175903320312500e+02,
4.278596191406250000e+02,
4.411325073242187500e+02,
4.558011779785156250e+02,
4.723699951171875000e+02,
4.781572875976562500e+02,
4.454632263183593750e+02,
4.336629333496093750e+02,
4.389374389648437500e+02,
4.160744628906250000e+02,
3.932416992187500000e+02,
3.626520996093750000e+02,
3.713612060546875000e+02,
3.596393127441406250e+02,
3.700893554687500000e+02,
3.901148986816406250e+02,
3.696145324707031250e+02,
4.083666687011718750e+02,
3.677112121582031250e+02,
3.865873413085937500e+02,
3.786913146972656250e+02,
3.835872192382812500e+02,
3.647283630371093750e+02,
3.692197570800781250e+02,
3.355494079589843750e+02,
3.343911437988281250e+02,
3.281013488769531250e+02,
2.894624633789062500e+02,
3.152281188964843750e+02,
2.912751770019531250e+02,
2.845236206054687500e+02,
2.832750854492187500e+02,
3.183230895996093750e+02,
3.005123901367187500e+02,
3.165493164062500000e+02,
2.817998046875000000e+02,
3.099589538574218750e+02,
2.872731323242187500e+02,
2.672068786621093750e+02,
2.832540283203125000e+02,
2.540693969726562500e+02,
2.368183746337890625e+02,
2.189346618652343750e+02,
2.440622100830078125e+02,
2.168153076171875000e+02,
2.219890136718750000e+02,
2.224309082031250000e+02,
2.390931243896484375e+02,
2.575675964355468750e+02,
2.387349853515625000e+02,
2.600014953613281250e+02,
2.655940856933593750e+02,
2.806862182617187500e+02,
2.516365356445312500e+02,
2.721297302246093750e+02,
2.569706420898437500e+02,
2.487768402099609375e+02,
2.751447143554687500e+02,
2.541096801757812500e+02,
2.721048583984375000e+02,
2.506052703857421875e+02,
2.673210144042968750e+02,
2.567105102539062500e+02,
2.482545623779296875e+02,
2.315901947021484375e+02,
2.566814880371093750e+02,
2.475164489746093750e+02,
2.375475616455078125e+02,
2.451178894042968750e+02,
2.561624145507812500e+02,
2.604585266113281250e+02,
2.825559692382812500e+02,
2.722072143554687500e+02,
2.881044006347656250e+02,
2.840841369628906250e+02,
3.084204406738281250e+02,
3.189145812988281250e+02,
3.238139648437500000e+02,
3.204867858886718750e+02,
3.131694946289062500e+02,
3.008589172363281250e+02,
3.234833679199218750e+02,
3.058817749023437500e+02,
2.992974243164062500e+02,
3.075495300292968750e+02,
2.873584594726562500e+02,
3.011022338867187500e+02,
2.541842651367187500e+02,
2.215696258544921875e+02,
1.967280731201171875e+02,
1.958734283447265625e+02,
1.937083129882812500e+02,
1.928821716308593750e+02,
1.852234344482421875e+02,
2.091259765625000000e+02,
2.247416381835937500e+02,
2.883869628906250000e+02,
2.204635772705078125e+02,
2.314702301025390625e+02,
2.797346496582031250e+02,
3.030914916992187500e+02,
3.313473815917968750e+02,
3.250668029785156250e+02,
3.268939514160156250e+02,
3.437605590820312500e+02,
3.581242675781250000e+02,
3.710155639648437500e+02,
3.642941284179687500e+02,
3.723702392578125000e+02,
3.343578491210937500e+02,
3.231296386718750000e+02,
3.048816833496093750e+02,
2.681297607421875000e+02,
2.537825622558593750e+02,
2.687134399414062500e+02,
2.804367980957031250e+02,
2.892250976562500000e+02,
2.688960266113281250e+02,
2.728613891601562500e+02,
2.945425720214843750e+02,
2.957038269042968750e+02,
2.664880371093750000e+02,
2.603436889648437500e+02,
2.425294036865234375e+02,
2.436312255859375000e+02,
2.261676635742187500e+02,
2.560817565917968750e+02,
2.529469146728515625e+02,
2.947190246582031250e+02,
2.842453308105468750e+02,
2.965993652343750000e+02,
2.982262268066406250e+02,
3.205480041503906250e+02,
3.048294677734375000e+02,
2.958574523925781250e+02,
3.011918029785156250e+02,
3.093153686523437500e+02,
3.024554748535156250e+02,
2.846897888183593750e+02,
2.984401855468750000e+02,
2.748164062500000000e+02,
2.788867187500000000e+02,
2.841050415039062500e+02,
2.771292114257812500e+02,
2.900927124023437500e+02,
3.152949829101562500e+02,
3.025672302246093750e+02,
2.995795288085937500e+02,
3.134108581542968750e+02,
3.079119873046875000e+02,
3.492292785644531250e+02,
3.175891723632812500e+02,
3.098847045898437500e+02,
3.330851440429687500e+02,
3.470016479492187500e+02,
3.633820495605468750e+02,
3.657799072265625000e+02,
3.660749206542968750e+02,
3.770701904296875000e+02,
3.902145385742187500e+02,
3.872397766113281250e+02,
3.725451660156250000e+02,
3.744357910156250000e+02,
3.618822021484375000e+02,
3.597064819335937500e+02,
3.291254577636718750e+02,
3.316683044433593750e+02,
3.403975219726562500e+02,
3.426441650390625000e+02,
3.550147399902343750e+02,
3.733311157226562500e+02,
3.686741027832031250e+02,
3.822816772460937500e+02,
4.182320251464843750e+02,
3.793826599121093750e+02,
3.603240966796875000e+02,
3.650846862792968750e+02,
3.423529052734375000e+02,
3.443040466308593750e+02,
3.610534973144531250e+02,
3.644192504882812500e+02,
3.849908447265625000e+02,
3.900064697265625000e+02,
4.364752502441406250e+02,
4.478255004882812500e+02,
4.621685485839843750e+02,
4.565673522949218750e+02,
5.317447509765625000e+02,
4.857774658203125000e+02,
4.821529235839843750e+02,
4.960784606933593750e+02,
4.600396728515625000e+02,
4.097081604003906250e+02,
4.056369323730468750e+02,
4.087874145507812500e+02,
3.870472412109375000e+02,
3.824960327148437500e+02,
4.000539245605468750e+02,
3.991706542968750000e+02,
3.993886108398437500e+02,
4.309649658203125000e+02,
4.632181396484375000e+02,
4.968589477539062500e+02,
4.383501892089843750e+02,
4.618197631835937500e+02,
4.628612670898437500e+02,
4.471253051757812500e+02,
4.526848449707031250e+02,
4.504197387695312500e+02,
4.676134948730468750e+02,
4.457375488281250000e+02,
4.650489807128906250e+02,
4.645753173828125000e+02,
4.459183044433593750e+02,
4.656561279296875000e+02,
4.576637878417968750e+02,
4.868580932617187500e+02,
5.379028320312500000e+02,
5.011668090820312500e+02,
5.305825805664062500e+02,
5.148427734375000000e+02,
5.065418395996093750e+02,
4.935567321777343750e+02,
4.921264953613281250e+02,
4.596231079101562500e+02,
4.304489440917968750e+02,
4.415877075195312500e+02,
4.420883178710937500e+02,
4.536593933105468750e+02,
4.373214721679687500e+02,
4.709743652343750000e+02,
4.977729797363281250e+02,
4.998469848632812500e+02,
5.057920227050781250e+02,
4.812952270507812500e+02,
4.620773925781250000e+02,
4.642851562500000000e+02,
4.965687561035156250e+02,
4.963952636718750000e+02,
4.914650573730468750e+02,
4.807682800292968750e+02,
4.846418762207031250e+02,
4.846771545410156250e+02,
4.980619201660156250e+02,
5.008958435058593750e+02,
5.246477661132812500e+02,
4.917175598144531250e+02,
4.823172302246093750e+02,
4.773507995605468750e+02,
4.515553283691406250e+02,
4.822673645019531250e+02,
4.683371582031250000e+02,
4.400124816894531250e+02,
4.394067687988281250e+02,
4.651660461425781250e+02,
4.316255187988281250e+02,
4.279229125976562500e+02,
4.194107360839843750e+02,
4.016125183105468750e+02,
4.264992675781250000e+02,
3.899662475585937500e+02,
3.770302429199218750e+02,
3.482666931152343750e+02,
3.296463623046875000e+02,
3.427318420410156250e+02,
3.370433044433593750e+02,
2.936809082031250000e+02,
2.993413696289062500e+02,
2.942278442382812500e+02,
3.010313110351562500e+02,
3.068963317871093750e+02,
3.266756591796875000e+02,
3.348581848144531250e+02,
3.586054687500000000e+02,
3.252068481445312500e+02,
3.686732482910156250e+02,
3.997511291503906250e+02,
3.743098754882812500e+02,
3.895948181152343750e+02,
4.158306884765625000e+02,
4.325023803710937500e+02,
4.136584472656250000e+02,
3.982392883300781250e+02,
3.961513061523437500e+02,
3.824139709472656250e+02,
3.950348510742187500e+02,
4.016430358886718750e+02,
4.241688537597656250e+02,
4.669370422363281250e+02,
4.858632202148437500e+02,
4.879467163085937500e+02,
4.983642883300781250e+02,
4.913922119140625000e+02,
4.650416870117187500e+02,
4.255569458007812500e+02,
4.010992736816406250e+02,
3.904112243652343750e+02,
3.702178955078125000e+02,
3.730968017578125000e+02,
4.063778686523437500e+02,
4.308956604003906250e+02,
4.415506896972656250e+02,
4.364494628906250000e+02,
4.488613891601562500e+02,
4.565142517089843750e+02,
4.625671386718750000e+02,
4.473729858398437500e+02,
4.231319885253906250e+02,
4.111589965820312500e+02,
3.883415527343750000e+02,
3.801664733886718750e+02,
3.841105346679687500e+02,
3.527259216308593750e+02,
3.579644470214843750e+02,
3.758976135253906250e+02,
4.070459899902343750e+02,
3.721520690917968750e+02,
3.366606140136718750e+02,
3.300996704101562500e+02,
4.421698303222656250e+02,
1.012422851562500000e+03,
1.593486816406250000e+03,
2.122711669921875000e+03,
2.473140625000000000e+03,
2.768505126953125000e+03,
3.052381835937500000e+03,
3.469063964843750000e+03,
3.583059814453125000e+03,
3.554328369140625000e+03,
3.442961669921875000e+03,
3.312307373046875000e+03,
2.979067138671875000e+03,
2.689552490234375000e+03,
2.518036376953125000e+03,
2.570805175781250000e+03,
2.712118408203125000e+03,
2.690714843750000000e+03,
2.271488037109375000e+03,
2.095370361328125000e+03,
2.081026367187500000e+03,
1.925530761718750000e+03,
1.684303100585937500e+03,
1.604857421875000000e+03,
1.533954223632812500e+03,
1.474349975585937500e+03,
1.649134521484375000e+03,
1.843767089843750000e+03,
1.827975341796875000e+03,
1.671954956054687500e+03,
1.394949951171875000e+03,
1.193597412109375000e+03,
1.069497924804687500e+03,
9.423027954101562500e+02,
9.829465942382812500e+02,
1.030754394531250000e+03,
9.708690185546875000e+02,
8.867979125976562500e+02,
9.120866699218750000e+02,
8.960399169921875000e+02,
9.269415893554687500e+02,
9.587234497070312500e+02,
8.727261962890625000e+02,
7.868954467773437500e+02,
6.845697021484375000e+02,
6.622686767578125000e+02,
6.757539062500000000e+02,
6.975528564453125000e+02,
7.041469726562500000e+02,
6.959590454101562500e+02,
7.257508544921875000e+02,
7.756609497070312500e+02,
7.814203491210937500e+02,
7.676596069335937500e+02,
7.162818603515625000e+02,
7.393845214843750000e+02,
7.469184570312500000e+02,
7.932774047851562500e+02,
8.592874755859375000e+02,
9.202852172851562500e+02,
9.701867065429687500e+02,
9.741647949218750000e+02,
9.284262084960937500e+02,
8.444407958984375000e+02,
7.326398315429687500e+02,
6.485076293945312500e+02,
6.140868530273437500e+02,
5.912809448242187500e+02,
5.853694458007812500e+02,
5.353095092773437500e+02,
5.525312500000000000e+02,
5.367937622070312500e+02,
5.707315063476562500e+02,
5.624462280273437500e+02,
5.834287109375000000e+02,
5.903828735351562500e+02,
5.709960327148437500e+02,
5.481522827148437500e+02,
5.343839111328125000e+02,
4.959089965820312500e+02,
4.872771301269531250e+02,
4.688774719238281250e+02,
4.608011474609375000e+02,
4.474069519042968750e+02,
4.537215881347656250e+02,
4.796895751953125000e+02,
5.067726440429687500e+02,
5.402646484375000000e+02,
5.289069213867187500e+02,
5.302908935546875000e+02,
5.039285278320312500e+02,
5.185698852539062500e+02,
5.103010559082031250e+02,
5.294187011718750000e+02,
5.403812255859375000e+02,
5.690526733398437500e+02,
5.759512329101562500e+02,
6.163980102539062500e+02,
6.175366210937500000e+02,
5.889703979492187500e+02,
5.775463867187500000e+02,
5.753548583984375000e+02,
5.508683471679687500e+02,
5.635304565429687500e+02,
5.810460815429687500e+02,
5.491575927734375000e+02,
6.187765502929687500e+02,
5.876290283203125000e+02,
5.969485473632812500e+02,
5.624129028320312500e+02,
5.377509155273437500e+02,
4.920262756347656250e+02,
4.864547119140625000e+02,
5.188346557617187500e+02,
5.168754882812500000e+02,
5.038121337890625000e+02,
5.167244262695312500e+02,
5.155601806640625000e+02,
4.833632507324218750e+02,
4.866509399414062500e+02,
4.855640563964843750e+02,
4.710071411132812500e+02,
4.473208923339843750e+02,
4.451134948730468750e+02,
4.249810180664062500e+02,
4.730000915527343750e+02,
4.900975646972656250e+02,
4.787633972167968750e+02,
4.972119445800781250e+02,
4.968238220214843750e+02,
4.893154907226562500e+02,
5.216761474609375000e+02,
4.969879760742187500e+02,
4.855482177734375000e+02,
5.146380004882812500e+02,
5.162716064453125000e+02,
5.277009887695312500e+02,
5.242514038085937500e+02,
5.120209960937500000e+02,
5.443903198242187500e+02,
5.502344970703125000e+02,
5.707262573242187500e+02,
5.880186767578125000e+02,
6.069640502929687500e+02,
5.705133056640625000e+02,
5.878800659179687500e+02,
5.250557250976562500e+02,
4.778384399414062500e+02,
4.666711730957031250e+02,
4.626971435546875000e+02,
4.291953125000000000e+02,
4.116805419921875000e+02,
4.245467224121093750e+02,
4.532994384765625000e+02,
4.772574768066406250e+02,
5.066403198242187500e+02,
5.188837280273437500e+02,
5.624313354492187500e+02,
5.780679931640625000e+02,
5.972387695312500000e+02,
6.286293334960937500e+02,
6.457227783203125000e+02,
6.161745605468750000e+02,
6.072506713867187500e+02,
5.697002563476562500e+02,
5.551225585937500000e+02,
5.373509521484375000e+02,
5.485018920898437500e+02,
5.541979370117187500e+02,
5.568643798828125000e+02,
5.577493896484375000e+02,
5.373485107421875000e+02,
5.658275756835937500e+02,
5.450089721679687500e+02,
5.623902587890625000e+02,
5.235647583007812500e+02,
5.074435729980468750e+02,
5.066552429199218750e+02,
5.065373229980468750e+02,
6.734920043945312500e+02,
6.737297363281250000e+02,
6.877974853515625000e+02,
6.264788818359375000e+02,
4.544441833496093750e+02,
4.800099182128906250e+02,
5.232893676757812500e+02,
5.289238891601562500e+02,
5.264498901367187500e+02,
5.681746215820312500e+02,
6.281896362304687500e+02,
7.124473876953125000e+02,
7.487821655273437500e+02,
7.534963989257812500e+02,
6.830151367187500000e+02,
6.233823852539062500e+02,
5.626085205078125000e+02,
5.827987670898437500e+02,
5.970227050781250000e+02,
6.121138305664062500e+02,
5.469608764648437500e+02,
4.974410705566406250e+02,
4.636004638671875000e+02,
4.796048889160156250e+02,
4.798854370117187500e+02,
5.084506225585937500e+02,
5.123563232421875000e+02,
4.370394592285156250e+02,
4.155911254882812500e+02,
4.161237182617187500e+02,
3.987080383300781250e+02,
4.108781127929687500e+02,
4.306969299316406250e+02,
4.205461425781250000e+02,
3.812397460937500000e+02,
3.617398681640625000e+02,
3.049059753417968750e+02,
3.121688537597656250e+02,
3.504373168945312500e+02,
3.059147644042968750e+02,
2.880487365722656250e+02,
2.935469665527343750e+02,
2.744516601562500000e+02,
2.543526153564453125e+02,
2.595373229980468750e+02,
2.472508544921875000e+02,
2.518085937500000000e+02,
2.691311340332031250e+02,
2.770443420410156250e+02,
2.685254211425781250e+02,
2.799189758300781250e+02,
2.744067077636718750e+02,
2.866330261230468750e+02,
2.610031433105468750e+02,
2.582899475097656250e+02,
2.880753173828125000e+02,
2.939829406738281250e+02,
2.937716674804687500e+02,
2.915864868164062500e+02,
2.966592712402343750e+02,
3.138925476074218750e+02,
3.583601684570312500e+02,
3.437911682128906250e+02,
3.172331237792968750e+02,
3.252965393066406250e+02,
3.250711975097656250e+02,
2.655580444335937500e+02,
2.254243774414062500e+02,
1.982749481201171875e+02,
2.154357299804687500e+02,
2.192371673583984375e+02,
2.651371765136718750e+02,
2.978219909667968750e+02,
3.379681091308593750e+02,
3.675287475585937500e+02,
4.045934753417968750e+02,
4.151269836425781250e+02,
3.815782165527343750e+02,
3.477119750976562500e+02,
3.176344909667968750e+02,
3.090101928710937500e+02,
3.257951354980468750e+02,
3.085517578125000000e+02,
2.884913635253906250e+02,
2.733995666503906250e+02,
2.943898925781250000e+02,
3.246607360839843750e+02,
3.008000793457031250e+02,
3.263855285644531250e+02,
3.375229797363281250e+02,
3.383823242187500000e+02,
3.342181396484375000e+02,
3.420498046875000000e+02,
3.229928283691406250e+02,
3.302182617187500000e+02,
3.340640869140625000e+02,
3.392070312500000000e+02,
3.629573974609375000e+02,
3.350423278808593750e+02,
3.917676086425781250e+02,
4.259099731445312500e+02,
4.351240234375000000e+02,
4.242664794921875000e+02,
4.411377868652343750e+02,
4.026571960449218750e+02,
3.859534301757812500e+02,
3.807507934570312500e+02,
4.002292480468750000e+02,
4.363647766113281250e+02,
4.676144714355468750e+02,
4.322906799316406250e+02,
4.374168395996093750e+02,
4.718375549316406250e+02,
4.798414001464843750e+02,
5.193126831054687500e+02,
5.540321044921875000e+02,
5.676975097656250000e+02,
5.649580688476562500e+02,
5.460911865234375000e+02,
5.087441711425781250e+02,
4.757303466796875000e+02,
4.912585449218750000e+02,
5.290270996093750000e+02,
5.248771362304687500e+02,
5.442274780273437500e+02,
5.552926025390625000e+02,
5.170211791992187500e+02,
5.140446777343750000e+02,
5.415808715820312500e+02,
5.618197631835937500e+02,
5.406019287109375000e+02,
5.753670043945312500e+02,
6.092492065429687500e+02,
6.075914306640625000e+02,
5.500724487304687500e+02,
5.592102050781250000e+02,
5.587401733398437500e+02,
5.629478759765625000e+02,
5.599786987304687500e+02,
5.592174682617187500e+02,
5.988243408203125000e+02,
5.569794311523437500e+02,
5.866928710937500000e+02,
6.034039306640625000e+02,
5.805167846679687500e+02,
5.865357666015625000e+02,
5.574575805664062500e+02,
5.161774902343750000e+02,
4.962461853027343750e+02,
5.054139404296875000e+02,
4.706786193847656250e+02,
4.759263000488281250e+02,
4.506358947753906250e+02,
3.922098388671875000e+02,
3.793695373535156250e+02,
3.515197143554687500e+02,
3.313993530273437500e+02,
3.456127319335937500e+02,
3.329971618652343750e+02,
3.777229614257812500e+02,
3.900771789550781250e+02,
4.328540954589843750e+02,
4.618152160644531250e+02,
4.506746520996093750e+02,
4.516786193847656250e+02,
4.634822082519531250e+02,
4.912971191406250000e+02,
5.076426391601562500e+02,
5.506549682617187500e+02,
5.215183715820312500e+02,
4.581362304687500000e+02,
4.628172302246093750e+02,
4.727799682617187500e+02,
5.073961181640625000e+02,
5.309479370117187500e+02,
5.580278320312500000e+02,
5.320515747070312500e+02,
4.755091247558593750e+02,
4.188697509765625000e+02,
4.444469604492187500e+02,
4.223209838867187500e+02,
6.758031616210937500e+02,
1.695916625976562500e+03,
3.146636474609375000e+03,
4.224332031250000000e+03,
5.337176757812500000e+03,
5.838551269531250000e+03,
5.416767578125000000e+03,
5.120730957031250000e+03,
4.591350097656250000e+03,
4.043197998046875000e+03,
3.605962890625000000e+03,
2.792057861328125000e+03,
2.394384765625000000e+03,
2.463129150390625000e+03,
2.495089355468750000e+03,
2.317629882812500000e+03,
1.955565063476562500e+03,
1.508478881835937500e+03,
1.253254150390625000e+03,
1.267788696289062500e+03,
1.201461791992187500e+03,
1.091024047851562500e+03,
1.045731933593750000e+03,
9.189503784179687500e+02,
8.193414306640625000e+02,
9.288294677734375000e+02,
9.768406982421875000e+02,
9.380364990234375000e+02,
9.889447021484375000e+02,
1.034348876953125000e+03,
1.183602416992187500e+03,
1.205180297851562500e+03,
1.076601562500000000e+03,
8.724667968750000000e+02,
7.117766723632812500e+02,
6.342802734375000000e+02,
5.847267456054687500e+02,
5.831782226562500000e+02,
5.932005615234375000e+02,
5.760275878906250000e+02,
5.554291992187500000e+02,
5.432160644531250000e+02,
5.182421875000000000e+02,
5.182084350585937500e+02,
5.472155761718750000e+02,
5.577944946289062500e+02,
6.028059082031250000e+02,
6.160416259765625000e+02,
6.042413330078125000e+02,
6.197384033203125000e+02,
6.422261352539062500e+02,
6.580343017578125000e+02,
6.295901489257812500e+02,
6.365597534179687500e+02,
6.010370483398437500e+02,
6.216366577148437500e+02,
5.813646850585937500e+02,
5.399763183593750000e+02,
5.323140258789062500e+02,
5.297130126953125000e+02,
5.112333374023437500e+02,
5.518684692382812500e+02,
5.116858825683593750e+02,
5.410464477539062500e+02,
5.250812988281250000e+02,
5.249194335937500000e+02,
5.291832885742187500e+02,
5.771452636718750000e+02,
5.874454345703125000e+02,
5.864637451171875000e+02,
5.967444458007812500e+02,
6.145000000000000000e+02,
6.356021728515625000e+02,
6.332849731445312500e+02,
5.926265258789062500e+02,
5.496566772460937500e+02,
4.986191711425781250e+02,
5.191964721679687500e+02,
5.537974853515625000e+02,
6.349548950195312500e+02,
6.581541137695312500e+02,
6.671226806640625000e+02,
6.854136962890625000e+02,
6.702085571289062500e+02,
6.109880981445312500e+02,
6.222728881835937500e+02,
6.080948486328125000e+02,
6.171770629882812500e+02,
5.894379272460937500e+02,
6.011862182617187500e+02,
6.302593383789062500e+02,
6.691949462890625000e+02,
7.281762084960937500e+02,
7.312584838867187500e+02,
5.982019653320312500e+02,
6.149293823242187500e+02,
7.367045288085937500e+02,
7.879086914062500000e+02,
7.651400756835937500e+02,
7.212109375000000000e+02,
6.623905639648437500e+02,
6.699417724609375000e+02,
6.719437255859375000e+02,
5.981482543945312500e+02,
5.138664550781250000e+02,
5.112447509765625000e+02,
5.447224121093750000e+02,
4.954476623535156250e+02,
4.373267822265625000e+02,
4.452677001953125000e+02,
4.486045227050781250e+02,
4.325085144042968750e+02,
3.970174255371093750e+02,
3.853995971679687500e+02,
3.378857116699218750e+02,
3.411448059082031250e+02,
3.313518066406250000e+02,
2.836607360839843750e+02,
2.703196105957031250e+02,
2.934315490722656250e+02,
2.711268310546875000e+02,
2.782765502929687500e+02,
2.992601318359375000e+02,
2.964628906250000000e+02,
3.003047180175781250e+02,
2.834478454589843750e+02,
3.141050109863281250e+02,
2.934283447265625000e+02,
3.142251281738281250e+02,
3.220655822753906250e+02,
3.515432434082031250e+02,
3.448015747070312500e+02,
3.228196411132812500e+02,
2.892492675781250000e+02,
2.717382507324218750e+02,
2.573284301757812500e+02,
2.619455871582031250e+02,
3.597191772460937500e+02,
3.840984802246093750e+02,
4.214706726074218750e+02,
4.112318115234375000e+02,
3.759698181152343750e+02,
3.555071105957031250e+02,
3.339996337890625000e+02,
3.315167846679687500e+02,
3.153825378417968750e+02,
3.223149108886718750e+02,
3.278504028320312500e+02,
3.685578613281250000e+02,
4.093945007324218750e+02,
3.708728637695312500e+02,
3.638719787597656250e+02,
3.558982543945312500e+02,
3.548874816894531250e+02,
3.652881164550781250e+02,
3.926917724609375000e+02,
4.504827880859375000e+02,
4.489705810546875000e+02,
4.322616271972656250e+02,
4.318417663574218750e+02,
4.507802429199218750e+02,
4.518189697265625000e+02,
4.941422424316406250e+02,
5.197507324218750000e+02,
5.271663818359375000e+02,
5.787257690429687500e+02,
5.960119018554687500e+02,
6.340059204101562500e+02,
6.152431640625000000e+02,
5.828419799804687500e+02,
5.971342773437500000e+02,
6.192113037109375000e+02,
6.061009521484375000e+02,
6.214966430664062500e+02,
5.910726928710937500e+02,
5.659617309570312500e+02,
5.907629394531250000e+02,
6.744888305664062500e+02,
6.401437377929687500e+02,
6.512692260742187500e+02,
6.421004638671875000e+02,
5.844137573242187500e+02,
5.892210083007812500e+02,
5.896923828125000000e+02,
6.110074462890625000e+02,
6.194008178710937500e+02,
6.084636230468750000e+02,
6.254677124023437500e+02,
5.057817687988281250e+02,
4.923381652832031250e+02,
4.839792785644531250e+02,
4.406571044921875000e+02,
3.964499816894531250e+02,
3.884617004394531250e+02,
3.694338989257812500e+02,
3.974439086914062500e+02,
4.552028808593750000e+02,
4.953445129394531250e+02,
5.275348510742187500e+02,
5.373037109375000000e+02,
5.116386718750000000e+02,
5.047542724609375000e+02,
5.311188354492187500e+02,
5.126890869140625000e+02,
5.006426086425781250e+02,
5.077102050781250000e+02,
5.328512573242187500e+02,
5.094894104003906250e+02,
4.783298950195312500e+02,
5.780584106445312500e+02,
1.892922485351562500e+03,
3.955777343750000000e+03,
5.606332031250000000e+03,
6.746857421875000000e+03,
7.537166503906250000e+03,
6.978883789062500000e+03,
5.648336425781250000e+03,
4.477770507812500000e+03,
3.813716552734375000e+03,
3.228542236328125000e+03,
2.752929443359375000e+03,
2.350164062500000000e+03,
1.722090820312500000e+03,
1.460726196289062500e+03,
1.318629272460937500e+03,
1.156109619140625000e+03,
1.149060913085937500e+03,
1.094791259765625000e+03,
1.255636596679687500e+03,
1.318346923828125000e+03,
1.403843505859375000e+03,
1.261155395507812500e+03,
1.053334594726562500e+03,
8.031925048828125000e+02,
6.790443725585937500e+02,
6.154753417968750000e+02,
5.646002197265625000e+02,
5.611444091796875000e+02,
5.927729492187500000e+02,
5.986222534179687500e+02,
6.089426879882812500e+02,
6.495819091796875000e+02,
6.737957153320312500e+02,
6.707056884765625000e+02,
6.667434082031250000e+02,
6.615354003906250000e+02,
6.408431396484375000e+02,
6.072564086914062500e+02,
5.903419189453125000e+02,
5.495031738281250000e+02,
5.411680908203125000e+02,
5.765394287109375000e+02,
5.313458251953125000e+02,
5.608505249023437500e+02,
5.896264038085937500e+02,
6.253452758789062500e+02,
6.400986328125000000e+02,
6.800229492187500000e+02,
6.664845581054687500e+02,
6.411911010742187500e+02,
6.166498413085937500e+02,
6.064125976562500000e+02,
6.381026611328125000e+02,
7.201978149414062500e+02,
6.940788574218750000e+02,
6.963938598632812500e+02,
7.027560424804687500e+02,
6.773795776367187500e+02,
6.581260986328125000e+02,
