5.172551269531250000e+02,
5.367168579101562500e+02,
5.663591918945312500e+02,
5.172580566406250000e+02,
4.582081298828125000e+02,
4.603061218261718750e+02,
5.006053771972656250e+02,
4.994488220214843750e+02,
4.897337951660156250e+02,
5.256338500976562500e+02,
5.435526733398437500e+02,
5.695576782226562500e+02,
5.571283569335937500e+02,
5.787913818359375000e+02,
5.678934326171875000e+02,
5.434782104492187500e+02,
5.321583862304687500e+02,
5.131693725585937500e+02,
5.136032714843750000e+02,
5.038958435058593750e+02,
5.161747436523437500e+02,
5.171890869140625000e+02,
5.219229125976562500e+02,
5.261537475585937500e+02,
5.097670288085937500e+02,
5.137064819335937500e+02,
4.828221740722656250e+02,
5.239473266601562500e+02,
5.317487792968750000e+02,
5.781151733398437500e+02,
5.998176879882812500e+02,
6.261119995117187500e+02,
6.263441162109375000e+02,
6.052913208007812500e+02,
5.515849609375000000e+02,
5.482478027343750000e+02,
5.359336547851562500e+02,
5.661463623046875000e+02,
5.840993652343750000e+02,
5.754650268554687500e+02,
5.946154174804687500e+02,
6.020635375976562500e+02,
5.903341674804687500e+02,
5.917695312500000000e+02,
5.970060424804687500e+02,
5.573491210937500000e+02,
5.089684753417968750e+02,
4.764595031738281250e+02,
4.547648315429687500e+02,
4.818751220703125000e+02,
5.180869140625000000e+02,
5.111963500976562500e+02,
5.043099670410156250e+02,
5.530527954101562500e+02,
5.073745727539062500e+02,
5.229539184570312500e+02,
5.267911987304687500e+02,
5.346860961914062500e+02,
4.821071472167968750e+02,
4.726530151367187500e+02,
4.691436157226562500e+02,
4.693872375488281250e+02,
4.706678161621093750e+02,
4.498768005371093750e+02,
4.825148620605468750e+02,
4.576821594238281250e+02,
4.958731079101562500e+02,
5.202609252929687500e+02,
5.228717041015625000e+02,
5.355390014648437500e+02,
5.332344360351562500e+02,
5.051098937988281250e+02,
4.954951477050781250e+02,
5.089259643554687500e+02,
5.465081787109375000e+02,
5.344948730468750000e+02,
5.977461547851562500e+02,
6.259779663085937500e+02,
6.763320922851562500e+02,
6.954024658203125000e+02,
6.907425537109375000e+02,
6.489758300781250000e+02,
6.366716308593750000e+02,
6.057113037109375000e+02,
6.255988159179687500e+02,
6.739663085937500000e+02,
6.759379882812500000e+02,
6.811284179687500000e+02,
6.726181640625000000e+02,
6.611673583984375000e+02,
6.588229980468750000e+02,
6.081052246093750000e+02,
6.077380981445312500e+02,
5.616318969726562500e+02,
5.408972167968750000e+02,
5.690762939453125000e+02,
5.898883666992187500e+02,
6.002186889648437500e+02,
5.959400024414062500e+02,
6.296101684570312500e+02,
6.014505004882812500e+02,
6.129302368164062500e+02,
6.281609497070312500e+02,
6.313701171875000000e+02,
6.245689086914062500e+02,
6.339823608398437500e+02,
6.396519775390625000e+02,
6.423630981445312500e+02,
6.556074218750000000e+02,
6.524530639648437500e+02,
6.332199707031250000e+02,
6.415415649414062500e+02,
6.321917724609375000e+02,
6.399127197265625000e+02,
6.083940429687500000e+02,
6.039628906250000000e+02,
5.906912231445312500e+02,
5.617225952148437500e+02,
5.625641479492187500e+02,
5.879357299804687500e+02,
5.661125488281250000e+02,
5.828526000976562500e+02,
5.848841552734375000e+02,
6.020480957031250000e+02,
6.381248779296875000e+02,
6.163345947265625000e+02,
6.258629760742187500e+02,
5.953524780273437500e+02,
5.808279418945312500e+02,
5.595053100585937500e+02,
5.691259765625000000e+02,
5.638611450195312500e+02,
5.948245849609375000e+02,
5.599884033203125000e+02,
5.933476562500000000e+02,
6.152079467773437500e+02,
6.351814575195312500e+02,
6.300830688476562500e+02,
6.234688110351562500e+02,
6.058272705078125000e+02,
6.011372070312500000e+02,
5.923361206054687500e+02,
5.558635864257812500e+02,
5.305999755859375000e+02,
5.831721801757812500e+02,
4.946118164062500000e+02,
5.450164794921875000e+02,
5.286941528320312500e+02,
5.489940185546875000e+02,
5.784611206054687500e+02,
5.645957641601562500e+02,
5.487720336914062500e+02,
5.341782836914062500e+02,
5.167435913085937500e+02,
5.384565429687500000e+02,
4.971798706054687500e+02,
4.988786010742187500e+02,
4.830456542968750000e+02,
4.844344177246093750e+02,
4.873434448242187500e+02,
5.036966247558593750e+02,
4.813272399902343750e+02,
4.751115722656250000e+02,
4.549582519531250000e+02,
4.620645446777343750e+02,
4.374980163574218750e+02,
4.412032165527343750e+02,
4.250261535644531250e+02,
4.009386596679687500e+02,
4.203030090332031250e+02,
4.143380432128906250e+02,
4.239910583496093750e+02,
4.066107788085937500e+02,
4.547544860839843750e+02,
4.454500732421875000e+02,
4.178265686035156250e+02,
3.824278564453125000e+02,
3.784050903320312500e+02,
3.670043029785156250e+02,
3.735258483886718750e+02,
3.728290100097656250e+02,
3.927397460937500000e+02,
4.098776245117187500e+02,
4.248408813476562500e+02,
4.003800964355468750e+02,
4.368839721679687500e+02,
4.323732299804687500e+02,
4.373890075683593750e+02,
4.663111877441406250e+02,
4.486167297363281250e+02,
3.972253112792968750e+02,
4.077688293457031250e+02,
3.989888305664062500e+02,
4.086738891601562500e+02,
4.165951232910156250e+02,
4.794755249023437500e+02,
4.282453918457031250e+02,
4.668226623535156250e+02,
4.714031372070312500e+02,
4.884148254394531250e+02,
4.972931823730468750e+02,
4.995901184082031250e+02,
4.940288696289062500e+02,
4.825921936035156250e+02,
4.612176818847656250e+02,
4.437836914062500000e+02,
4.431053771972656250e+02,
4.163865966796875000e+02,
4.359174804687500000e+02,
4.160917358398437500e+02,
4.360852966308593750e+02,
4.395025329589843750e+02,
4.381852416992187500e+02,
4.351332397460937500e+02,
4.392114562988281250e+02,
4.281716003417968750e+02,
4.482407226562500000e+02,
4.879002990722656250e+02,
5.024295959472656250e+02,
4.862171325683593750e+02,
5.022521667480468750e+02,
4.820949707031250000e+02,
4.767299804687500000e+02,
4.757739562988281250e+02,
4.947139282226562500e+02,
4.714927673339843750e+02,
4.404418334960937500e+02,
4.437830505371093750e+02,
4.305003051757812500e+02,
4.190365295410156250e+02,
4.529515686035156250e+02,
4.479460449218750000e+02,
4.889575500488281250e+02,
4.650072326660156250e+02,
4.678374633789062500e+02,
4.471599426269531250e+02,
4.346068420410156250e+02,
4.671380615234375000e+02,
4.446166992187500000e+02,
4.674901428222656250e+02,
4.744353637695312500e+02,
4.619974670410156250e+02,
4.596089782714843750e+02,
5.058312072753906250e+02,
5.464075317382812500e+02,
5.295504150390625000e+02,
5.504972534179687500e+02,
5.187661743164062500e+02,
5.274065551757812500e+02,
5.167253417968750000e+02,
5.265102539062500000e+02,
5.246382446289062500e+02,
5.459862060546875000e+02,
5.210220947265625000e+02,
5.400329589843750000e+02,
5.462829589843750000e+02,
5.525473632812500000e+02,
5.135922851562500000e+02,
4.869184875488281250e+02,
5.284045410156250000e+02,
4.612633056640625000e+02,
4.367535400390625000e+02,
4.144128112792968750e+02,
3.925986328125000000e+02,
3.925161743164062500e+02,
3.877059020996093750e+02,
3.883883361816406250e+02,
3.878817749023437500e+02,
4.071181030273437500e+02,
4.019729003906250000e+02,
4.212234191894531250e+02,
4.037560729980468750e+02,
3.967089233398437500e+02,
3.892305908203125000e+02,
4.007354736328125000e+02,
3.699765014648437500e+02,
3.537713012695312500e+02,
3.757096557617187500e+02,
3.791846618652343750e+02,
3.692135620117187500e+02,
3.840301208496093750e+02,
3.680944519042968750e+02,
3.808724060058593750e+02,
3.603745727539062500e+02,
3.500383605957031250e+02,
3.679488220214843750e+02,
3.789323425292968750e+02,
3.990011901855468750e+02,
3.894323120117187500e+02,
3.936876831054687500e+02,
4.003753356933593750e+02,
4.045806579589843750e+02,
4.549086303710937500e+02,
4.701116943359375000e+02,
4.938192138671875000e+02,
5.070444335937500000e+02,
5.401058349609375000e+02,
5.366387329101562500e+02,
5.286559448242187500e+02,
5.171544799804687500e+02,
5.253945312500000000e+02,
4.746639404296875000e+02,
4.429583129882812500e+02,
4.037935791015625000e+02,
3.996529541015625000e+02,
4.835307006835937500e+02,
5.193347778320312500e+02,
5.839353027343750000e+02,
6.144476318359375000e+02,
6.314658203125000000e+02,
6.437437744140625000e+02,
6.072428588867187500e+02,
6.323303222656250000e+02,
5.997926025390625000e+02,
5.659920654296875000e+02,
5.356993408203125000e+02,
5.428317260742187500e+02,
5.558228759765625000e+02,
5.441690063476562500e+02,
5.462683715820312500e+02,
5.476224365234375000e+02,
5.525825805664062500e+02,
5.226320190429687500e+02,
5.103900451660156250e+02,
4.979307861328125000e+02,
4.441051635742187500e+02,
4.520746459960937500e+02,
4.515119018554687500e+02,
4.337462158203125000e+02,
4.273208923339843750e+02,
4.294316711425781250e+02,
4.555206909179687500e+02,
4.542561645507812500e+02,
4.746100463867187500e+02,
4.777459106445312500e+02,
4.923309326171875000e+02,
4.884854736328125000e+02,
4.655302734375000000e+02,
4.513587646484375000e+02,
4.591384582519531250e+02,
4.056919555664062500e+02,
3.768204345703125000e+02,
4.587335815429687500e+02,
4.454194946289062500e+02,
4.757491760253906250e+02,
4.665856933593750000e+02,
4.731536560058593750e+02,
4.088156127929687500e+02,
3.917629394531250000e+02,
4.044930419921875000e+02,
4.432553710937500000e+02,
4.736149902343750000e+02,
4.730106506347656250e+02,
4.647417602539062500e+02,
4.844447937011718750e+02,
4.979067077636718750e+02,
5.023406372070312500e+02,
4.783807678222656250e+02,
4.785238037109375000e+02,
4.922053527832031250e+02,
4.961562500000000000e+02,
4.624755249023437500e+02,
4.629900512695312500e+02,
4.580953369140625000e+02,
4.327381896972656250e+02,
4.154971618652343750e+02,
3.967746582031250000e+02,
3.778347473144531250e+02,
3.426986694335937500e+02,
3.343535766601562500e+02,
3.276031494140625000e+02,
3.358221435546875000e+02,
3.095070190429687500e+02,
3.288476257324218750e+02,
3.458783264160156250e+02,
3.463326721191406250e+02,
3.440746765136718750e+02,
3.601903991699218750e+02,
3.430766601562500000e+02,
3.442917480468750000e+02,
3.442161254882812500e+02,
3.383149414062500000e+02,
3.421072998046875000e+02,
3.433827514648437500e+02,
3.711589660644531250e+02,
4.077079162597656250e+02,
5.716496582031250000e+02,
5.950490722656250000e+02,
5.827576293945312500e+02,
6.413515014648437500e+02,
6.342113647460937500e+02,
6.323063354492187500e+02,
6.600926513671875000e+02,
6.239619750976562500e+02,
6.075077514648437500e+02,
5.885411376953125000e+02,
5.943988037109375000e+02,
5.662279052734375000e+02,
6.181400146484375000e+02,
7.060348510742187500e+02,
7.055438842773437500e+02,
7.074791870117187500e+02,
6.643273315429687500e+02,
6.460070190429687500e+02,
6.334949340820312500e+02,
6.570333251953125000e+02,
6.754400634765625000e+02,
6.585215454101562500e+02,
6.158822631835937500e+02,
6.013994140625000000e+02,
5.903983764648437500e+02,
6.298305664062500000e+02,
6.444464111328125000e+02,
6.183156127929687500e+02,
5.628236694335937500e+02,
5.423428344726562500e+02,
5.084939880371093750e+02,
5.408385620117187500e+02,
5.757484741210937500e+02,
6.016369628906250000e+02,
5.854312133789062500e+02,
5.848060302734375000e+02,
6.075495605468750000e+02,
6.922988891601562500e+02,
7.416310424804687500e+02,
7.346653442382812500e+02,
7.692113647460937500e+02,
7.600038452148437500e+02,
7.452165527343750000e+02,
7.384682617187500000e+02,
6.968119506835937500e+02,
6.569370117187500000e+02,
6.426641235351562500e+02,
6.312112426757812500e+02,
6.860137329101562500e+02,
7.111455688476562500e+02,
7.029863281250000000e+02,
7.230307006835937500e+02,
7.169116821289062500e+02,
7.389553222656250000e+02,
7.702725219726562500e+02,
7.258720092773437500e+02,
6.896431274414062500e+02,
6.614278564453125000e+02,
6.458314208984375000e+02,
6.678602294921875000e+02,
6.904606323242187500e+02,
6.898218994140625000e+02,
6.946944580078125000e+02,
6.513540039062500000e+02,
6.342280883789062500e+02,
6.246813354492187500e+02,
6.525944213867187500e+02,
6.513826293945312500e+02,
6.721575927734375000e+02,
6.508378906250000000e+02,
6.744918823242187500e+02,
6.283829956054687500e+02,
6.127271728515625000e+02,
6.260261840820312500e+02,
5.929965209960937500e+02,
5.902210693359375000e+02,
6.022490234375000000e+02,
5.504072265625000000e+02,
5.448186645507812500e+02,
5.394956054687500000e+02,
4.777502441406250000e+02,
4.774851074218750000e+02,
4.660469360351562500e+02,
4.330502929687500000e+02,
4.370221557617187500e+02,
4.276312255859375000e+02,
4.557325439453125000e+02,
4.262580871582031250e+02,
4.354744262695312500e+02,
4.443252563476562500e+02,
4.441641540527343750e+02,
4.651273193359375000e+02,
5.092644653320312500e+02,
5.321246337890625000e+02,
5.000526733398437500e+02,
4.933774719238281250e+02,
5.338590698242187500e+02,
5.374549560546875000e+02,
5.750879516601562500e+02,
5.761394653320312500e+02,
5.684881591796875000e+02,
5.410567626953125000e+02,
5.222792968750000000e+02,
5.000799560546875000e+02,
5.116112060546875000e+02,
5.200504150390625000e+02,
5.468771362304687500e+02,
5.553297119140625000e+02,
5.790984497070312500e+02,
5.579071655273437500e+02,
5.735895996093750000e+02,
5.194323120117187500e+02,
4.885333251953125000e+02,
4.887375488281250000e+02,
4.829187316894531250e+02,
4.894951477050781250e+02,
5.057631225585937500e+02,
5.065139770507812500e+02,
4.810134277343750000e+02,
5.472005615234375000e+02,
6.286531982421875000e+02,
6.374276123046875000e+02,
6.118290405273437500e+02,
6.253185424804687500e+02,
6.166699829101562500e+02,
6.613708496093750000e+02,
6.034768676757812500e+02,
6.235858764648437500e+02,
5.858639526367187500e+02,
5.276765136718750000e+02,
5.022824401855468750e+02,
4.610972290039062500e+02,
4.198443603515625000e+02,
4.254137268066406250e+02,
4.217677917480468750e+02,
4.322801208496093750e+02,
4.045242614746093750e+02,
3.889251708984375000e+02,
4.160718078613281250e+02,
4.327319030761718750e+02,
4.476549682617187500e+02,
4.053432922363281250e+02,
4.407582092285156250e+02,
4.664010620117187500e+02,
4.991261901855468750e+02,
5.232468261718750000e+02,
5.799450073242187500e+02,
5.967650146484375000e+02,
5.737781982421875000e+02,
5.625474243164062500e+02,
5.385563964843750000e+02,
5.500831298828125000e+02,
6.223989257812500000e+02,
7.206799316406250000e+02,
7.219517822265625000e+02,
7.849421997070312500e+02,
7.312858276367187500e+02,
7.035520629882812500e+02,
6.771290893554687500e+02,
6.473801269531250000e+02,
6.235816650390625000e+02,
6.032507934570312500e+02,
5.371411743164062500e+02,
5.476994018554687500e+02,
5.381709594726562500e+02,
6.064318237304687500e+02,
5.861159057617187500e+02,
5.650540771484375000e+02,
5.449799194335937500e+02,
5.302613525390625000e+02,
4.994378051757812500e+02,
5.123501586914062500e+02,
4.950711669921875000e+02,
5.149334716796875000e+02,
4.744233703613281250e+02,
5.818607788085937500e+02,
5.151763916015625000e+02,
5.446260375976562500e+02,
5.275584106445312500e+02,
5.497695312500000000e+02,
5.123433837890625000e+02,
4.548724670410156250e+02,
4.471911926269531250e+02,
4.555987243652343750e+02,
3.549151916503906250e+02,
3.643349304199218750e+02,
3.564659729003906250e+02,
3.900380554199218750e+02,
3.623660888671875000e+02,
3.826214294433593750e+02,
3.703057861328125000e+02,
6.172817382812500000e+02,
6.452284545898437500e+02,
6.938439941406250000e+02,
6.814857177734375000e+02,
6.740802001953125000e+02,
6.351927490234375000e+02,
6.275702514648437500e+02,
6.730893554687500000e+02,
7.718193969726562500e+02,
7.550958251953125000e+02,
7.533851928710937500e+02,
6.867445678710937500e+02,
6.832450561523437500e+02,
7.127192382812500000e+02,
6.997916870117187500e+02,
6.939462280273437500e+02,
7.249094848632812500e+02,
6.923560180664062500e+02,
6.356338500976562500e+02,
5.933341064453125000e+02,
6.149119873046875000e+02,
6.048330688476562500e+02,
6.185640258789062500e+02,
6.969058227539062500e+02,
7.344180297851562500e+02,
7.746596069335937500e+02,
8.273284912109375000e+02,
8.360684204101562500e+02,
7.653019409179687500e+02,
7.185115966796875000e+02,
7.230751342773437500e+02,
7.292747192382812500e+02,
7.868763427734375000e+02,
7.864445800781250000e+02,
7.780039672851562500e+02,
7.910695800781250000e+02,
7.793197021484375000e+02,
7.321481933593750000e+02,
7.332457885742187500e+02,
7.531234741210937500e+02,
7.694184570312500000e+02,
7.218747558593750000e+02,
6.952319946289062500e+02,
6.893012695312500000e+02,
7.093390502929687500e+02,
7.018789672851562500e+02,
7.272324218750000000e+02,
7.005711059570312500e+02,
6.356123046875000000e+02,
6.192746582031250000e+02,
5.894625854492187500e+02,
5.860147094726562500e+02,
5.539196166992187500e+02,
5.114783630371093750e+02,
4.817025756835937500e+02,
4.772851562500000000e+02,
4.688695983886718750e+02,
4.694494628906250000e+02,
4.691722717285156250e+02,
4.853882141113281250e+02,
5.201475219726562500e+02,
5.228522338867187500e+02,
5.280797729492187500e+02,
5.638715820312500000e+02,
5.826841430664062500e+02,
5.824125366210937500e+02,
5.843859863281250000e+02,
5.773706054687500000e+02,
5.453897094726562500e+02,
5.615560913085937500e+02,
5.756913452148437500e+02,
5.992927246093750000e+02,
5.838453369140625000e+02,
5.839390258789062500e+02,
5.541529541015625000e+02,
5.442247924804687500e+02,
5.357185058593750000e+02,
5.370692138671875000e+02,
5.542345581054687500e+02,
6.116271362304687500e+02,
6.550586547851562500e+02,
6.713623657226562500e+02,
6.672575683593750000e+02,
6.491367187500000000e+02,
6.300389404296875000e+02,
5.640805664062500000e+02,
5.105657043457031250e+02,
4.639560241699218750e+02,
4.422680358886718750e+02,
4.380975952148437500e+02,
4.427709960937500000e+02,
4.231207275390625000e+02,
4.272684631347656250e+02,
4.566631774902343750e+02,
4.816657714843750000e+02,
5.355767211914062500e+02,
5.804515380859375000e+02,
5.962640380859375000e+02,
6.289548339843750000e+02,
6.049702758789062500e+02,
6.499061279296875000e+02,
7.055505371093750000e+02,
7.819140625000000000e+02,
8.554446411132812500e+02,
8.400158691406250000e+02,
7.733142700195312500e+02,
7.420532226562500000e+02,
6.607820434570312500e+02,
6.300861816406250000e+02,
6.594158325195312500e+02,
6.449815673828125000e+02,
6.227757568359375000e+02,
6.117734985351562500e+02,
5.485318603515625000e+02,
5.718591308593750000e+02,
5.641762084960937500e+02,
6.066754150390625000e+02,
5.834678955078125000e+02,
5.664935302734375000e+02,
5.517013549804687500e+02,
5.074073486328125000e+02,
4.640392761230468750e+02,
4.055886840820312500e+02,
3.720760498046875000e+02,
3.749251708984375000e+02,
3.759649963378906250e+02,
