1.302863525390625000e+03,
1.352126708984375000e+03,
1.382115722656250000e+03,
1.358505981445312500e+03,
1.178657348632812500e+03,
1.170207519531250000e+03,
1.191971191406250000e+03,
1.254644531250000000e+03,
1.284145874023437500e+03,
1.315792480468750000e+03,
1.339973022460937500e+03,
1.312238037109375000e+03,
1.223576538085937500e+03,
1.140623535156250000e+03,
1.136974243164062500e+03,
1.099552490234375000e+03,
1.108872314453125000e+03,
1.137855712890625000e+03,
1.202702148437500000e+03,
1.228773193359375000e+03,
1.249026855468750000e+03,
1.220184570312500000e+03,
1.312839111328125000e+03,
1.179994140625000000e+03,
1.104061889648437500e+03,
1.132627563476562500e+03,
1.034093872070312500e+03,
9.960271606445312500e+02,
9.636210327148437500e+02,
9.343054809570312500e+02,
1.004366149902343750e+03,
9.780000000000000000e+02,
9.781683959960937500e+02,
1.032558227539062500e+03,
1.046738647460937500e+03,
1.171306274414062500e+03,
1.235803466796875000e+03,
1.270324462890625000e+03,
1.290806518554687500e+03,
1.271323974609375000e+03,
1.282803710937500000e+03,
1.347407470703125000e+03,
1.406093750000000000e+03,
1.491719238281250000e+03,
1.560104003906250000e+03,
1.584066650390625000e+03,
1.561238037109375000e+03,
1.513899047851562500e+03,
1.433798339843750000e+03,
1.361743774414062500e+03,
1.306649291992187500e+03,
1.258542602539062500e+03,
1.248584228515625000e+03,
1.272968994140625000e+03,
1.338545654296875000e+03,
1.340847167968750000e+03,
1.333058837890625000e+03,
1.324558593750000000e+03,
1.259590942382812500e+03,
1.213408081054687500e+03,
1.221381958007812500e+03,
1.231348632812500000e+03,
1.250068237304687500e+03,
1.214850585937500000e+03,
1.172277587890625000e+03,
1.142635131835937500e+03,
1.118055664062500000e+03,
1.138351806640625000e+03,
1.211038452148437500e+03,
1.176849365234375000e+03,
1.133573364257812500e+03,
1.110323364257812500e+03,
1.125760742187500000e+03,
1.108018920898437500e+03,
1.122283813476562500e+03,
1.127682128906250000e+03,
1.094648559570312500e+03,
1.008476257324218750e+03,
9.329416503906250000e+02,
9.140405883789062500e+02,
9.334992675781250000e+02,
9.412135620117187500e+02,
9.760220947265625000e+02,
9.735211181640625000e+02,
9.331361694335937500e+02,
9.040958251953125000e+02,
8.684641723632812500e+02,
8.843359375000000000e+02,
8.411042480468750000e+02,
8.246533203125000000e+02,
7.723945922851562500e+02,
7.146500854492187500e+02,
6.743837280273437500e+02,
6.589266967773437500e+02,
6.261101684570312500e+02,
6.355773925781250000e+02,
5.952521362304687500e+02,
5.803205566406250000e+02,
5.933084716796875000e+02,
6.101346435546875000e+02,
5.604800415039062500e+02,
5.862686157226562500e+02,
5.612495727539062500e+02,
4.901494140625000000e+02,
4.845949707031250000e+02,
5.004048156738281250e+02,
4.999172973632812500e+02,
5.122954101562500000e+02,
5.413970336914062500e+02,
5.465305175781250000e+02,
5.985230102539062500e+02,
5.915828857421875000e+02,
5.693572387695312500e+02,
5.666744995117187500e+02,
5.727175903320312500e+02,
5.619013061523437500e+02,
5.650686035156250000e+02,
5.648792724609375000e+02,
5.671237792968750000e+02,
5.742798461914062500e+02,
5.959795532226562500e+02,
5.744172973632812500e+02,
5.631158447265625000e+02,
5.335150756835937500e+02,
5.160838623046875000e+02,
4.734252319335937500e+02,
4.519053344726562500e+02,
4.124890441894531250e+02,
3.981200561523437500e+02,
3.544069824218750000e+02,
3.723486022949218750e+02,
3.819364318847656250e+02,
3.522775573730468750e+02,
3.391517028808593750e+02,
3.520722045898437500e+02,
3.709250183105468750e+02,
3.308534851074218750e+02,
3.561540832519531250e+02,
3.357198181152343750e+02,
3.678150329589843750e+02,
3.719866638183593750e+02,
3.371196899414062500e+02,
3.599552307128906250e+02,
3.605453186035156250e+02,
3.927429504394531250e+02,
4.360605468750000000e+02,
4.945915832519531250e+02,
5.654111938476562500e+02,
6.214352416992187500e+02,
6.450305175781250000e+02,
6.683604125976562500e+02,
7.391958618164062500e+02,
7.464204101562500000e+02,
7.204666748046875000e+02,
6.856031494140625000e+02,
6.829572753906250000e+02,
6.770785522460937500e+02,
6.652489013671875000e+02,
6.837123413085937500e+02,
6.829069824218750000e+02,
6.600491943359375000e+02,
6.274404296875000000e+02,
6.084375000000000000e+02,
6.313447265625000000e+02,
6.194414672851562500e+02,
6.172111206054687500e+02,
6.297783203125000000e+02,
6.025711059570312500e+02,
5.744510498046875000e+02,
5.668400878906250000e+02,
5.814635009765625000e+02,
5.637750244140625000e+02,
5.400099487304687500e+02,
5.217313232421875000e+02,
4.743951110839843750e+02,
4.145186767578125000e+02,
3.608701171875000000e+02,
3.362237854003906250e+02,
3.071047363281250000e+02,
2.918538818359375000e+02,
3.218958129882812500e+02,
3.469541015625000000e+02,
3.713038635253906250e+02,
4.135967407226562500e+02,
4.072804565429687500e+02,
4.317113647460937500e+02,
4.434297180175781250e+02,
4.463588562011718750e+02,
4.583506774902343750e+02,
4.683212585449218750e+02,
4.919403991699218750e+02,
5.092611083984375000e+02,
4.998245544433593750e+02,
4.778887939453125000e+02,
4.659283142089843750e+02,
4.369144287109375000e+02,
4.450348205566406250e+02,
4.410296936035156250e+02,
4.390743713378906250e+02,
4.531949768066406250e+02,
4.973468017578125000e+02,
4.880430603027343750e+02,
5.134459838867187500e+02,
5.032552185058593750e+02,
4.848322448730468750e+02,
4.564096679687500000e+02,
4.690446472167968750e+02,
4.533718566894531250e+02,
4.198027343750000000e+02,
4.111297607421875000e+02,
4.198638610839843750e+02,
4.194132690429687500e+02,
4.048038330078125000e+02,
4.111576538085937500e+02,
4.028682556152343750e+02,
3.541110839843750000e+02,
3.771118469238281250e+02,
4.012787475585937500e+02,
4.150486450195312500e+02,
4.155663146972656250e+02,
4.198810424804687500e+02,
4.103538513183593750e+02,
4.246625061035156250e+02,
3.865001525878906250e+02,
3.865874938964843750e+02,
3.840251770019531250e+02,
3.668218994140625000e+02,
3.673929138183593750e+02,
3.646161193847656250e+02,
3.943493041992187500e+02,
4.119098815917968750e+02,
4.279774475097656250e+02,
4.639716186523437500e+02,
4.686045532226562500e+02,
4.562817077636718750e+02,
4.350423583984375000e+02,
4.340702514648437500e+02,
4.313123474121093750e+02,
4.253367614746093750e+02,
4.607621459960937500e+02,
4.710415039062500000e+02,
4.592558898925781250e+02,
4.691886596679687500e+02,
4.538633422851562500e+02,
4.505623168945312500e+02,
4.503161315917968750e+02,
4.477178344726562500e+02,
4.159722290039062500e+02,
3.670753479003906250e+02,
3.412164916992187500e+02,
3.305221557617187500e+02,
3.261967163085937500e+02,
3.430373535156250000e+02,
3.697158203125000000e+02,
4.011136474609375000e+02,
4.525640563964843750e+02,
4.091751098632812500e+02,
4.627215881347656250e+02,
4.510014648437500000e+02,
4.431916198730468750e+02,
4.712450256347656250e+02,
4.460053710937500000e+02,
4.512262573242187500e+02,
4.528533630371093750e+02,
4.815443115234375000e+02,
4.866384277343750000e+02,
4.731376647949218750e+02,
4.482926330566406250e+02,
4.585183105468750000e+02,
4.629624938964843750e+02,
4.193527221679687500e+02,
4.369314880371093750e+02,
4.369088745117187500e+02,
4.027561645507812500e+02,
4.179778137207031250e+02,
3.749472656250000000e+02,
3.691549072265625000e+02,
3.737079467773437500e+02,
4.012135925292968750e+02,
4.305752563476562500e+02,
5.233427734375000000e+02,
6.480701293945312500e+02,
7.086156005859375000e+02,
7.523770141601562500e+02,
7.186431274414062500e+02,
7.060908203125000000e+02,
7.923798828125000000e+02,
8.682584228515625000e+02,
7.932575073242187500e+02,
6.570146484375000000e+02,
5.116897583007812500e+02,
4.325144958496093750e+02,
4.001653747558593750e+02,
4.191379394531250000e+02,
4.329873046875000000e+02,
4.050972900390625000e+02,
4.135605163574218750e+02,
3.899221496582031250e+02,
3.848438110351562500e+02,
4.204295654296875000e+02,
4.056694030761718750e+02,
4.444959716796875000e+02,
4.169692993164062500e+02,
4.086164550781250000e+02,
3.840021972656250000e+02,
3.760179443359375000e+02,
3.584960327148437500e+02,
3.688311767578125000e+02,
3.507781982421875000e+02,
3.157358398437500000e+02,
3.096807250976562500e+02,
2.654752807617187500e+02,
2.518674163818359375e+02,
2.264930267333984375e+02,
2.536221313476562500e+02,
2.270548400878906250e+02,
2.415251617431640625e+02,
2.304097137451171875e+02,
2.563033142089843750e+02,
2.734431152343750000e+02,
2.759325256347656250e+02,
3.113512268066406250e+02,
2.863130187988281250e+02,
2.985109252929687500e+02,
2.593268127441406250e+02,
2.581853332519531250e+02,
2.742505187988281250e+02,
2.397203369140625000e+02,
2.263144226074218750e+02,
2.366136322021484375e+02,
2.047165069580078125e+02,
2.365737609863281250e+02,
2.238696746826171875e+02,
2.343030090332031250e+02,
2.188174285888671875e+02,
2.186847229003906250e+02,
1.987250976562500000e+02,
2.006742553710937500e+02,
2.174635620117187500e+02,
1.902272491455078125e+02,
1.744723205566406250e+02,
1.902679290771484375e+02,
1.741071929931640625e+02,
1.752288970947265625e+02,
1.660374908447265625e+02,
1.571962738037109375e+02,
1.591575927734375000e+02,
1.670827178955078125e+02,
1.669452209472656250e+02,
1.694734649658203125e+02,
1.531647949218750000e+02,
1.485744018554687500e+02,
1.564239196777343750e+02,
1.723403167724609375e+02,
1.668175659179687500e+02,
1.577424163818359375e+02,
1.511936645507812500e+02,
1.497346954345703125e+02,
1.582841339111328125e+02,
1.707704620361328125e+02,
1.569855651855468750e+02,
1.563544006347656250e+02,
1.741166381835937500e+02,
1.573064270019531250e+02,
1.461047363281250000e+02,
1.565155334472656250e+02,
1.633981781005859375e+02,
1.702211303710937500e+02,
1.676719512939453125e+02,
1.814662628173828125e+02,
1.737407379150390625e+02,
1.841130218505859375e+02,
1.990617523193359375e+02,
2.150652465820312500e+02,
2.287723846435546875e+02,
2.622065734863281250e+02,
2.498618011474609375e+02,
2.751122741699218750e+02,
2.893536071777343750e+02,
2.889963073730468750e+02,
3.294623718261718750e+02,
3.067694091796875000e+02,
3.037112121582031250e+02,
3.033611145019531250e+02,
2.909527282714843750e+02,
2.829103393554687500e+02,
2.942969055175781250e+02,
2.890888366699218750e+02,
2.950704650878906250e+02,
3.172167358398437500e+02,
3.263226928710937500e+02,
3.163055114746093750e+02,
3.444115905761718750e+02,
3.374648437500000000e+02,
3.325421142578125000e+02,
3.509488220214843750e+02,
3.232666625976562500e+02,
2.799115295410156250e+02,
2.663384399414062500e+02,
2.439536590576171875e+02,
2.404369964599609375e+02,
2.397775421142578125e+02,
2.408034973144531250e+02,
2.710077819824218750e+02,
2.545942840576171875e+02,
2.662337036132812500e+02,
2.601655883789062500e+02,
2.744446105957031250e+02,
2.609830322265625000e+02,
2.852192993164062500e+02,
2.771563720703125000e+02,
2.882851257324218750e+02,
2.965531616210937500e+02,
2.975944213867187500e+02,
2.979135742187500000e+02,
3.020977478027343750e+02,
3.406789855957031250e+02,
3.145546264648437500e+02,
3.168682250976562500e+02,
2.992058715820312500e+02,
2.871878662109375000e+02,
2.639328308105468750e+02,
2.834241943359375000e+02,
2.742919006347656250e+02,
2.900672912597656250e+02,
2.764314880371093750e+02,
3.390169372558593750e+02,
3.062733459472656250e+02,
3.384250183105468750e+02,
3.624737854003906250e+02,
3.459160461425781250e+02,
3.661338500976562500e+02,
3.854511413574218750e+02,
4.166196289062500000e+02,
4.312977294921875000e+02,
5.036636962890625000e+02,
4.410150146484375000e+02,
4.612112731933593750e+02,
4.548654174804687500e+02,
4.397441711425781250e+02,
4.454006042480468750e+02,
4.505325012207031250e+02,
4.446517944335937500e+02,
4.352152099609375000e+02,
4.413573608398437500e+02,
4.645365905761718750e+02,
4.357239990234375000e+02,
4.139474182128906250e+02,
3.944011840820312500e+02,
4.233638916015625000e+02,
5.235971069335937500e+02,
6.346280517578125000e+02,
7.194151000976562500e+02,
7.034234008789062500e+02,
7.585822143554687500e+02,
8.159496459960937500e+02,
7.341273803710937500e+02,
6.684144897460937500e+02,
5.855517578125000000e+02,
5.470703125000000000e+02,
4.989388427734375000e+02,
4.678391723632812500e+02,
4.374236755371093750e+02,
3.791451721191406250e+02,
3.670118103027343750e+02,
3.915153198242187500e+02,
4.293196411132812500e+02,
4.159783020019531250e+02,
4.093503723144531250e+02,
3.844168701171875000e+02,
4.103481445312500000e+02,
4.066614685058593750e+02,
4.395508117675781250e+02,
4.492658691406250000e+02,
5.554192504882812500e+02,
6.222340087890625000e+02,
6.640853881835937500e+02,
7.614055786132812500e+02,
8.009099121093750000e+02,
7.962274169921875000e+02,
7.594343872070312500e+02,
7.938132934570312500e+02,
7.517410278320312500e+02,
7.300974121093750000e+02,
7.058627319335937500e+02,
7.380603027343750000e+02,
7.320872802734375000e+02,
6.641067504882812500e+02,
5.964995727539062500e+02,
4.813734436035156250e+02,
4.641563110351562500e+02,
4.512057189941406250e+02,
4.866479492187500000e+02,
4.746606750488281250e+02,
4.617599792480468750e+02,
4.627384643554687500e+02,
4.234862976074218750e+02,
4.146071777343750000e+02,
4.064953308105468750e+02,
3.993962402343750000e+02,
4.130317993164062500e+02,
4.026551513671875000e+02,
3.809335632324218750e+02,
3.704020080566406250e+02,
1.529136596679687500e+03,
1.685898071289062500e+03,
1.768695190429687500e+03,
1.737718872070312500e+03,
1.606163818359375000e+03,
1.492311035156250000e+03,
1.395297485351562500e+03,
1.380434326171875000e+03,
1.386681152343750000e+03,
1.406631469726562500e+03,
1.379462524414062500e+03,
1.296529663085937500e+03,
1.216374267578125000e+03,
1.073813354492187500e+03,
1.092362548828125000e+03,
1.201036743164062500e+03,
1.346702514648437500e+03,
1.399827880859375000e+03,
1.524458374023437500e+03,
1.641617065429687500e+03,
1.855961059570312500e+03,
2.044455444335937500e+03,
2.044631591796875000e+03,
1.833830566406250000e+03,
1.727675903320312500e+03,
1.702611328125000000e+03,
1.711649658203125000e+03,
1.680032226562500000e+03,
1.596224487304687500e+03,
1.615899902343750000e+03,
1.632422485351562500e+03,
1.618746704101562500e+03,
1.603945068359375000e+03,
1.539837890625000000e+03,
1.507573730468750000e+03,
1.469424194335937500e+03,
1.351504760742187500e+03,
1.287277954101562500e+03,
1.261036010742187500e+03,
1.228465576171875000e+03,
1.226917724609375000e+03,
1.201801635742187500e+03,
1.136974121093750000e+03,
1.056421142578125000e+03,
9.311135864257812500e+02,
8.814809570312500000e+02,
7.848624877929687500e+02,
7.508198852539062500e+02,
7.053478393554687500e+02,
6.708548583984375000e+02,
6.822114257812500000e+02,
5.956898803710937500e+02,
6.161804809570312500e+02,
6.559447021484375000e+02,
6.987631835937500000e+02,
6.609577636718750000e+02,
6.566137084960937500e+02,
6.422158813476562500e+02,
6.238481445312500000e+02,
6.482110595703125000e+02,
6.253073730468750000e+02,
5.781869506835937500e+02,
5.041081237792968750e+02,
4.502854309082031250e+02,
4.498039245605468750e+02,
4.271322937011718750e+02,
3.915719299316406250e+02,
3.927347106933593750e+02,
4.091695861816406250e+02,
3.823771057128906250e+02,
4.169030151367187500e+02,
4.835115356445312500e+02,
5.518487548828125000e+02,
6.778524780273437500e+02,
7.543972778320312500e+02,
8.311668701171875000e+02,
8.555500488281250000e+02,
8.204556274414062500e+02,
7.993524780273437500e+02,
8.068113403320312500e+02,
7.575062255859375000e+02,
7.836530151367187500e+02,
7.381276855468750000e+02,
7.124993896484375000e+02,
6.701990356445312500e+02,
5.963461914062500000e+02,
5.092996826171875000e+02,
4.447941894531250000e+02,
3.837278137207031250e+02,
3.689168090820312500e+02,
3.988325805664062500e+02,
4.474362182617187500e+02,
4.822145690917968750e+02,
5.055144348144531250e+02,
5.138206787109375000e+02,
5.445994873046875000e+02,
5.539876708984375000e+02,
5.240465087890625000e+02,
5.546291503906250000e+02,
5.645151367187500000e+02,
5.803018798828125000e+02,
5.702241210937500000e+02,
5.280415039062500000e+02,
5.074378662109375000e+02,
4.746449584960937500e+02,
5.027447204589843750e+02,
4.652042236328125000e+02,
4.664059753417968750e+02,
4.816101379394531250e+02,
4.874801635742187500e+02,
5.101365966796875000e+02,
4.362920532226562500e+02,
4.264549865722656250e+02,
4.503489074707031250e+02,
4.770684509277343750e+02,
4.950979919433593750e+02,
5.239378662109375000e+02,
5.179083251953125000e+02,
5.199380493164062500e+02,
5.362841796875000000e+02,
5.101471862792968750e+02,
4.879996337890625000e+02,
4.690077819824218750e+02,
4.577158813476562500e+02,
3.911618957519531250e+02,
4.125702819824218750e+02,
4.466947326660156250e+02,
4.710292663574218750e+02,
4.839689025878906250e+02,
5.163272705078125000e+02,
5.603698120117187500e+02,
5.542745361328125000e+02,
5.500460205078125000e+02,
5.119461059570312500e+02,
5.345701904296875000e+02,
4.985822753906250000e+02,
4.515247192382812500e+02,
4.927360229492187500e+02,
5.391353149414062500e+02,
7.475803222656250000e+02,
8.563666381835937500e+02,
9.181336669921875000e+02,
8.681282958984375000e+02,
9.360739135742187500e+02,
7.316543579101562500e+02,
5.237828979492187500e+02,
4.337388916015625000e+02,
4.373028259277343750e+02,
4.645967712402343750e+02,
4.330529479980468750e+02,
4.310737304687500000e+02,
4.146218261718750000e+02,
4.020671997070312500e+02,
3.557340393066406250e+02,
3.309057312011718750e+02,
2.637166442871093750e+02,
2.859240417480468750e+02,
2.670858154296875000e+02,
2.633509521484375000e+02,
2.781749877929687500e+02,
2.760449523925781250e+02,
2.592293701171875000e+02,
2.585901794433593750e+02,
2.401490020751953125e+02,
2.306096038818359375e+02,
2.183856353759765625e+02,
2.154121551513671875e+02,
2.205400695800781250e+02,
2.220107116699218750e+02,
1.807909545898437500e+02,
1.842626342773437500e+02,
1.666825561523437500e+02,
1.859318084716796875e+02,
1.564942169189453125e+02,
1.673171234130859375e+02,
1.686240997314453125e+02,
1.531286468505859375e+02,
1.504144897460937500e+02,
1.691226501464843750e+02,
1.629025878906250000e+02,
1.436401824951171875e+02,
1.672635498046875000e+02,
1.790678558349609375e+02,
1.786269836425781250e+02,
1.928170013427734375e+02,
2.552669677734375000e+02,
2.687284851074218750e+02,
3.082209167480468750e+02,
3.249341735839843750e+02,
3.419033203125000000e+02,
3.876245727539062500e+02,
3.673472595214843750e+02,
3.317789916992187500e+02,
3.621165771484375000e+02,
3.749678039550781250e+02,
3.938060607910156250e+02,
3.923320922851562500e+02,
3.623218688964843750e+02,
3.233111572265625000e+02,
2.624021301269531250e+02,
2.626840209960937500e+02,
2.820516967773437500e+02,
3.050951232910156250e+02,
3.468862304687500000e+02,
3.504749145507812500e+02,
3.530475463867187500e+02,
3.692953491210937500e+02,
3.627996215820312500e+02,
3.664769592285156250e+02,
3.433459167480468750e+02,
2.927857360839843750e+02,
3.280399169921875000e+02,
3.542310791015625000e+02,
3.937773132324218750e+02,
4.295310668945312500e+02,
4.618820800781250000e+02,
5.237932128906250000e+02,
4.938744812011718750e+02,
5.532583007812500000e+02,
5.303682861328125000e+02,
5.155430908203125000e+02,
4.745390930175781250e+02,
4.417179260253906250e+02,
5.835518188476562500e+02,
7.898864135742187500e+02,
8.031218872070312500e+02,
7.141954956054687500e+02,
6.772641601562500000e+02,
7.196323852539062500e+02,
6.056785278320312500e+02,
4.858853454589843750e+02,
4.441459350585937500e+02,
4.376522827148437500e+02,
4.494680480957031250e+02,
4.721253662109375000e+02,
5.647886962890625000e+02,
6.491492919921875000e+02,
7.174863281250000000e+02,
7.334537963867187500e+02,
8.060872802734375000e+02,
8.002639770507812500e+02,
8.434702148437500000e+02,
7.862607421875000000e+02,
7.335900268554687500e+02,
5.925313110351562500e+02,
5.058672485351562500e+02,
5.169954223632812500e+02,
4.974768981933593750e+02,
4.581719665527343750e+02,
4.558095397949218750e+02,
1.765851318359375000e+03,
1.866876464843750000e+03,
1.835885742187500000e+03,
1.782683227539062500e+03,
1.669673828125000000e+03,
1.580220092773437500e+03,
1.520671630859375000e+03,
1.429119140625000000e+03,
1.293328247070312500e+03,
1.362156372070312500e+03,
1.529135375976562500e+03,
1.719095336914062500e+03,
2.041786254882812500e+03,
2.224475585937500000e+03,
2.233435791015625000e+03,
2.184746582031250000e+03,
2.075451904296875000e+03,
2.012654785156250000e+03,
1.914230102539062500e+03,
1.906480834960937500e+03,
1.908023071289062500e+03,
1.909643676757812500e+03,
1.809872558593750000e+03,
1.682189575195312500e+03,
1.522002441406250000e+03,
1.516535522460937500e+03,
1.483054321289062500e+03,
1.392302856445312500e+03,
1.248924926757812500e+03,
1.090529052734375000e+03,
9.824404907226562500e+02,
8.340115356445312500e+02,
7.777667236328125000e+02,
7.718569946289062500e+02,
7.368209228515625000e+02,
7.619598999023437500e+02,
8.069713745117187500e+02,
7.475471191406250000e+02,
7.034930419921875000e+02,
6.850991821289062500e+02,
6.257837524414062500e+02,
5.490280151367187500e+02,
4.777461242675781250e+02,
4.764808654785156250e+02,
4.421481628417968750e+02,
4.835939941406250000e+02,
5.393883056640625000e+02,
6.398272705078125000e+02,
7.295848388671875000e+02,
8.400564575195312500e+02,
9.184855346679687500e+02,
8.906670532226562500e+02,
9.113226928710937500e+02,
8.533894653320312500e+02,
7.965379638671875000e+02,
7.339879760742187500e+02,
6.119769897460937500e+02,
5.399846801757812500e+02,
4.893887329101562500e+02,
4.405481262207031250e+02,
4.655902404785156250e+02,
5.252954101562500000e+02,
5.337077636718750000e+02,
5.744489746093750000e+02,
6.296036987304687500e+02,
6.094257202148437500e+02,
6.060719604492187500e+02,
6.190832519531250000e+02,
5.995598754882812500e+02,
5.549604492187500000e+02,
5.287545776367187500e+02,
5.326781005859375000e+02,
5.138570556640625000e+02,
5.223694458007812500e+02,
5.013139343261718750e+02,
4.992957153320312500e+02,
5.141715087890625000e+02,
5.512062377929687500e+02,
5.499876098632812500e+02,
5.275388793945312500e+02,
4.980955505371093750e+02,
5.006366577148437500e+02,
4.781082763671875000e+02,
4.724817199707031250e+02,
5.180842285156250000e+02,
5.691618652343750000e+02,
5.881938476562500000e+02,
5.750315551757812500e+02,
5.661824951171875000e+02,
5.346733398437500000e+02,
5.189085083007812500e+02,
6.987578735351562500e+02,
8.420859375000000000e+02,
8.718350219726562500e+02,
8.790852661132812500e+02,
8.764296875000000000e+02,
7.025557250976562500e+02,
4.881439819335937500e+02,
4.660122680664062500e+02,
4.481982727050781250e+02,
4.312279357910156250e+02,
3.990219726562500000e+02,
3.573358764648437500e+02,
3.068420104980468750e+02,
2.670398254394531250e+02,
2.562913818359375000e+02,
2.614000854492187500e+02,
2.890984497070312500e+02,
2.699051513671875000e+02,
2.326143798828125000e+02,
2.302784576416015625e+02,
2.286171722412109375e+02,
2.071492919921875000e+02,
1.766989135742187500e+02,
1.873560333251953125e+02,
1.530197906494140625e+02,
1.562664031982421875e+02,
1.529513854980468750e+02,
1.517186431884765625e+02,
1.374511108398437500e+02,
1.536195983886718750e+02,
1.779299621582031250e+02,
2.297560272216796875e+02,
2.752542419433593750e+02,
3.038703918457031250e+02,
3.611695861816406250e+02,
4.062243041992187500e+02,
4.049525756835937500e+02,
4.050609130859375000e+02,
4.355241088867187500e+02,
4.040634460449218750e+02,
3.675317382812500000e+02,
3.211875610351562500e+02,
2.782630920410156250e+02,
3.730205383300781250e+02,
3.975772399902343750e+02,
3.952513122558593750e+02,
3.911788024902343750e+02,
3.941925354003906250e+02,
3.856181335449218750e+02,
3.704222412109375000e+02,
4.602359008789062500e+02,
4.859160766601562500e+02,
5.153647460937500000e+02,
5.845597534179687500e+02,
5.564032592773437500e+02,
5.512401733398437500e+02,
6.242500000000000000e+02,
7.710250244140625000e+02,
8.102921142578125000e+02,
7.250379028320312500e+02,
7.001949462890625000e+02,
6.875432128906250000e+02,
5.167654418945312500e+02,
4.626397705078125000e+02,
5.584442749023437500e+02,
6.826583862304687500e+02,
6.887244873046875000e+02,
7.134037475585937500e+02,
8.440364990234375000e+02,
9.111293945312500000e+02,
8.299147949218750000e+02,
6.907557983398437500e+02,
5.344788818359375000e+02,
5.256252441406250000e+02,
