3.695729370117187500e+02,
3.648269653320312500e+02,
3.675889587402343750e+02,
3.349625244140625000e+02,
3.352917480468750000e+02,
3.151014099121093750e+02,
3.026419982910156250e+02,
2.949827270507812500e+02,
3.013738403320312500e+02,
2.935274353027343750e+02,
3.117743225097656250e+02,
3.152162780761718750e+02,
3.137962341308593750e+02,
3.061954956054687500e+02,
3.059546203613281250e+02,
2.740832824707031250e+02,
2.581295471191406250e+02,
2.723949890136718750e+02,
2.654678955078125000e+02,
2.842927246093750000e+02,
2.771870422363281250e+02,
2.751947631835937500e+02,
2.854271240234375000e+02,
2.917738342285156250e+02,
2.998429260253906250e+02,
2.843102416992187500e+02,
3.066931152343750000e+02,
3.232116699218750000e+02,
2.787961730957031250e+02,
2.791528930664062500e+02,
2.828473205566406250e+02,
3.154794006347656250e+02,
3.013969726562500000e+02,
3.329033203125000000e+02,
2.955699157714843750e+02,
2.946024169921875000e+02,
3.335348205566406250e+02,
3.373861389160156250e+02,
3.725779113769531250e+02,
3.581509094238281250e+02,
3.566824340820312500e+02,
3.195942382812500000e+02,
3.321195373535156250e+02,
3.629046936035156250e+02,
3.527014465332031250e+02,
3.519261169433593750e+02,
3.907075195312500000e+02,
4.128706970214843750e+02,
3.827151184082031250e+02,
3.596436767578125000e+02,
3.763927612304687500e+02,
3.617960510253906250e+02,
4.017962036132812500e+02,
4.201947937011718750e+02,
4.371858825683593750e+02,
4.446848144531250000e+02,
4.750233764648437500e+02,
5.306328125000000000e+02,
5.154898071289062500e+02,
5.756580200195312500e+02,
4.982506408691406250e+02,
4.630319824218750000e+02,
4.814735412597656250e+02,
4.822091064453125000e+02,
4.869781188964843750e+02,
4.870847167968750000e+02,
4.978419189453125000e+02,
4.595858154296875000e+02,
4.314148559570312500e+02,
4.058949890136718750e+02,
4.394110717773437500e+02,
4.147258605957031250e+02,
3.779172363281250000e+02,
3.982245788574218750e+02,
4.045467224121093750e+02,
4.178955383300781250e+02,
4.301864318847656250e+02,
4.398083190917968750e+02,
4.204905395507812500e+02,
4.319290161132812500e+02,
4.411432495117187500e+02,
3.791619262695312500e+02,
3.988576660156250000e+02,
3.594827270507812500e+02,
3.282417907714843750e+02,
3.295466918945312500e+02,
3.775520935058593750e+02,
3.439161376953125000e+02,
3.274140014648437500e+02,
3.353465270996093750e+02,
3.467362365722656250e+02,
3.532089538574218750e+02,
3.638952026367187500e+02,
3.579417724609375000e+02,
3.481100158691406250e+02,
3.508114318847656250e+02,
4.023020324707031250e+02,
3.436057739257812500e+02,
3.603015441894531250e+02,
3.357943420410156250e+02,
3.240581970214843750e+02,
3.332713012695312500e+02,
3.057553405761718750e+02,
2.915736694335937500e+02,
3.015623168945312500e+02,
2.710968627929687500e+02,
2.793044433593750000e+02,
2.549766235351562500e+02,
2.761796264648437500e+02,
2.642338867187500000e+02,
2.920760803222656250e+02,
3.114834594726562500e+02,
2.869183959960937500e+02,
2.678946533203125000e+02,
2.858382263183593750e+02,
2.876959228515625000e+02,
2.811961364746093750e+02,
2.961019897460937500e+02,
3.041552429199218750e+02,
2.854151306152343750e+02,
3.063531799316406250e+02,
2.951927490234375000e+02,
2.836925659179687500e+02,
2.656319274902343750e+02,
2.937083129882812500e+02,
2.803459472656250000e+02,
2.948147277832031250e+02,
3.189750061035156250e+02,
3.814491577148437500e+02,
3.663508300781250000e+02,
3.902500305175781250e+02,
3.860756225585937500e+02,
4.157244262695312500e+02,
4.218448181152343750e+02,
4.349416503906250000e+02,
4.452717895507812500e+02,
4.293042602539062500e+02,
4.278974609375000000e+02,
4.626526794433593750e+02,
4.494377136230468750e+02,
4.660061950683593750e+02,
4.479853210449218750e+02,
4.303236083984375000e+02,
4.205632629394531250e+02,
3.856440429687500000e+02,
3.904169006347656250e+02,
4.114861145019531250e+02,
3.999839477539062500e+02,
3.881995239257812500e+02,
3.862548828125000000e+02,
3.725247802734375000e+02,
3.412901306152343750e+02,
3.239420776367187500e+02,
3.312723999023437500e+02,
2.972617492675781250e+02,
2.817407226562500000e+02,
2.914032897949218750e+02,
3.025231628417968750e+02,
2.979434814453125000e+02,
3.389920959472656250e+02,
3.008359985351562500e+02,
3.308251647949218750e+02,
3.561767578125000000e+02,
3.734564514160156250e+02,
3.879974365234375000e+02,
3.973958435058593750e+02,
4.132366943359375000e+02,
4.235056762695312500e+02,
4.448143920898437500e+02,
4.539414062500000000e+02,
4.862268676757812500e+02,
4.675729675292968750e+02,
4.842190246582031250e+02,
4.679728393554687500e+02,
4.718858642578125000e+02,
4.834413146972656250e+02,
4.787430419921875000e+02,
4.742478637695312500e+02,
5.183209228515625000e+02,
4.921798095703125000e+02,
4.887501831054687500e+02,
4.846601867675781250e+02,
5.040148315429687500e+02,
5.143819580078125000e+02,
5.157008666992187500e+02,
5.062579650878906250e+02,
4.410928344726562500e+02,
4.559463806152343750e+02,
4.204746704101562500e+02,
4.216741027832031250e+02,
4.167424011230468750e+02,
4.150503540039062500e+02,
4.034129638671875000e+02,
4.298269653320312500e+02,
4.093750610351562500e+02,
3.919108886718750000e+02,
3.842760009765625000e+02,
3.650520629882812500e+02,
3.886943664550781250e+02,
3.853238830566406250e+02,
3.940620422363281250e+02,
3.928819580078125000e+02,
3.845910339355468750e+02,
3.820788879394531250e+02,
3.780922851562500000e+02,
3.597503967285156250e+02,
3.378596496582031250e+02,
3.166579589843750000e+02,
3.278776855468750000e+02,
3.231710815429687500e+02,
3.542401123046875000e+02,
3.944187011718750000e+02,
4.230127868652343750e+02,
4.478690795898437500e+02,
4.383351440429687500e+02,
4.921232299804687500e+02,
4.727331542968750000e+02,
4.622318725585937500e+02,
4.518382568359375000e+02,
4.254747314453125000e+02,
4.599685668945312500e+02,
4.495783691406250000e+02,
4.688475646972656250e+02,
4.492018127441406250e+02,
4.634938354492187500e+02,
4.475143737792968750e+02,
4.492079772949218750e+02,
4.995207519531250000e+02,
4.693059387207031250e+02,
5.128083496093750000e+02,
5.159289550781250000e+02,
5.036135253906250000e+02,
5.260737304687500000e+02,
4.979789123535156250e+02,
4.614151611328125000e+02,
4.859772338867187500e+02,
4.610611877441406250e+02,
4.629084167480468750e+02,
4.910463867187500000e+02,
4.665536193847656250e+02,
4.353092956542968750e+02,
4.128803710937500000e+02,
3.983101806640625000e+02,
3.888441772460937500e+02,
4.943425903320312500e+02,
4.760324401855468750e+02,
4.839960937500000000e+02,
5.177538452148437500e+02,
5.154776000976562500e+02,
5.394723510742187500e+02,
5.449591674804687500e+02,
5.468957519531250000e+02,
5.253980712890625000e+02,
5.048578796386718750e+02,
5.115763244628906250e+02,
4.587681884765625000e+02,
4.755347290039062500e+02,
4.903994140625000000e+02,
5.342957153320312500e+02,
5.147616577148437500e+02,
5.550006713867187500e+02,
6.872664794921875000e+02,
8.063089599609375000e+02,
8.773156127929687500e+02,
8.927044067382812500e+02,
8.850743408203125000e+02,
8.294801635742187500e+02,
7.821507568359375000e+02,
7.082322998046875000e+02,
6.478123779296875000e+02,
5.570093994140625000e+02,
5.035624084472656250e+02,
4.722846679687500000e+02,
4.580184631347656250e+02,
4.458301696777343750e+02,
4.298351135253906250e+02,
4.369089050292968750e+02,
4.144759521484375000e+02,
3.929885559082031250e+02,
4.081763305664062500e+02,
3.583763732910156250e+02,
3.170169677734375000e+02,
3.198240356445312500e+02,
2.935827331542968750e+02,
2.928159179687500000e+02,
2.732692871093750000e+02,
2.800217285156250000e+02,
2.552863616943359375e+02,
2.250941314697265625e+02,
2.449494171142578125e+02,
2.956896057128906250e+02,
2.642080993652343750e+02,
2.613742065429687500e+02,
2.403906860351562500e+02,
2.799663391113281250e+02,
2.771618041992187500e+02,
2.615665283203125000e+02,
2.630564880371093750e+02,
3.024956054687500000e+02,
2.770894775390625000e+02,
2.862763671875000000e+02,
2.564558715820312500e+02,
2.545090942382812500e+02,
2.559693450927734375e+02,
3.038084106445312500e+02,
3.330497741699218750e+02,
3.103326416015625000e+02,
3.115549621582031250e+02,
3.176053771972656250e+02,
2.941567077636718750e+02,
2.882828674316406250e+02,
2.763164062500000000e+02,
2.741806335449218750e+02,
2.520030059814453125e+02,
2.603831481933593750e+02,
2.794255065917968750e+02,
2.761932373046875000e+02,
2.823185424804687500e+02,
3.085929565429687500e+02,
3.479338989257812500e+02,
3.790160522460937500e+02,
3.536587524414062500e+02,
3.440529785156250000e+02,
3.935682373046875000e+02,
3.956985473632812500e+02,
3.727350463867187500e+02,
3.856871643066406250e+02,
4.125178527832031250e+02,
4.118046569824218750e+02,
4.092251892089843750e+02,
3.980340881347656250e+02,
4.012003784179687500e+02,
4.033599548339843750e+02,
3.982050170898437500e+02,
3.964045104980468750e+02,
3.887444458007812500e+02,
3.759817504882812500e+02,
3.518869628906250000e+02,
3.566031494140625000e+02,
3.408633117675781250e+02,
3.462627563476562500e+02,
3.626338195800781250e+02,
3.818490905761718750e+02,
3.761970520019531250e+02,
3.469260864257812500e+02,
3.453264465332031250e+02,
3.194250488281250000e+02,
3.104271850585937500e+02,
3.029805297851562500e+02,
2.925414733886718750e+02,
2.800462646484375000e+02,
2.666887207031250000e+02,
2.708415527343750000e+02,
2.726174621582031250e+02,
2.704405212402343750e+02,
2.649667663574218750e+02,
2.561807556152343750e+02,
2.865570983886718750e+02,
2.651914672851562500e+02,
2.978728332519531250e+02,
2.855344543457031250e+02,
3.172945251464843750e+02,
3.037674560546875000e+02,
2.887012634277343750e+02,
2.922219238281250000e+02,
2.789403381347656250e+02,
2.860657653808593750e+02,
2.826684265136718750e+02,
2.676573791503906250e+02,
2.913788757324218750e+02,
2.741007995605468750e+02,
3.099357299804687500e+02,
2.739251098632812500e+02,
2.762405700683593750e+02,
2.648350524902343750e+02,
2.737624511718750000e+02,
2.740028686523437500e+02,
3.021546936035156250e+02,
2.578624877929687500e+02,
2.554715270996093750e+02,
2.522377777099609375e+02,
2.509521331787109375e+02,
2.510645904541015625e+02,
2.325633850097656250e+02,
2.248876342773437500e+02,
2.271369171142578125e+02,
2.280271759033203125e+02,
2.179527282714843750e+02,
2.141614837646484375e+02,
2.282814025878906250e+02,
2.201362609863281250e+02,
2.128852844238281250e+02,
2.314806060791015625e+02,
2.256432647705078125e+02,
2.196840667724609375e+02,
2.045405883789062500e+02,
2.083648529052734375e+02,
2.254292907714843750e+02,
2.446430511474609375e+02,
2.460373992919921875e+02,
2.515281372070312500e+02,
2.445713500976562500e+02,
2.555808105468750000e+02,
2.735456542968750000e+02,
2.610574645996093750e+02,
2.482519073486328125e+02,
2.672282409667968750e+02,
2.719489746093750000e+02,
2.768783874511718750e+02,
2.310080871582031250e+02,
2.221125793457031250e+02,
2.539121704101562500e+02,
2.827967834472656250e+02,
2.475843048095703125e+02,
2.513305664062500000e+02,
2.802095031738281250e+02,
2.826372375488281250e+02,
2.753248596191406250e+02,
2.670007629394531250e+02,
2.487347259521484375e+02,
2.491007080078125000e+02,
2.404611206054687500e+02,
2.180438385009765625e+02,
2.084510345458984375e+02,
2.157144470214843750e+02,
1.827312469482421875e+02,
1.700656433105468750e+02,
2.003761138916015625e+02,
2.074312744140625000e+02,
2.012703857421875000e+02,
2.121708526611328125e+02,
1.976457672119140625e+02,
2.017724761962890625e+02,
2.085476074218750000e+02,
2.139103546142578125e+02,
2.102221221923828125e+02,
2.282518463134765625e+02,
2.568264160156250000e+02,
2.536779785156250000e+02,
2.825005493164062500e+02,
2.736155700683593750e+02,
2.698443298339843750e+02,
2.833165588378906250e+02,
2.850351562500000000e+02,
2.837552490234375000e+02,
2.801242370605468750e+02,
2.804974975585937500e+02,
2.823399963378906250e+02,
2.822200927734375000e+02,
2.744359130859375000e+02,
2.725341186523437500e+02,
2.427307739257812500e+02,
2.512006530761718750e+02,
2.012859649658203125e+02,
2.159173278808593750e+02,
2.113488464355468750e+02,
2.350367431640625000e+02,
2.332833099365234375e+02,
2.354921569824218750e+02,
2.569466247558593750e+02,
2.388789978027343750e+02,
2.638757934570312500e+02,
2.537228546142578125e+02,
2.419479370117187500e+02,
2.725018005371093750e+02,
2.716892700195312500e+02,
2.743613281250000000e+02,
2.672359008789062500e+02,
2.665185546875000000e+02,
2.701015625000000000e+02,
2.665039672851562500e+02,
2.637911071777343750e+02,
2.531348266601562500e+02,
2.468458404541015625e+02,
2.563540344238281250e+02,
2.438535919189453125e+02,
2.564051513671875000e+02,
2.619288940429687500e+02,
2.718528747558593750e+02,
2.570551147460937500e+02,
2.508302001953125000e+02,
3.368205871582031250e+02,
3.846438293457031250e+02,
4.235513916015625000e+02,
4.660982666015625000e+02,
4.880948791503906250e+02,
4.878667297363281250e+02,
4.589550781250000000e+02,
4.652151184082031250e+02,
4.588969726562500000e+02,
5.122850952148437500e+02,
4.981870422363281250e+02,
4.989064025878906250e+02,
5.383499755859375000e+02,
5.929611206054687500e+02,
6.046880493164062500e+02,
6.156475219726562500e+02,
6.291652832031250000e+02,
5.999320678710937500e+02,
5.906896972656250000e+02,
5.933799438476562500e+02,
5.757376708984375000e+02,
5.421934814453125000e+02,
5.357742919921875000e+02,
4.753079833984375000e+02,
4.330749511718750000e+02,
4.371589355468750000e+02,
4.711991577148437500e+02,
4.319426574707031250e+02,
4.725899963378906250e+02,
5.117890930175781250e+02,
5.000340881347656250e+02,
5.380464477539062500e+02,
5.037230529785156250e+02,
5.003041076660156250e+02,
4.959377136230468750e+02,
4.906051940917968750e+02,
4.697714233398437500e+02,
4.746446533203125000e+02,
4.460593261718750000e+02,
4.057435302734375000e+02,
4.035817260742187500e+02,
4.104680480957031250e+02,
3.965583801269531250e+02,
4.470618286132812500e+02,
4.335339355468750000e+02,
4.678431701660156250e+02,
4.972361145019531250e+02,
4.531704101562500000e+02,
4.354307861328125000e+02,
4.833638610839843750e+02,
4.606141967773437500e+02,
4.426754455566406250e+02,
4.058518981933593750e+02,
3.834130859375000000e+02,
3.930822143554687500e+02,
3.920593566894531250e+02,
3.926371765136718750e+02,
4.078739318847656250e+02,
4.106989440917968750e+02,
3.991987304687500000e+02,
4.279858703613281250e+02,
4.059026184082031250e+02,
4.435832214355468750e+02,
4.147727355957031250e+02,
4.373763427734375000e+02,
4.426280822753906250e+02,
4.187539367675781250e+02,
3.956278991699218750e+02,
3.888362426757812500e+02,
4.074972534179687500e+02,
3.928286132812500000e+02,
4.541737060546875000e+02,
5.170485839843750000e+02,
5.348408203125000000e+02,
5.360831909179687500e+02,
5.433129882812500000e+02,
5.693074951171875000e+02,
5.163524780273437500e+02,
5.262964477539062500e+02,
5.050945739746093750e+02,
5.247919311523437500e+02,
5.259376220703125000e+02,
5.307506103515625000e+02,
4.887070312500000000e+02,
4.940067138671875000e+02,
4.857358093261718750e+02,
4.428089904785156250e+02,
4.182315979003906250e+02,
4.427006530761718750e+02,
4.004445495605468750e+02,
3.971129455566406250e+02,
3.751347656250000000e+02,
3.635301513671875000e+02,
3.202791137695312500e+02,
2.883324584960937500e+02,
3.056813354492187500e+02,
2.678734436035156250e+02,
2.696672363281250000e+02,
2.789752502441406250e+02,
2.711047668457031250e+02,
2.607709045410156250e+02,
2.597195739746093750e+02,
2.709954223632812500e+02,
2.783113403320312500e+02,
2.586013793945312500e+02,
2.559097900390625000e+02,
2.733296813964843750e+02,
2.497929382324218750e+02,
2.660196838378906250e+02,
2.609529418945312500e+02,
2.512808227539062500e+02,
2.408890838623046875e+02,
2.399544525146484375e+02,
2.414098815917968750e+02,
2.569755859375000000e+02,
2.564341430664062500e+02,
2.465281372070312500e+02,
2.440238647460937500e+02,
2.500291595458984375e+02,
2.497973785400390625e+02,
2.640841979980468750e+02,
2.562540893554687500e+02,
2.511869201660156250e+02,
2.572661437988281250e+02,
2.471070709228515625e+02,
2.272402801513671875e+02,
2.180376739501953125e+02,
2.051134033203125000e+02,
2.227967376708984375e+02,
2.185532836914062500e+02,
2.073217773437500000e+02,
2.470538787841796875e+02,
2.302811431884765625e+02,
2.527297210693359375e+02,
2.535443115234375000e+02,
2.859826660156250000e+02,
2.856697692871093750e+02,
2.525414581298828125e+02,
2.440002136230468750e+02,
2.641470031738281250e+02,
2.553872375488281250e+02,
2.617082824707031250e+02,
2.775762939453125000e+02,
3.140562438964843750e+02,
3.981103515625000000e+02,
4.843500671386718750e+02,
5.068070983886718750e+02,
5.258551635742187500e+02,
6.216140136718750000e+02,
6.100761718750000000e+02,
6.411946411132812500e+02,
6.466010131835937500e+02,
6.594941406250000000e+02,
6.360510253906250000e+02,
6.329568481445312500e+02,
6.317534790039062500e+02,
6.177927856445312500e+02,
6.214738159179687500e+02,
5.875405883789062500e+02,
6.088486328125000000e+02,
6.123563842773437500e+02,
6.347055664062500000e+02,
6.376679687500000000e+02,
6.576676025390625000e+02,
6.375635986328125000e+02,
6.740032348632812500e+02,
7.140269165039062500e+02,
7.873576660156250000e+02,
7.649196777343750000e+02,
7.559287109375000000e+02,
7.623265991210937500e+02,
7.745661010742187500e+02,
7.812447509765625000e+02,
8.238036499023437500e+02,
8.074628295898437500e+02,
8.246002197265625000e+02,
8.316513671875000000e+02,
8.296226806640625000e+02,
7.966115722656250000e+02,
7.462943725585937500e+02,
6.914772949218750000e+02,
6.298963012695312500e+02,
5.678934326171875000e+02,
5.351962890625000000e+02,
4.889072875976562500e+02,
4.638407897949218750e+02,
4.809736938476562500e+02,
4.748379821777343750e+02,
4.775802307128906250e+02,
4.819765625000000000e+02,
5.030852050781250000e+02,
5.091795959472656250e+02,
4.781166992187500000e+02,
5.117643737792968750e+02,
4.418392333984375000e+02,
4.900479431152343750e+02,
4.663590698242187500e+02,
4.597282409667968750e+02,
4.937856445312500000e+02,
4.569814453125000000e+02,
4.782093505859375000e+02,
4.853094177246093750e+02,
4.919454650878906250e+02,
5.103139038085937500e+02,
5.080557250976562500e+02,
4.932066345214843750e+02,
5.068421020507812500e+02,
5.156752319335937500e+02,
5.390930175781250000e+02,
5.561693115234375000e+02,
5.834977416992187500e+02,
5.888437500000000000e+02,
6.108085327148437500e+02,
5.559045410156250000e+02,
5.526560668945312500e+02,
5.209172363281250000e+02,
5.465281372070312500e+02,
4.794280700683593750e+02,
4.646508178710937500e+02,
4.286838684082031250e+02,
4.474353332519531250e+02,
4.143573608398437500e+02,
3.980593566894531250e+02,
3.955604858398437500e+02,
4.076263122558593750e+02,
4.449690551757812500e+02,
4.399906311035156250e+02,
4.566112670898437500e+02,
4.696870727539062500e+02,
4.319848022460937500e+02,
4.346809692382812500e+02,
4.536865539550781250e+02,
4.467240600585937500e+02,
4.341440429687500000e+02,
4.300382995605468750e+02,
4.552329101562500000e+02,
4.688251342773437500e+02,
4.781009826660156250e+02,
4.881212158203125000e+02,
4.990974121093750000e+02,
4.644072875976562500e+02,
4.304406127929687500e+02,
4.605884399414062500e+02,
4.633453979492187500e+02,
4.277482604980468750e+02,
4.377391662597656250e+02,
4.088969726562500000e+02,
3.724747314453125000e+02,
3.794176635742187500e+02,
3.707558288574218750e+02,
3.798078918457031250e+02,
4.440200195312500000e+02,
4.154299316406250000e+02,
4.254671936035156250e+02,
4.624942626953125000e+02,
4.582535400390625000e+02,
4.757059936523437500e+02,
4.729279785156250000e+02,
4.350128173828125000e+02,
4.270860900878906250e+02,
4.376637573242187500e+02,
3.965346984863281250e+02,
3.737302856445312500e+02,
3.721522827148437500e+02,
3.877327575683593750e+02,
3.729079284667968750e+02,
3.810952453613281250e+02,
3.789416503906250000e+02,
3.785323486328125000e+02,
4.157795715332031250e+02,
3.476305847167968750e+02,
3.658134765625000000e+02,
3.726560058593750000e+02,
3.775982971191406250e+02,
3.167272949218750000e+02,
3.008275451660156250e+02,
3.167528381347656250e+02,
3.086730651855468750e+02,
3.124237365722656250e+02,
2.802687988281250000e+02,
3.081454772949218750e+02,
3.441073608398437500e+02,
3.088045959472656250e+02,
3.113724060058593750e+02,
3.028666076660156250e+02,
3.264845275878906250e+02,
3.218004760742187500e+02,
3.549358825683593750e+02,
3.664066162109375000e+02,
3.471318969726562500e+02,
3.515703735351562500e+02,
3.571836242675781250e+02,
3.944780578613281250e+02,
4.120073242187500000e+02,
4.345929260253906250e+02,
4.699752502441406250e+02,
4.977868652343750000e+02,
5.301857910156250000e+02,
5.634727783203125000e+02,
5.553903198242187500e+02,
5.722586059570312500e+02,
5.425590209960937500e+02,
5.408997192382812500e+02,
5.308657836914062500e+02,
4.763869018554687500e+02,
4.694304809570312500e+02,
4.413755493164062500e+02,
4.587641601562500000e+02,
4.585718994140625000e+02,
4.843183898925781250e+02,
4.049123535156250000e+02,
3.862391052246093750e+02,
3.667493591308593750e+02,
3.630986938476562500e+02,
3.907902832031250000e+02,
4.144516906738281250e+02,
3.854905395507812500e+02,
3.676896667480468750e+02,
3.522544860839843750e+02,
3.247093811035156250e+02,
2.992516479492187500e+02,
2.896848144531250000e+02,
3.198150329589843750e+02,
2.729035644531250000e+02,
3.062648925781250000e+02,
2.834237670898437500e+02,
2.889892883300781250e+02,
2.806911010742187500e+02,
2.899073791503906250e+02,
2.838984680175781250e+02,
2.956037597656250000e+02,
3.450335388183593750e+02,
3.401053466796875000e+02,
3.629859008789062500e+02,
4.298648376464843750e+02,
4.175935058593750000e+02,
4.455440368652343750e+02,
4.708387145996093750e+02,
4.626125793457031250e+02,
4.447136535644531250e+02,
4.379288635253906250e+02,
4.494622192382812500e+02,
4.251414489746093750e+02,
4.059568176269531250e+02,
3.716459045410156250e+02,
3.202675476074218750e+02,
3.321549682617187500e+02,
2.992996826171875000e+02,
3.107196960449218750e+02,
3.477755432128906250e+02,
4.097311096191406250e+02,
4.298158264160156250e+02,
4.564542541503906250e+02,
5.079085998535156250e+02,
5.357362670898437500e+02,
5.542924804687500000e+02,
5.582471313476562500e+02,
5.472758178710937500e+02,
5.567097167968750000e+02,
5.654275512695312500e+02,
5.423959960937500000e+02,
5.471812133789062500e+02,
5.305021362304687500e+02,
5.103102111816406250e+02,
5.055061035156250000e+02,
4.846672058105468750e+02,
4.503471069335937500e+02,
4.409161682128906250e+02,
4.235967407226562500e+02,
4.470401306152343750e+02,
4.518084106445312500e+02,
4.090903015136718750e+02,
3.557663574218750000e+02,
3.856142578125000000e+02,
3.949439697265625000e+02,
4.727976074218750000e+02,
5.121283569335937500e+02,
5.354942016601562500e+02,
5.194111328125000000e+02,
5.017791748046875000e+02,
4.862929992675781250e+02,
4.879403991699218750e+02,
5.329323120117187500e+02,
5.509719238281250000e+02,
5.527156372070312500e+02,
5.547120971679687500e+02,
5.658125610351562500e+02,
5.501988525390625000e+02,
5.299251708984375000e+02,
4.927933349609375000e+02,
4.680873107910156250e+02,
4.854598388671875000e+02,
5.595938110351562500e+02,
6.353359375000000000e+02,
5.901365966796875000e+02,
6.168686523437500000e+02,
5.927489013671875000e+02,
5.295989990234375000e+02,
6.962542724609375000e+02,
8.628305664062500000e+02,
9.572371215820312500e+02,
9.512650146484375000e+02,
9.566806030273437500e+02,
8.845433959960937500e+02,
7.492095336914062500e+02,
6.066932373046875000e+02,
5.398310546875000000e+02,
4.934650268554687500e+02,
4.566202697753906250e+02,
4.053763427734375000e+02,
3.601897277832031250e+02,
3.070734863281250000e+02,
2.923440246582031250e+02,
2.711740722656250000e+02,
2.709585876464843750e+02,
2.693071289062500000e+02,
2.876156616210937500e+02,
2.776451416015625000e+02,
2.677042541503906250e+02,
2.913298034667968750e+02,
3.312861633300781250e+02,
3.228020935058593750e+02,
3.294306640625000000e+02,
3.249450378417968750e+02,
3.097646484375000000e+02,
2.813717346191406250e+02,
2.970689086914062500e+02,
3.235457153320312500e+02,
3.548770751953125000e+02,
3.463627319335937500e+02,
3.820378723144531250e+02,
4.063454284667968750e+02,
4.303959655761718750e+02,
4.315675964355468750e+02,
4.273970947265625000e+02,
4.168523254394531250e+02,
3.766161499023437500e+02,
3.882705688476562500e+02,
3.743136901855468750e+02,
3.769676208496093750e+02,
3.781458129882812500e+02,
3.579552917480468750e+02,
3.395339050292968750e+02,
3.098023071289062500e+02,
3.005994873046875000e+02,
3.174306945800781250e+02,
2.853969421386718750e+02,
2.992097778320312500e+02,
2.825858459472656250e+02,
2.977044067382812500e+02,
3.251495361328125000e+02,
3.190542297363281250e+02,
3.252700500488281250e+02,
2.987152709960937500e+02,
3.136889953613281250e+02,
2.731401367187500000e+02,
2.806112976074218750e+02,
2.723740844726562500e+02,
2.751973266601562500e+02,
2.784794921875000000e+02,
2.477073974609375000e+02,
2.347241210937500000e+02,
2.398130340576171875e+02,
2.359875183105468750e+02,
2.202780914306640625e+02,
2.298779296875000000e+02,
2.139682464599609375e+02,
2.420590362548828125e+02,
2.527458038330078125e+02,
2.692861633300781250e+02,
2.903912353515625000e+02,
3.218476257324218750e+02,
2.608861083984375000e+02,
2.710326232910156250e+02,
2.764320068359375000e+02,
2.968897094726562500e+02,
2.841812438964843750e+02,
2.903280029296875000e+02,
2.573329772949218750e+02,
2.444411926269531250e+02,
2.288806762695312500e+02,
2.202248992919921875e+02,
1.964244384765625000e+02,
1.844898376464843750e+02,
1.898508911132812500e+02,
2.269338226318359375e+02,
2.188745880126953125e+02,
2.658015747070312500e+02,
2.822321777343750000e+02,
2.816862487792968750e+02,
3.329814758300781250e+02,
3.231163635253906250e+02,
3.151372070312500000e+02,
3.389931640625000000e+02,
2.974338989257812500e+02,
2.671483764648437500e+02,
2.339879302978515625e+02,
2.418751831054687500e+02,
2.723842773437500000e+02,
2.980757446289062500e+02,
2.831156921386718750e+02,
2.838591003417968750e+02,
2.906275024414062500e+02,
2.946848754882812500e+02,
2.863646240234375000e+02,
2.798017272949218750e+02,
2.791266784667968750e+02,
2.491516113281250000e+02,
2.757301330566406250e+02,
3.453419494628906250e+02,
4.771073608398437500e+02,
4.740730590820312500e+02,
5.021022949218750000e+02,
5.262242431640625000e+02,
5.149481201171875000e+02,
5.379855957031250000e+02,
5.818215942382812500e+02,
6.306253662109375000e+02,
6.449370117187500000e+02,
6.256381225585937500e+02,
5.419954833984375000e+02,
5.162890625000000000e+02,
4.928928833007812500e+02,
4.787172851562500000e+02,
5.110259094238281250e+02,
5.034070129394531250e+02,
5.485164184570312500e+02,
5.243831787109375000e+02,
4.548330688476562500e+02,
4.648621826171875000e+02,
4.379800109863281250e+02,
4.491308288574218750e+02,
4.949742736816406250e+02,
5.419202880859375000e+02,
5.181710205078125000e+02,
4.765370483398437500e+02,
4.424221191406250000e+02,
4.184641113281250000e+02,
4.032033081054687500e+02,
4.226612548828125000e+02,
4.948091735839843750e+02,
4.815205383300781250e+02,
4.389276123046875000e+02,
4.140526733398437500e+02,
4.534801330566406250e+02,
4.896004943847656250e+02,
6.261756591796875000e+02,
6.250843505859375000e+02,
6.147979125976562500e+02,
6.248284912109375000e+02,
6.008173828125000000e+02,
5.786797485351562500e+02,
5.619729614257812500e+02,
5.025434875488281250e+02,
4.438175048828125000e+02,
4.049147644042968750e+02,
3.667751464843750000e+02,
3.312328796386718750e+02,
2.736828918457031250e+02,
2.782427978515625000e+02,
2.864779663085937500e+02,
2.701589660644531250e+02,
2.693986511230468750e+02,
2.599559631347656250e+02,
2.476122283935546875e+02,
2.475903472900390625e+02,
2.468999938964843750e+02,
2.733356323242187500e+02,
2.788011474609375000e+02,
2.657402343750000000e+02,
2.695783691406250000e+02,
2.624179382324218750e+02,
2.310898132324218750e+02,
2.283547058105468750e+02,
2.564755859375000000e+02,
2.472690734863281250e+02,
3.004800415039062500e+02,
2.621362609863281250e+02,
2.697617187500000000e+02,
2.919780578613281250e+02,
3.393523864746093750e+02,
4.269189147949218750e+02,
5.130406494140625000e+02,
6.209686889648437500e+02,
6.909915161132812500e+02,
7.400897216796875000e+02,
7.338923339843750000e+02,
7.490729980468750000e+02,
7.551040649414062500e+02,
7.496586303710937500e+02,
7.456729125976562500e+02,
8.053992309570312500e+02,
8.402131347656250000e+02,
8.481478271484375000e+02,
8.675292968750000000e+02,
8.969867553710937500e+02,
9.170763549804687500e+02,
9.048914184570312500e+02,
8.512896118164062500e+02,
8.557453002929687500e+02,
7.632421875000000000e+02,
6.587294921875000000e+02,
5.929478759765625000e+02,
5.470553588867187500e+02,
5.203213500976562500e+02,
5.358353881835937500e+02,
5.147712402343750000e+02,
5.112274780273437500e+02,
5.150724487304687500e+02,
5.189562988281250000e+02,
5.526989746093750000e+02,
5.372136230468750000e+02,
5.579609375000000000e+02,
5.899256591796875000e+02,
5.964011840820312500e+02,
5.876754760742187500e+02,
5.837683715820312500e+02,
5.604639892578125000e+02,
5.448604125976562500e+02,
5.040094909667968750e+02,
4.783095703125000000e+02,
4.720289611816406250e+02,
5.033494873046875000e+02,
5.071021423339843750e+02,
5.197066040039062500e+02,
5.096762695312500000e+02,
5.624785156250000000e+02,
5.570429687500000000e+02,
5.482499389648437500e+02,
5.525195312500000000e+02,
5.007171020507812500e+02,
5.029812622070312500e+02,
4.788746032714843750e+02,
4.222676086425781250e+02,
4.505023803710937500e+02,
4.576558837890625000e+02,
4.896593627929687500e+02,
5.327870483398437500e+02,
5.035715026855468750e+02,
4.319751281738281250e+02,
4.251124267578125000e+02,
3.987467956542968750e+02,
4.092864074707031250e+02,
4.084615783691406250e+02,
3.706688842773437500e+02,
3.641989440917968750e+02,
3.593275451660156250e+02,
3.689165344238281250e+02,
3.275394592285156250e+02,
2.928731994628906250e+02,
3.284570312500000000e+02,
3.612800292968750000e+02,
3.334271545410156250e+02,
3.410896606445312500e+02,
3.393917846679687500e+02,
3.666215515136718750e+02,
3.726819458007812500e+02,
4.171308898925781250e+02,
3.967938842773437500e+02,
4.728673400878906250e+02,
5.166591186523437500e+02,
5.778725585937500000e+02,
5.632110595703125000e+02,
6.185844726562500000e+02,
5.756147460937500000e+02,
5.643093872070312500e+02,
5.386651611328125000e+02,
5.076655883789062500e+02,
4.797834777832031250e+02,
4.847595214843750000e+02,
4.384517517089843750e+02,
4.348848876953125000e+02,
3.923101806640625000e+02,
4.084510498046875000e+02,
3.993541870117187500e+02,
3.723977355957031250e+02,
3.494802551269531250e+02,
3.356646423339843750e+02,
2.990722045898437500e+02,
3.082371215820312500e+02,
3.151943359375000000e+02,
3.186273803710937500e+02,
2.944839172363281250e+02,
2.901273193359375000e+02,
3.431736145019531250e+02,
3.766965942382812500e+02,
4.214752502441406250e+02,
4.287319946289062500e+02,
4.484356079101562500e+02,
4.949371948242187500e+02,
4.589035034179687500e+02,
4.633907165527343750e+02,
3.934797973632812500e+02,
3.963825073242187500e+02,
3.834863891601562500e+02,
3.849425659179687500e+02,
3.715197143554687500e+02,
4.518972778320312500e+02,
4.933038635253906250e+02,
5.492481689453125000e+02,
5.920203857421875000e+02,
6.145354614257812500e+02,
6.297362670898437500e+02,
6.038151855468750000e+02,
5.891960449218750000e+02,
5.994708862304687500e+02,
5.855567626953125000e+02,
5.232128295898437500e+02,
4.927789306640625000e+02,
4.860842895507812500e+02,
4.801033935546875000e+02,
4.423377075195312500e+02,
4.217124633789062500e+02,
5.016785583496093750e+02,
5.128187866210937500e+02,
5.694694213867187500e+02,
5.542572021484375000e+02,
5.842941894531250000e+02,
6.635860595703125000e+02,
6.313242797851562500e+02,
5.860304565429687500e+02,
5.870620117187500000e+02,
5.853065795898437500e+02,
5.541807250976562500e+02,
5.539866333007812500e+02,
6.217870483398437500e+02,
6.206788940429687500e+02,
6.634150390625000000e+02,
7.404215698242187500e+02,
9.087281494140625000e+02,
9.452177124023437500e+02,
9.444985351562500000e+02,
9.072075805664062500e+02,
8.521225585937500000e+02,
5.979880371093750000e+02,
4.957267456054687500e+02,
4.361711120605468750e+02,
3.584266967773437500e+02,
3.248818664550781250e+02,
2.988986206054687500e+02,
2.932940673828125000e+02,
2.848947448730468750e+02,
3.025623474121093750e+02,
3.255525207519531250e+02,
3.389147644042968750e+02,
3.390213012695312500e+02,
3.207392578125000000e+02,
3.679369506835937500e+02,
3.436332092285156250e+02,
3.437309570312500000e+02,
4.253174133300781250e+02,
4.192714233398437500e+02,
4.264988403320312500e+02,
4.117964477539062500e+02,
4.109525146484375000e+02,
3.974107666015625000e+02,
3.825449829101562500e+02,
3.543734130859375000e+02,
3.725946044921875000e+02,
3.253204345703125000e+02,
3.159376831054687500e+02,
3.311564636230468750e+02,
3.232104492187500000e+02,
3.353566589355468750e+02,
3.378723449707031250e+02,
3.439615478515625000e+02,
3.053427734375000000e+02,
2.822835388183593750e+02,
2.754645080566406250e+02,
2.678869018554687500e+02,
2.746630859375000000e+02,
2.294074096679687500e+02,
2.137384490966796875e+02,
2.158572082519531250e+02,
2.434948730468750000e+02,
2.875445556640625000e+02,
2.921580505371093750e+02,
2.812437744140625000e+02,
3.068072204589843750e+02,
3.013017272949218750e+02,
3.084150695800781250e+02,
2.757282409667968750e+02,
2.951956787109375000e+02,
2.428104858398437500e+02,
2.297374877929687500e+02,
2.008823699951171875e+02,
2.275805206298828125e+02,
2.654443664550781250e+02,
2.736430969238281250e+02,
2.936205139160156250e+02,
3.380262756347656250e+02,
3.120521850585937500e+02,
2.957922058105468750e+02,
2.790511779785156250e+02,
2.747435302734375000e+02,
2.692926635742187500e+02,
2.704211120605468750e+02,
3.157340393066406250e+02,
3.166891784667968750e+02,
2.905125732421875000e+02,
2.701396789550781250e+02,
2.931399841308593750e+02,
3.444910888671875000e+02,
4.124818115234375000e+02,
4.776595153808593750e+02,
5.195180053710937500e+02,
5.363992919921875000e+02,
6.390333862304687500e+02,
6.456048583984375000e+02,
6.744357910156250000e+02,
6.283438110351562500e+02,
5.689337158203125000e+02,
5.403055419921875000e+02,
5.507173461914062500e+02,
5.375216064453125000e+02,
5.167365112304687500e+02,
5.053776855468750000e+02,
5.133464355468750000e+02,
5.389349975585937500e+02,
5.589436035156250000e+02,
5.241093139648437500e+02,
4.869658203125000000e+02,
4.626124877929687500e+02,
4.778131713867187500e+02,
4.914366149902343750e+02,
4.873540344238281250e+02,
5.602376708984375000e+02,
5.753613281250000000e+02,
6.510568847656250000e+02,
6.868993530273437500e+02,
6.710427856445312500e+02,
6.578591918945312500e+02,
5.891124267578125000e+02,
4.975462646484375000e+02,
3.891974792480468750e+02,
3.038496398925781250e+02,
2.925180053710937500e+02,
2.908038940429687500e+02,
2.681295471191406250e+02,
2.967808837890625000e+02,
2.789514770507812500e+02,
3.041509704589843750e+02,
2.729187622070312500e+02,
2.836849365234375000e+02,
2.578890380859375000e+02,
2.414008483886718750e+02,
2.556350402832031250e+02,
2.979596862792968750e+02,
2.684615173339843750e+02,
3.108974609375000000e+02,
4.327844848632812500e+02,
5.738226318359375000e+02,
6.441557617187500000e+02,
7.628863525390625000e+02,
8.466066284179687500e+02,
8.415161743164062500e+02,
8.353314208984375000e+02,
8.522572631835937500e+02,
9.111597900390625000e+02,
9.445017089843750000e+02,
1.013394165039062500e+03,
9.564352416992187500e+02,
8.742851562500000000e+02,
8.444887084960937500e+02,
7.779119873046875000e+02,
6.538615112304687500e+02,
5.708842773437500000e+02,
5.350722656250000000e+02,
5.594726562500000000e+02,
6.046504516601562500e+02,
5.901252441406250000e+02,
6.343818359375000000e+02,
6.320643920898437500e+02,
6.464888305664062500e+02,
6.217477416992187500e+02,
6.095453491210937500e+02,
5.760634155273437500e+02,
5.694042358398437500e+02,
5.845231933593750000e+02,
5.502547607421875000e+02,
5.510510864257812500e+02,
6.009114379882812500e+02,
6.248319091796875000e+02,
5.883413696289062500e+02,
5.329815063476562500e+02,
4.872637939453125000e+02,
5.207128906250000000e+02,
4.821770935058593750e+02,
5.246813964843750000e+02,
4.886156616210937500e+02,
4.586372070312500000e+02,
4.555895690917968750e+02,
