8.268131103515625000e+02,
8.542569580078125000e+02,
8.292901000976562500e+02,
7.674345703125000000e+02,
7.404945068359375000e+02,
6.676401977539062500e+02,
6.771841430664062500e+02,
6.926559448242187500e+02,
6.944387207031250000e+02,
7.535943603515625000e+02,
7.449442749023437500e+02,
7.119988403320312500e+02,
6.758910522460937500e+02,
6.517429809570312500e+02,
7.028745117187500000e+02,
6.765033569335937500e+02,
7.010541992187500000e+02,
6.735786743164062500e+02,
6.665270996093750000e+02,
6.557318725585937500e+02,
6.268732910156250000e+02,
6.595047607421875000e+02,
6.119670410156250000e+02,
6.606564331054687500e+02,
6.640253295898437500e+02,
6.534308471679687500e+02,
6.662859497070312500e+02,
7.128238525390625000e+02,
6.791117553710937500e+02,
6.635873413085937500e+02,
6.179884643554687500e+02,
6.341594238281250000e+02,
6.475444335937500000e+02,
6.451452636718750000e+02,
6.640193481445312500e+02,
6.757994995117187500e+02,
6.414228515625000000e+02,
6.996980590820312500e+02,
7.012199707031250000e+02,
7.106376342773437500e+02,
6.824988403320312500e+02,
7.239833984375000000e+02,
7.079498901367187500e+02,
7.435431518554687500e+02,
7.105271606445312500e+02,
7.120269165039062500e+02,
6.973091430664062500e+02,
6.558868408203125000e+02,
6.782319335937500000e+02,
6.435164794921875000e+02,
6.223213500976562500e+02,
6.219152832031250000e+02,
6.144399414062500000e+02,
6.025045166015625000e+02,
6.460537719726562500e+02,
6.592092895507812500e+02,
7.227756958007812500e+02,
7.989918212890625000e+02,
7.901738891601562500e+02,
7.583375244140625000e+02,
7.493350830078125000e+02,
7.356793212890625000e+02,
7.056605834960937500e+02,
6.652455444335937500e+02,
6.636502075195312500e+02,
6.537868652343750000e+02,
7.021699829101562500e+02,
6.578810424804687500e+02,
6.467077026367187500e+02,
6.444029541015625000e+02,
6.033404541015625000e+02,
6.392785034179687500e+02,
5.968383789062500000e+02,
5.850651855468750000e+02,
5.617404785156250000e+02,
5.751652221679687500e+02,
5.341418457031250000e+02,
5.600050659179687500e+02,
5.259304809570312500e+02,
5.610757446289062500e+02,
5.312163696289062500e+02,
5.281185913085937500e+02,
5.312932128906250000e+02,
5.128621826171875000e+02,
5.062792358398437500e+02,
5.277184448242187500e+02,
4.890417785644531250e+02,
5.018662414550781250e+02,
5.209768676757812500e+02,
5.084351806640625000e+02,
5.126911621093750000e+02,
5.200286865234375000e+02,
5.295378417968750000e+02,
5.213101196289062500e+02,
5.447893676757812500e+02,
5.495954589843750000e+02,
5.203019409179687500e+02,
5.338840332031250000e+02,
5.011080627441406250e+02,
5.127073974609375000e+02,
4.626898193359375000e+02,
4.836269531250000000e+02,
4.749463500976562500e+02,
4.807495422363281250e+02,
5.018836059570312500e+02,
5.115303649902343750e+02,
5.379324951171875000e+02,
5.660648803710937500e+02,
5.851628417968750000e+02,
5.784656372070312500e+02,
5.899483032226562500e+02,
6.147635498046875000e+02,
6.303792114257812500e+02,
6.288807983398437500e+02,
6.096943359375000000e+02,
6.281115112304687500e+02,
6.488474731445312500e+02,
6.772693481445312500e+02,
7.157027587890625000e+02,
7.265957031250000000e+02,
7.498789672851562500e+02,
7.303538208007812500e+02,
6.936234741210937500e+02,
7.059546508789062500e+02,
6.990432128906250000e+02,
6.893418579101562500e+02,
7.171854248046875000e+02,
6.881016235351562500e+02,
7.286770019531250000e+02,
7.830403442382812500e+02,
7.493540649414062500e+02,
8.045352172851562500e+02,
7.889727172851562500e+02,
7.905214843750000000e+02,
7.632621459960937500e+02,
7.547859497070312500e+02,
7.043860473632812500e+02,
6.978347778320312500e+02,
6.942357788085937500e+02,
7.177990722656250000e+02,
6.884592895507812500e+02,
6.780770874023437500e+02,
6.730000610351562500e+02,
6.712381591796875000e+02,
6.962471923828125000e+02,
6.908366088867187500e+02,
6.985314331054687500e+02,
7.127872924804687500e+02,
7.116714477539062500e+02,
7.214926147460937500e+02,
7.463841552734375000e+02,
7.200564575195312500e+02,
7.180413818359375000e+02,
7.079316406250000000e+02,
7.138767700195312500e+02,
6.889832763671875000e+02,
6.659633789062500000e+02,
7.157834472656250000e+02,
7.125421142578125000e+02,
7.104829711914062500e+02,
6.649921875000000000e+02,
6.938818969726562500e+02,
6.934731445312500000e+02,
7.147913208007812500e+02,
7.201860961914062500e+02,
7.690584716796875000e+02,
7.216664428710937500e+02,
7.493719482421875000e+02,
7.603806762695312500e+02,
7.663198852539062500e+02,
7.243658447265625000e+02,
7.404111328125000000e+02,
7.468052368164062500e+02,
7.239452514648437500e+02,
7.313107299804687500e+02,
7.743219604492187500e+02,
7.817242431640625000e+02,
7.770162963867187500e+02,
7.676561279296875000e+02,
7.352258911132812500e+02,
6.988480224609375000e+02,
6.497127685546875000e+02,
6.844273681640625000e+02,
6.891503295898437500e+02,
7.077603759765625000e+02,
7.125539550781250000e+02,
7.452091064453125000e+02,
7.585314331054687500e+02,
7.615693969726562500e+02,
8.368258666992187500e+02,
8.320505371093750000e+02,
9.009513549804687500e+02,
9.748154296875000000e+02,
1.031511230468750000e+03,
9.787941284179687500e+02,
9.354853515625000000e+02,
9.213995971679687500e+02,
9.403101196289062500e+02,
8.958599853515625000e+02,
8.325668334960937500e+02,
8.212636108398437500e+02,
8.013283081054687500e+02,
8.135095214843750000e+02,
8.238409423828125000e+02,
8.483893432617187500e+02,
8.628214111328125000e+02,
8.134317016601562500e+02,
7.872775878906250000e+02,
7.961574096679687500e+02,
8.245306396484375000e+02,
7.818407592773437500e+02,
8.162987060546875000e+02,
8.757957153320312500e+02,
9.177685546875000000e+02,
8.729804687500000000e+02,
8.330227050781250000e+02,
8.236654052734375000e+02,
7.982713012695312500e+02,
7.819435424804687500e+02,
7.696996459960937500e+02,
7.538557739257812500e+02,
7.712006835937500000e+02,
7.639050292968750000e+02,
7.866816406250000000e+02,
8.282966308593750000e+02,
7.846845703125000000e+02,
7.718659667968750000e+02,
8.189495849609375000e+02,
7.939964599609375000e+02,
8.155215454101562500e+02,
7.867000122070312500e+02,
7.887615966796875000e+02,
7.970591430664062500e+02,
7.924879760742187500e+02,
7.521411743164062500e+02,
7.729073486328125000e+02,
7.331239013671875000e+02,
7.108953247070312500e+02,
7.258421020507812500e+02,
7.402891235351562500e+02,
7.792631835937500000e+02,
7.574339599609375000e+02,
7.770758666992187500e+02,
7.245156250000000000e+02,
7.297492065429687500e+02,
7.670783081054687500e+02,
7.137075195312500000e+02,
7.905193481445312500e+02,
8.192461547851562500e+02,
8.064525146484375000e+02,
8.114509277343750000e+02,
8.460570678710937500e+02,
8.915432739257812500e+02,
8.496243286132812500e+02,
8.295469970703125000e+02,
7.388356323242187500e+02,
7.501928710937500000e+02,
7.330692138671875000e+02,
6.861828002929687500e+02,
6.804868774414062500e+02,
6.976231689453125000e+02,
7.443997192382812500e+02,
7.099622802734375000e+02,
7.375637207031250000e+02,
7.091825561523437500e+02,
7.163425903320312500e+02,
7.455774536132812500e+02,
7.272517700195312500e+02,
7.559901733398437500e+02,
7.930729980468750000e+02,
8.264487304687500000e+02,
7.995197143554687500e+02,
8.028697509765625000e+02,
7.522893676757812500e+02,
6.847367553710937500e+02,
6.856323242187500000e+02,
6.786873168945312500e+02,
7.761409912109375000e+02,
8.205841064453125000e+02,
8.366113891601562500e+02,
8.119092407226562500e+02,
7.757526855468750000e+02,
7.960011596679687500e+02,
7.407595825195312500e+02,
6.993845825195312500e+02,
6.524105834960937500e+02,
6.331542358398437500e+02,
6.437235107421875000e+02,
6.284276123046875000e+02,
5.523238525390625000e+02,
5.735155029296875000e+02,
5.623361206054687500e+02,
5.752984008789062500e+02,
5.195326538085937500e+02,
5.706343994140625000e+02,
5.771359863281250000e+02,
5.571840209960937500e+02,
5.819845581054687500e+02,
5.320393066406250000e+02,
5.186388549804687500e+02,
5.179795532226562500e+02,
5.133509521484375000e+02,
5.351175537109375000e+02,
5.906504516601562500e+02,
6.211229858398437500e+02,
6.981599731445312500e+02,
6.748124389648437500e+02,
6.887438964843750000e+02,
7.090584106445312500e+02,
8.137894287109375000e+02,
8.076316528320312500e+02,
8.230593261718750000e+02,
7.695098876953125000e+02,
8.209547729492187500e+02,
7.822879638671875000e+02,
8.563690185546875000e+02,
8.569246215820312500e+02,
8.261774902343750000e+02,
8.170158691406250000e+02,
7.614546508789062500e+02,
7.387628784179687500e+02,
7.291024780273437500e+02,
7.655984497070312500e+02,
7.666766967773437500e+02,
7.934976196289062500e+02,
7.900781250000000000e+02,
7.800703735351562500e+02,
7.484719848632812500e+02,
7.656272583007812500e+02,
7.497233886718750000e+02,
7.542823486328125000e+02,
8.192752075195312500e+02,
7.289744873046875000e+02,
7.549698486328125000e+02,
8.156405029296875000e+02,
8.204713745117187500e+02,
7.997682495117187500e+02,
7.879253540039062500e+02,
8.321256103515625000e+02,
7.537272338867187500e+02,
7.851022949218750000e+02,
7.427807006835937500e+02,
7.293757324218750000e+02,
8.188948974609375000e+02,
8.613781738281250000e+02,
1.002992187500000000e+03,
1.077914184570312500e+03,
1.061617309570312500e+03,
1.026826293945312500e+03,
1.024371215820312500e+03,
9.749710693359375000e+02,
8.973074951171875000e+02,
8.860635375976562500e+02,
8.860016479492187500e+02,
8.843225097656250000e+02,
8.688557739257812500e+02,
8.691971435546875000e+02,
8.705910034179687500e+02,
8.649718627929687500e+02,
8.696707153320312500e+02,
8.692029418945312500e+02,
8.707195434570312500e+02,
8.393939819335937500e+02,
8.566475219726562500e+02,
8.722505493164062500e+02,
8.388422241210937500e+02,
8.147334594726562500e+02,
8.391231689453125000e+02,
7.959214477539062500e+02,
8.159668579101562500e+02,
7.936568603515625000e+02,
8.206682128906250000e+02,
7.816559448242187500e+02,
7.679144287109375000e+02,
8.694434204101562500e+02,
8.906829223632812500e+02,
8.961483764648437500e+02,
8.726333007812500000e+02,
7.346871337890625000e+02,
7.550872192382812500e+02,
7.707008056640625000e+02,
7.548879394531250000e+02,
7.631998901367187500e+02,
7.731542358398437500e+02,
7.910842895507812500e+02,
8.377897338867187500e+02,
8.457172241210937500e+02,
8.280494384765625000e+02,
8.136350708007812500e+02,
7.426068115234375000e+02,
7.997002563476562500e+02,
8.532816772460937500e+02,
8.500022583007812500e+02,
7.992096557617187500e+02,
7.802925415039062500e+02,
7.129077148437500000e+02,
7.014764404296875000e+02,
6.608282470703125000e+02,
6.654176635742187500e+02,
5.780601196289062500e+02,
5.904350585937500000e+02,
5.787476806640625000e+02,
5.593023681640625000e+02,
5.892031250000000000e+02,
5.875519409179687500e+02,
5.427676391601562500e+02,
5.288466796875000000e+02,
5.586734619140625000e+02,
6.041593627929687500e+02,
6.565455932617187500e+02,
7.565130615234375000e+02,
7.665221557617187500e+02,
8.195669555664062500e+02,
8.313570556640625000e+02,
8.702973022460937500e+02,
8.676021118164062500e+02,
8.896081542968750000e+02,
8.666625366210937500e+02,
8.507968750000000000e+02,
8.120091552734375000e+02,
8.077498779296875000e+02,
8.199072265625000000e+02,
8.321620483398437500e+02,
8.202261962890625000e+02,
8.647328491210937500e+02,
8.565548095703125000e+02,
8.167724609375000000e+02,
7.925079956054687500e+02,
8.277568359375000000e+02,
8.391987915039062500e+02,
8.499313964843750000e+02,
8.128956909179687500e+02,
7.851400756835937500e+02,
8.219051513671875000e+02,
8.232056884765625000e+02,
9.605911865234375000e+02,
1.022258239746093750e+03,
1.061979003906250000e+03,
1.120152587890625000e+03,
1.086977416992187500e+03,
1.013499572753906250e+03,
9.479657592773437500e+02,
9.556635131835937500e+02,
8.928754272460937500e+02,
9.412223510742187500e+02,
9.056174316406250000e+02,
1.008119873046875000e+03,
9.123380737304687500e+02,
9.003659667968750000e+02,
8.951980590820312500e+02,
8.829346313476562500e+02,
8.953411865234375000e+02,
8.502940673828125000e+02,
8.658313598632812500e+02,
8.436801147460937500e+02,
