9.976389770507812500e+02,
1.003187072753906250e+03,
1.027392944335937500e+03,
1.026604614257812500e+03,
9.258290405273437500e+02,
9.062090454101562500e+02,
9.517606201171875000e+02,
1.021341918945312500e+03,
1.079132568359375000e+03,
1.115052001953125000e+03,
1.137034179687500000e+03,
1.172134033203125000e+03,
1.171774902343750000e+03,
1.161781982421875000e+03,
1.121216308593750000e+03,
1.064052856445312500e+03,
1.088328002929687500e+03,
1.067342041015625000e+03,
1.012702575683593750e+03,
1.007824829101562500e+03,
9.882178955078125000e+02,
9.998345947265625000e+02,
9.713514404296875000e+02,
1.009682312011718750e+03,
1.003118713378906250e+03,
1.025845703125000000e+03,
1.043180786132812500e+03,
1.117077026367187500e+03,
1.144065307617187500e+03,
1.171780761718750000e+03,
1.133846069335937500e+03,
1.166798828125000000e+03,
1.126302001953125000e+03,
1.111875610351562500e+03,
1.130551025390625000e+03,
1.072359619140625000e+03,
1.120491455078125000e+03,
1.153492797851562500e+03,
1.212317260742187500e+03,
1.248774169921875000e+03,
1.264516235351562500e+03,
1.319698730468750000e+03,
1.340826660156250000e+03,
1.344899658203125000e+03,
1.273547485351562500e+03,
1.247759277343750000e+03,
1.261987426757812500e+03,
1.227452636718750000e+03,
1.237708251953125000e+03,
1.291978637695312500e+03,
1.268791503906250000e+03,
1.286402221679687500e+03,
1.246810913085937500e+03,
1.259795898437500000e+03,
1.285471557617187500e+03,
1.361709472656250000e+03,
1.394789184570312500e+03,
1.460434570312500000e+03,
1.494256958007812500e+03,
1.443960693359375000e+03,
1.409226928710937500e+03,
1.367799682617187500e+03,
1.361576904296875000e+03,
1.392806518554687500e+03,
1.453166137695312500e+03,
1.531420654296875000e+03,
1.590888061523437500e+03,
1.668253662109375000e+03,
1.064098510742187500e+03,
1.124975463867187500e+03,
1.192653442382812500e+03,
1.237436523437500000e+03,
1.214368286132812500e+03,
1.262155395507812500e+03,
1.204439331054687500e+03,
1.146123657226562500e+03,
1.117038208007812500e+03,
1.101789062500000000e+03,
1.115801147460937500e+03,
1.134002441406250000e+03,
1.186326904296875000e+03,
1.227076171875000000e+03,
1.278378173828125000e+03,
1.295891113281250000e+03,
1.351645629882812500e+03,
1.398212158203125000e+03,
1.460061645507812500e+03,
1.516599365234375000e+03,
1.598257812500000000e+03,
1.536048828125000000e+03,
1.498895629882812500e+03,
1.537961914062500000e+03,
1.549441528320312500e+03,
1.541798217773437500e+03,
1.588738403320312500e+03,
1.611311767578125000e+03,
1.661649047851562500e+03,
1.692619140625000000e+03,
1.729054687500000000e+03,
1.847164428710937500e+03,
1.212691284179687500e+03,
1.339264526367187500e+03,
1.420930175781250000e+03,
1.397734252929687500e+03,
1.271262817382812500e+03,
1.219989624023437500e+03,
1.232555297851562500e+03,
1.280660278320312500e+03,
1.380820922851562500e+03,
1.442817626953125000e+03,
1.567192138671875000e+03,
1.669937500000000000e+03,
1.743563110351562500e+03,
1.824884155273437500e+03,
1.797714477539062500e+03,
1.773318115234375000e+03,
1.870780151367187500e+03,
1.829107910156250000e+03,
1.897772583007812500e+03,
2.055270019531250000e+03,
