2.851344604492187500e+02,
3.011303100585937500e+02,
3.486335449218750000e+02,
2.554811553955078125e+02,
2.341291961669921875e+02,
2.564274597167968750e+02,
2.369295196533203125e+02,
2.699163208007812500e+02,
2.724798278808593750e+02,
2.689436340332031250e+02,
2.789907531738281250e+02,
2.742779541015625000e+02,
2.720694274902343750e+02,
2.724002380371093750e+02,
2.681367797851562500e+02,
2.831483459472656250e+02,
2.827626037597656250e+02,
2.756665954589843750e+02,
2.613255310058593750e+02,
2.755383300781250000e+02,
2.437303161621093750e+02,
2.303900299072265625e+02,
2.209496002197265625e+02,
2.403535766601562500e+02,
2.237962188720703125e+02,
2.396720428466796875e+02,
2.401673278808593750e+02,
2.808901062011718750e+02,
3.100123291015625000e+02,
3.154516296386718750e+02,
3.201107482910156250e+02,
3.269802246093750000e+02,
3.322690429687500000e+02,
3.158220825195312500e+02,
2.953223876953125000e+02,
3.100624694824218750e+02,
3.260698547363281250e+02,
3.600969238281250000e+02,
3.761718139648437500e+02,
4.001066894531250000e+02,
3.929716491699218750e+02,
4.064482421875000000e+02,
4.278830261230468750e+02,
4.248628845214843750e+02,
4.396587829589843750e+02,
4.410775451660156250e+02,
4.320855407714843750e+02,
4.342265319824218750e+02,
4.158343811035156250e+02,
3.936780395507812500e+02,
3.783916320800781250e+02,
3.553276062011718750e+02,
3.640185852050781250e+02,
3.597774353027343750e+02,
4.192813110351562500e+02,
3.748159484863281250e+02,
3.877245483398437500e+02,
3.784034423828125000e+02,
3.467081909179687500e+02,
3.568247375488281250e+02,
3.113372192382812500e+02,
3.180905151367187500e+02,
3.168600769042968750e+02,
2.791093444824218750e+02,
2.652721862792968750e+02,
2.789542541503906250e+02,
2.309739227294921875e+02,
2.453036346435546875e+02,
2.433662261962890625e+02,
2.348931884765625000e+02,
2.435966491699218750e+02,
2.650614013671875000e+02,
2.386500091552734375e+02,
2.575050964355468750e+02,
2.395074005126953125e+02,
2.253553466796875000e+02,
2.242503051757812500e+02,
2.111424255371093750e+02,
2.123110351562500000e+02,
2.065610198974609375e+02,
2.107892761230468750e+02,
1.944360504150390625e+02,
1.793183898925781250e+02,
2.292819671630859375e+02,
1.838372650146484375e+02,
1.780482635498046875e+02,
2.040309295654296875e+02,
1.974519805908203125e+02,
1.935452270507812500e+02,
2.327566986083984375e+02,
1.723974456787109375e+02,
1.914816741943359375e+02,
1.887567749023437500e+02,
1.931996917724609375e+02,
1.812696533203125000e+02,
2.019940948486328125e+02,
1.764615173339843750e+02,
1.843677520751953125e+02,
1.974124755859375000e+02,
2.133710327148437500e+02,
1.942825622558593750e+02,
1.853773040771484375e+02,
2.009208526611328125e+02,
1.739349975585937500e+02,
1.998232421875000000e+02,
2.439662017822265625e+02,
2.001890563964843750e+02,
1.851381988525390625e+02,
1.844600982666015625e+02,
2.202072296142578125e+02,
1.907590789794921875e+02,
1.805446014404296875e+02,
1.804693603515625000e+02,
2.225685272216796875e+02,
1.987312469482421875e+02,
1.924961700439453125e+02,
1.947988586425781250e+02,
2.204224090576171875e+02,
1.971684265136718750e+02,
1.972905273437500000e+02,
1.866998291015625000e+02,
1.907877960205078125e+02,
1.898340148925781250e+02,
2.160347747802734375e+02,
2.410330352783203125e+02,
2.629118347167968750e+02,
2.754960021972656250e+02,
2.648745727539062500e+02,
2.816999511718750000e+02,
3.014630737304687500e+02,
3.171438903808593750e+02,
3.029103088378906250e+02,
2.902688598632812500e+02,
2.790405883789062500e+02,
2.710113525390625000e+02,
2.932835998535156250e+02,
3.100708007812500000e+02,
3.374142150878906250e+02,
3.702093200683593750e+02,
3.950065307617187500e+02,
3.561633605957031250e+02,
3.933556518554687500e+02,
3.779920959472656250e+02,
4.030190429687500000e+02,
4.030846862792968750e+02,
3.943944091796875000e+02,
4.249057312011718750e+02,
3.876990661621093750e+02,
3.791071472167968750e+02,
3.957425231933593750e+02,
4.276579895019531250e+02,
4.100045166015625000e+02,
4.483181152343750000e+02,
4.006673889160156250e+02,
3.856967468261718750e+02,
3.479515075683593750e+02,
3.471242065429687500e+02,
3.778316345214843750e+02,
4.093918457031250000e+02,
4.121898193359375000e+02,
4.236497802734375000e+02,
4.188708190917968750e+02,
4.020181274414062500e+02,
4.091426391601562500e+02,
4.034337463378906250e+02,
4.070144348144531250e+02,
4.034605102539062500e+02,
3.457526855468750000e+02,
3.357577819824218750e+02,
3.351007995605468750e+02,
3.515781555175781250e+02,
3.237801208496093750e+02,
3.201649780273437500e+02,
2.883108520507812500e+02,
2.702371215820312500e+02,
2.936620788574218750e+02,
3.002140502929687500e+02,
3.031332397460937500e+02,
2.984555053710937500e+02,
2.832312011718750000e+02,
2.880466003417968750e+02,
3.275495605468750000e+02,
3.081111145019531250e+02,
3.398970031738281250e+02,
3.331246032714843750e+02,
3.474734497070312500e+02,
3.297677307128906250e+02,
3.468171691894531250e+02,
3.350942687988281250e+02,
3.210406799316406250e+02,
2.959779663085937500e+02,
3.043014526367187500e+02,
2.740068054199218750e+02,
2.856466979980468750e+02,
2.518695220947265625e+02,
2.795654907226562500e+02,
2.879582519531250000e+02,
2.596809997558593750e+02,
2.665541687011718750e+02,
2.536896514892578125e+02,
2.576534729003906250e+02,
2.305026550292968750e+02,
2.403104553222656250e+02,
2.278800506591796875e+02,
2.549036254882812500e+02,
2.798760070800781250e+02,
2.267477416992187500e+02,
2.418189697265625000e+02,
2.729279479980468750e+02,
2.635118713378906250e+02,
2.780522460937500000e+02,
2.718078613281250000e+02,
2.830936584472656250e+02,
2.899762573242187500e+02,
2.781044006347656250e+02,
2.825077514648437500e+02,
2.817186279296875000e+02,
2.583876647949218750e+02,
2.630761108398437500e+02,
2.705467224121093750e+02,
2.572685852050781250e+02,
2.647323913574218750e+02,
2.644145812988281250e+02,
2.700367431640625000e+02,
2.546719207763671875e+02,
2.784132690429687500e+02,
2.594420776367187500e+02,
2.659896545410156250e+02,
2.888671569824218750e+02,
2.749255676269531250e+02,
2.719413146972656250e+02,
2.615518493652343750e+02,
2.971507568359375000e+02,
3.004167785644531250e+02,
3.386490173339843750e+02,
3.640746459960937500e+02,
3.624183349609375000e+02,
3.477943115234375000e+02,
3.521965332031250000e+02,
3.861399230957031250e+02,
3.816772155761718750e+02,
3.629309387207031250e+02,
3.366405639648437500e+02,
3.332751159667968750e+02,
3.468675537109375000e+02,
3.744707336425781250e+02,
3.308117675781250000e+02,
3.409750366210937500e+02,
3.663399353027343750e+02,
3.554969482421875000e+02,
4.021486511230468750e+02,
3.913211669921875000e+02,
4.411887207031250000e+02,
4.593913879394531250e+02,
4.369765014648437500e+02,
4.167877502441406250e+02,
4.070191955566406250e+02,
4.226649169921875000e+02,
4.567969970703125000e+02,
4.817807617187500000e+02,
4.501459350585937500e+02,
4.438213195800781250e+02,
4.498159790039062500e+02,
4.196258850097656250e+02,
4.092695007324218750e+02,
4.744865722656250000e+02,
3.566073608398437500e+02,
3.350642395019531250e+02,
2.977375183105468750e+02,
2.815040283203125000e+02,
2.698786926269531250e+02,
2.813544006347656250e+02,
2.195831604003906250e+02,
2.392181091308593750e+02,
2.297033233642578125e+02,
2.122563476562500000e+02,
2.306627655029296875e+02,
2.132291412353515625e+02,
2.285616912841796875e+02,
2.512244567871093750e+02,
2.499597015380859375e+02,
2.929497375488281250e+02,
2.687101135253906250e+02,
2.416324157714843750e+02,
2.060245513916015625e+02,
2.256718292236328125e+02,
2.071465911865234375e+02,
2.393119506835937500e+02,
2.213202667236328125e+02,
2.115366668701171875e+02,
2.573133850097656250e+02,
2.508004608154296875e+02,
2.509818267822265625e+02,
2.493704376220703125e+02,
2.757948913574218750e+02,
2.634632568359375000e+02,
2.852356262207031250e+02,
2.674130859375000000e+02,
2.546476745605468750e+02,
2.490001068115234375e+02,
2.470123901367187500e+02,
2.351245269775390625e+02,
2.392142791748046875e+02,
2.566154479980468750e+02,
2.372897949218750000e+02,
2.431759643554687500e+02,
2.250704650878906250e+02,
2.081268920898437500e+02,
2.135268859863281250e+02,
2.395558471679687500e+02,
2.680160522460937500e+02,
2.979394531250000000e+02,
2.834670410156250000e+02,
3.023911743164062500e+02,
3.110585937500000000e+02,
3.448099975585937500e+02,
3.251600341796875000e+02,
3.320663452148437500e+02,
2.894828186035156250e+02,
2.736442565917968750e+02,
3.387510681152343750e+02,
3.028572998046875000e+02,
2.990432739257812500e+02,
3.126836547851562500e+02,
3.098920288085937500e+02,
2.728682250976562500e+02,
2.995126342773437500e+02,
2.796454467773437500e+02,
2.585138244628906250e+02,
2.434327697753906250e+02,
2.331794128417968750e+02,
2.235694580078125000e+02,
2.269101409912109375e+02,
2.189989929199218750e+02,
2.255747528076171875e+02,
2.402600250244140625e+02,
2.204680938720703125e+02,
2.569082336425781250e+02,
2.599326477050781250e+02,
2.856992492675781250e+02,
3.092357177734375000e+02,
3.579596557617187500e+02,
3.338938293457031250e+02,
3.388254699707031250e+02,
3.355176086425781250e+02,
3.440482482910156250e+02,
3.211458740234375000e+02,
2.849083557128906250e+02,
2.857757873535156250e+02,
2.656713867187500000e+02,
2.578366394042968750e+02,
2.709086914062500000e+02,
2.819505004882812500e+02,
2.733247070312500000e+02,
2.926774902343750000e+02,
3.003079528808593750e+02,
3.256216430664062500e+02,
3.061844482421875000e+02,
3.279748229980468750e+02,
3.492926330566406250e+02,
3.640434875488281250e+02,
3.100865783691406250e+02,
2.935330505371093750e+02,
2.610436706542968750e+02,
2.510877227783203125e+02,
2.711244812011718750e+02,
2.569094238281250000e+02,
2.506886901855468750e+02,
2.362505645751953125e+02,
2.328242950439453125e+02,
2.136209564208984375e+02,
2.511111297607421875e+02,
2.289302978515625000e+02,
2.208370208740234375e+02,
2.239704742431640625e+02,
2.200819854736328125e+02,
2.203633117675781250e+02,
2.050142211914062500e+02,
2.144540100097656250e+02,
2.077080993652343750e+02,
2.271020660400390625e+02,
2.051021881103515625e+02,
1.983812103271484375e+02,
2.004984130859375000e+02,
2.219148101806640625e+02,
2.178876342773437500e+02,
2.282862396240234375e+02,
2.207415313720703125e+02,
2.306366729736328125e+02,
2.511637878417968750e+02,
2.362304687500000000e+02,
2.322835998535156250e+02,
2.408711395263671875e+02,
2.466742401123046875e+02,
2.473309326171875000e+02,
2.558906555175781250e+02,
2.674386596679687500e+02,
2.395751342773437500e+02,
2.463937835693359375e+02,
2.350901336669921875e+02,
2.746593933105468750e+02,
2.253018493652343750e+02,
2.346032867431640625e+02,
2.258771667480468750e+02,
2.378287811279296875e+02,
2.469775085449218750e+02,
2.546954193115234375e+02,
2.579123840332031250e+02,
2.749400939941406250e+02,
2.804042053222656250e+02,
2.868151550292968750e+02,
2.967510681152343750e+02,
2.845687561035156250e+02,
2.835076599121093750e+02,
2.793524780273437500e+02,
2.738603515625000000e+02,
2.856765136718750000e+02,
3.047863159179687500e+02,
2.817922363281250000e+02,
3.114597167968750000e+02,
2.960065307617187500e+02,
2.832016906738281250e+02,
2.787990417480468750e+02,
2.709237060546875000e+02,
2.811575622558593750e+02,
2.834905395507812500e+02,
2.985096130371093750e+02,
2.691596679687500000e+02,
3.013338928222656250e+02,
3.089197082519531250e+02,
3.174788513183593750e+02,
3.420286865234375000e+02,
3.284158020019531250e+02,
3.194830932617187500e+02,
3.278270263671875000e+02,
3.304265441894531250e+02,
3.250072326660156250e+02,
3.313297119140625000e+02,
3.108355407714843750e+02,
3.163080749511718750e+02,
3.449567260742187500e+02,
3.524171142578125000e+02,
3.591211242675781250e+02,
3.524665832519531250e+02,
3.427833862304687500e+02,
3.157594604492187500e+02,
2.974674072265625000e+02,
2.919313659667968750e+02,
2.771489257812500000e+02,
2.747554931640625000e+02,
2.893952331542968750e+02,
2.686182556152343750e+02,
2.538438873291015625e+02,
2.536921844482421875e+02,
1.959441070556640625e+02,
2.318111419677734375e+02,
2.097059173583984375e+02,
2.428507232666015625e+02,
2.659356994628906250e+02,
2.544946441650390625e+02,
2.878323364257812500e+02,
2.970834960937500000e+02,
2.700894775390625000e+02,
2.882613525390625000e+02,
2.418518524169921875e+02,
2.537448425292968750e+02,
2.628432006835937500e+02,
2.174888153076171875e+02,
2.259903259277343750e+02,
2.621247558593750000e+02,
2.821609191894531250e+02,
2.523183441162109375e+02,
2.772575988769531250e+02,
3.056201477050781250e+02,
3.243507995605468750e+02,
3.327597656250000000e+02,
3.553379821777343750e+02,
3.660033874511718750e+02,
4.012773742675781250e+02,
3.730910034179687500e+02,
3.637852172851562500e+02,
3.906868591308593750e+02,
4.244949340820312500e+02,
4.111853637695312500e+02,
4.595234985351562500e+02,
4.359591369628906250e+02,
4.478868713378906250e+02,
4.104850158691406250e+02,
4.013429565429687500e+02,
3.718316040039062500e+02,
3.540222778320312500e+02,
3.761556701660156250e+02,
3.773236999511718750e+02,
3.679161071777343750e+02,
4.060574645996093750e+02,
4.227265014648437500e+02,
4.188970947265625000e+02,
4.008544006347656250e+02,
3.926987609863281250e+02,
4.014427795410156250e+02,
3.615579833984375000e+02,
3.459200134277343750e+02,
3.874379272460937500e+02,
3.437244567871093750e+02,
3.338901672363281250e+02,
3.248583984375000000e+02,
3.222200622558593750e+02,
3.237374267578125000e+02,
3.218763732910156250e+02,
3.044729309082031250e+02,
3.167357788085937500e+02,
3.204208984375000000e+02,
3.412866210937500000e+02,
3.432846984863281250e+02,
3.668230895996093750e+02,
3.664995117187500000e+02,
4.089152221679687500e+02,
4.210679626464843750e+02,
4.463566589355468750e+02,
4.777900695800781250e+02,
4.872461547851562500e+02,
4.752066650390625000e+02,
4.667210083007812500e+02,
4.504252014160156250e+02,
4.336722717285156250e+02,
4.183907165527343750e+02,
4.120600891113281250e+02,
4.128971557617187500e+02,
4.236693115234375000e+02,
4.413856811523437500e+02,
5.165275268554687500e+02,
4.948989562988281250e+02,
4.827174377441406250e+02,
4.905798034667968750e+02,
4.878967895507812500e+02,
4.895495910644531250e+02,
5.123781127929687500e+02,
5.569702148437500000e+02,
5.918566894531250000e+02,
6.284028320312500000e+02,
6.608737792968750000e+02,
6.611065673828125000e+02,
6.108644409179687500e+02,
6.251541137695312500e+02,
6.184497070312500000e+02,
6.098392333984375000e+02,
5.908533325195312500e+02,
5.852355346679687500e+02,
5.996502075195312500e+02,
6.214901123046875000e+02,
6.296821289062500000e+02,
6.478520507812500000e+02,
6.550167846679687500e+02,
6.574074707031250000e+02,
6.716326904296875000e+02,
6.875286865234375000e+02,
7.075744018554687500e+02,
7.208231201171875000e+02,
6.498098144531250000e+02,
6.908252563476562500e+02,
7.119485473632812500e+02,
6.981422119140625000e+02,
6.843521728515625000e+02,
6.707276611328125000e+02,
6.456979980468750000e+02,
6.551643066406250000e+02,
6.262680664062500000e+02,
6.204688720703125000e+02,
6.442653808593750000e+02,
6.493544311523437500e+02,
6.403797607421875000e+02,
6.188233032226562500e+02,
6.703766479492187500e+02,
7.840640258789062500e+02,
7.702492675781250000e+02,
7.686187133789062500e+02,
7.684989013671875000e+02,
7.389600219726562500e+02,
6.414387817382812500e+02,
5.838737792968750000e+02,
5.708157348632812500e+02,
5.140424804687500000e+02,
4.794300537109375000e+02,
5.319240112304687500e+02,
6.107540893554687500e+02,
6.595086059570312500e+02,
6.417758178710937500e+02,
5.925971679687500000e+02,
6.025953369140625000e+02,
5.580905151367187500e+02,
5.153641357421875000e+02,
4.307453308105468750e+02,
4.080536804199218750e+02,
4.124601135253906250e+02,
3.773648376464843750e+02,
3.973867187500000000e+02,
4.278196105957031250e+02,
4.288549804687500000e+02,
4.274710083007812500e+02,
4.621347351074218750e+02,
4.459337463378906250e+02,
4.477626953125000000e+02,
4.444745788574218750e+02,
4.260709838867187500e+02,
4.347264099121093750e+02,
4.649491271972656250e+02,
4.845680236816406250e+02,
4.624937438964843750e+02,
4.886978149414062500e+02,
4.956178283691406250e+02,
4.812206420898437500e+02,
5.141327514648437500e+02,
5.559890136718750000e+02,
5.929473266601562500e+02,
6.667152099609375000e+02,
7.516100463867187500e+02,
7.773055419921875000e+02,
8.049227905273437500e+02,
8.298447265625000000e+02,
8.282991333007812500e+02,
8.069391479492187500e+02,
7.655446166992187500e+02,
7.713215332031250000e+02,
7.283049316406250000e+02,
7.159256591796875000e+02,
6.520026855468750000e+02,
6.230407104492187500e+02,
6.238671264648437500e+02,
5.478034667968750000e+02,
5.628929443359375000e+02,
5.453196411132812500e+02,
5.623664550781250000e+02,
5.474799804687500000e+02,
5.082004394531250000e+02,
4.923953247070312500e+02,
5.182310791015625000e+02,
5.113702087402343750e+02,
4.357152099609375000e+02,
4.434329223632812500e+02,
4.044909667968750000e+02,
4.046260681152343750e+02,
4.060879211425781250e+02,
4.158431091308593750e+02,
3.999160156250000000e+02,
4.159263610839843750e+02,
4.687025756835937500e+02,
4.767810668945312500e+02,
4.873500366210937500e+02,
4.687145996093750000e+02,
4.512181091308593750e+02,
4.481505126953125000e+02,
5.027222900390625000e+02,
4.523838500976562500e+02,
4.278943176269531250e+02,
4.005541992187500000e+02,
3.928064270019531250e+02,
3.931585693359375000e+02,
3.832042846679687500e+02,
4.218537292480468750e+02,
3.724519653320312500e+02,
3.922556762695312500e+02,
3.841788940429687500e+02,
3.888309631347656250e+02,
4.163209838867187500e+02,
4.385112915039062500e+02,
4.386140441894531250e+02,
4.389620666503906250e+02,
4.395444641113281250e+02,
4.672230529785156250e+02,
4.128624572753906250e+02,
4.433292236328125000e+02,
4.469593200683593750e+02,
4.017583618164062500e+02,
4.059686889648437500e+02,
4.122341003417968750e+02,
3.854690856933593750e+02,
3.918842468261718750e+02,
4.123385925292968750e+02,
4.074954528808593750e+02,
4.085388183593750000e+02,
3.994125061035156250e+02,
4.342293701171875000e+02,
4.119745483398437500e+02,
3.979723815917968750e+02,
3.522587585449218750e+02,
3.989467468261718750e+02,
4.623285522460937500e+02,
4.784802551269531250e+02,
4.671647338867187500e+02,
4.769055175781250000e+02,
4.803881835937500000e+02,
2.995833740234375000e+02,
2.958692016601562500e+02,
3.032094116210937500e+02,
2.963401794433593750e+02,
2.708472900390625000e+02,
2.959012756347656250e+02,
2.696431274414062500e+02,
2.766051635742187500e+02,
2.591550292968750000e+02,
2.511045227050781250e+02,
2.583772277832031250e+02,
2.679375000000000000e+02,
3.131134948730468750e+02,
3.401290588378906250e+02,
3.529787292480468750e+02,
3.571847839355468750e+02,
3.926771545410156250e+02,
4.062794494628906250e+02,
3.981812744140625000e+02,
4.357240600585937500e+02,
5.018377075195312500e+02,
4.867429809570312500e+02,
4.676773681640625000e+02,
4.367524719238281250e+02,
4.214265747070312500e+02,
3.977393188476562500e+02,
3.945466003417968750e+02,
3.887210083007812500e+02,
3.656137695312500000e+02,
3.412580566406250000e+02,
3.180683288574218750e+02,
2.672499694824218750e+02,
2.570932312011718750e+02,
2.575775451660156250e+02,
2.357335968017578125e+02,
2.430596160888671875e+02,
2.227248077392578125e+02,
2.241742248535156250e+02,
2.192844848632812500e+02,
2.178855590820312500e+02,
1.915238189697265625e+02,
1.785098876953125000e+02,
1.833455047607421875e+02,
2.128503265380859375e+02,
1.912489013671875000e+02,
1.813422241210937500e+02,
1.907489471435546875e+02,
1.862613372802734375e+02,
1.959010314941406250e+02,
1.844241943359375000e+02,
1.930774230957031250e+02,
2.149748077392578125e+02,
2.000978698730468750e+02,
2.139651947021484375e+02,
1.804145965576171875e+02,
2.118529357910156250e+02,
1.935311737060546875e+02,
1.963641052246093750e+02,
1.923695678710937500e+02,
2.178268432617187500e+02,
2.444686279296875000e+02,
2.807527465820312500e+02,
2.952937622070312500e+02,
3.196826171875000000e+02,
3.467250671386718750e+02,
3.316329345703125000e+02,
3.427297973632812500e+02,
4.052662658691406250e+02,
4.554580078125000000e+02,
4.431041564941406250e+02,
4.798570861816406250e+02,
5.232462768554687500e+02,
5.183993530273437500e+02,
4.956374816894531250e+02,
5.103599243164062500e+02,
4.867049865722656250e+02,
4.849223937988281250e+02,
4.694450378417968750e+02,
4.824809265136718750e+02,
4.911020202636718750e+02,
4.649083251953125000e+02,
4.465225524902343750e+02,
4.216412048339843750e+02,
3.771259155273437500e+02,
3.565421142578125000e+02,
3.784817810058593750e+02,
3.214295654296875000e+02,
3.382134094238281250e+02,
3.588930358886718750e+02,
4.030578918457031250e+02,
3.933293762207031250e+02,
3.921439514160156250e+02,
3.725269470214843750e+02,
3.598229980468750000e+02,
3.338986816406250000e+02,
2.962022399902343750e+02,
2.813407897949218750e+02,
2.796532592773437500e+02,
2.799203491210937500e+02,
2.908456420898437500e+02,
2.689915466308593750e+02,
2.556048431396484375e+02,
2.531676025390625000e+02,
2.961272583007812500e+02,
3.033540649414062500e+02,
2.948897705078125000e+02,
2.843741455078125000e+02,
3.004971008300781250e+02,
2.888170776367187500e+02,
2.740598449707031250e+02,
2.834018859863281250e+02,
2.722954101562500000e+02,
2.724627075195312500e+02,
2.855612487792968750e+02,
3.225273132324218750e+02,
3.370275878906250000e+02,
3.643071899414062500e+02,
3.801622924804687500e+02,
4.210518493652343750e+02,
4.125524597167968750e+02,
4.083711242675781250e+02,
3.905442810058593750e+02,
4.226040954589843750e+02,
4.283728332519531250e+02,
4.468308715820312500e+02,
4.906454467773437500e+02,
4.952635498046875000e+02,
5.110907897949218750e+02,
5.379299926757812500e+02,
5.215115356445312500e+02,
5.172366333007812500e+02,
4.345593566894531250e+02,
3.969711914062500000e+02,
3.542385864257812500e+02,
2.989433898925781250e+02,
2.618431091308593750e+02,
2.648238220214843750e+02,
2.288878479003906250e+02,
2.559909057617187500e+02,
2.682147521972656250e+02,
2.719522094726562500e+02,
2.505200042724609375e+02,
2.607148132324218750e+02,
2.421896209716796875e+02,
2.644117736816406250e+02,
2.617063598632812500e+02,
2.755472412109375000e+02,
2.780444946289062500e+02,
2.529465484619140625e+02,
2.743913574218750000e+02,
2.586126403808593750e+02,
2.469862213134765625e+02,
2.536800384521484375e+02,
2.851541137695312500e+02,
3.218809204101562500e+02,
3.324822998046875000e+02,
3.770594787597656250e+02,
3.571537780761718750e+02,
3.490772705078125000e+02,
3.326342468261718750e+02,
3.359996948242187500e+02,
3.104802246093750000e+02,
3.068212280273437500e+02,
2.776723022460937500e+02,
2.499843444824218750e+02,
2.392196197509765625e+02,
2.427276763916015625e+02,
2.670450439453125000e+02,
2.984658508300781250e+02,
3.158032226562500000e+02,
3.578109741210937500e+02,
3.646287231445312500e+02,
3.582302246093750000e+02,
3.185686950683593750e+02,
3.170798034667968750e+02,
3.112838134765625000e+02,
3.274838867187500000e+02,
3.496864318847656250e+02,
3.631546936035156250e+02,
3.432190246582031250e+02,
3.085236511230468750e+02,
2.969862976074218750e+02,
2.816351013183593750e+02,
2.568231201171875000e+02,
2.315991210937500000e+02,
2.237886657714843750e+02,
2.280991058349609375e+02,
2.223853759765625000e+02,
2.232466278076171875e+02,
1.985547790527343750e+02,
2.082086486816406250e+02,
2.184489135742187500e+02,
2.274701385498046875e+02,
2.450128326416015625e+02,
2.624604797363281250e+02,
2.385490722656250000e+02,
2.439993743896484375e+02,
2.410749969482421875e+02,
2.386136627197265625e+02,
2.655752868652343750e+02,
2.428864135742187500e+02,
2.654478454589843750e+02,
2.620425720214843750e+02,
2.758701477050781250e+02,
3.090415954589843750e+02,
3.357857055664062500e+02,
3.122703552246093750e+02,
3.238922424316406250e+02,
3.204074401855468750e+02,
3.255629272460937500e+02,
3.247532348632812500e+02,
2.961702575683593750e+02,
3.423002929687500000e+02,
3.177410583496093750e+02,
3.429218139648437500e+02,
3.565343933105468750e+02,
3.735064392089843750e+02,
3.914899597167968750e+02,
3.893052978515625000e+02,
4.240835571289062500e+02,
4.105799255371093750e+02,
4.567215881347656250e+02,
3.486962280273437500e+02,
3.112741088867187500e+02,
2.848821411132812500e+02,
2.838670043945312500e+02,
2.722434997558593750e+02,
2.701949462890625000e+02,
2.780792541503906250e+02,
2.790715026855468750e+02,
2.818080139160156250e+02,
2.863906860351562500e+02,
2.447816925048828125e+02,
2.541777648925781250e+02,
2.695977783203125000e+02,
3.288560485839843750e+02,
3.914516601562500000e+02,
3.934276428222656250e+02,
4.270857543945312500e+02,
4.495036926269531250e+02,
4.815658874511718750e+02,
5.016713867187500000e+02,
4.980911865234375000e+02,
4.613225097656250000e+02,
4.354949340820312500e+02,
4.630782165527343750e+02,
4.565798034667968750e+02,
4.525146179199218750e+02,
4.333239135742187500e+02,
4.119716491699218750e+02,
3.898485107421875000e+02,
3.820460510253906250e+02,
3.665208435058593750e+02,
3.460154724121093750e+02,
3.450303649902343750e+02,
3.748877563476562500e+02,
4.176957397460937500e+02,
4.920404052734375000e+02,
5.446696166992187500e+02,
5.402904663085937500e+02,
5.361113891601562500e+02,
5.234406738281250000e+02,
5.173279418945312500e+02,
5.528208618164062500e+02,
5.650999755859375000e+02,
5.742950439453125000e+02,
5.829462280273437500e+02,
6.261088867187500000e+02,
6.995208129882812500e+02,
7.145686035156250000e+02,
7.091167602539062500e+02,
6.697070312500000000e+02,
7.213137207031250000e+02,
6.839617919921875000e+02,
7.438639526367187500e+02,
7.417145996093750000e+02,
7.223839111328125000e+02,
7.434505004882812500e+02,
7.616943359375000000e+02,
7.693647460937500000e+02,
7.432561035156250000e+02,
7.389583129882812500e+02,
7.369964599609375000e+02,
7.359437866210937500e+02,
7.824744262695312500e+02,
8.146630859375000000e+02,
7.672924804687500000e+02,
7.672911376953125000e+02,
7.284417114257812500e+02,
6.213150634765625000e+02,
6.231781616210937500e+02,
6.395104980468750000e+02,
6.584199829101562500e+02,
6.522554321289062500e+02,
6.040693969726562500e+02,
4.945682983398437500e+02,
4.324048767089843750e+02,
4.412136535644531250e+02,
4.438624267578125000e+02,
4.519522399902343750e+02,
4.862715759277343750e+02,
4.496320495605468750e+02,
4.842462768554687500e+02,
5.208173828125000000e+02,
5.352813720703125000e+02,
6.407160644531250000e+02,
6.830965576171875000e+02,
7.628640136718750000e+02,
7.916921997070312500e+02,
8.243512573242187500e+02,
7.899028320312500000e+02,
7.657836914062500000e+02,
7.283288574218750000e+02,
6.386403198242187500e+02,
6.194777832031250000e+02,
6.394739379882812500e+02,
6.066203002929687500e+02,
5.930944824218750000e+02,
5.467333374023437500e+02,
4.913108825683593750e+02,
4.903600158691406250e+02,
4.898301391601562500e+02,
5.146277465820312500e+02,
5.398314819335937500e+02,
5.490806274414062500e+02,
4.969380187988281250e+02,
4.558390502929687500e+02,
4.349469909667968750e+02,
4.058648986816406250e+02,
3.942561950683593750e+02,
4.426120910644531250e+02,
4.366745300292968750e+02,
4.305895080566406250e+02,
4.888440551757812500e+02,
4.863438110351562500e+02,
4.561313781738281250e+02,
4.308270874023437500e+02,
4.070591735839843750e+02,
4.016440429687500000e+02,
4.745989074707031250e+02,
5.335138549804687500e+02,
5.197938232421875000e+02,
4.328346252441406250e+02,
4.470128784179687500e+02,
2.849776000976562500e+02,
2.774764099121093750e+02,
3.159461059570312500e+02,
3.356038208007812500e+02,
2.692520141601562500e+02,
2.620317077636718750e+02,
2.934303894042968750e+02,
3.246719360351562500e+02,
3.581733703613281250e+02,
3.611917419433593750e+02,
4.066615295410156250e+02,
4.425347290039062500e+02,
4.684976501464843750e+02,
4.961473999023437500e+02,
4.879017639160156250e+02,
4.613044433593750000e+02,
4.384958496093750000e+02,
3.894887084960937500e+02,
3.849812622070312500e+02,
3.178030395507812500e+02,
2.924177551269531250e+02,
2.852315979003906250e+02,
2.351192779541015625e+02,
2.342011260986328125e+02,
2.263771514892578125e+02,
2.035635833740234375e+02,
2.006002349853515625e+02,
1.930995635986328125e+02,
1.839453735351562500e+02,
1.886637268066406250e+02,
2.115736389160156250e+02,
1.867633514404296875e+02,
1.845827636718750000e+02,
2.198348693847656250e+02,
1.894846191406250000e+02,
1.967227325439453125e+02,
1.998853912353515625e+02,
1.871997070312500000e+02,
2.133715667724609375e+02,
2.641994018554687500e+02,
2.978745727539062500e+02,
3.130323486328125000e+02,
3.590414733886718750e+02,
4.120156250000000000e+02,
4.454639587402343750e+02,
4.655890502929687500e+02,
5.185053100585937500e+02,
5.313289184570312500e+02,
5.196689453125000000e+02,
5.165191040039062500e+02,
5.478367919921875000e+02,
5.198298339843750000e+02,
5.067416076660156250e+02,
4.633402404785156250e+02,
4.181923828125000000e+02,
3.988951416015625000e+02,
3.925989685058593750e+02,
3.882703552246093750e+02,
4.144204101562500000e+02,
4.493051757812500000e+02,
4.088608703613281250e+02,
3.893141479492187500e+02,
3.405323486328125000e+02,
3.145819091796875000e+02,
2.989141540527343750e+02,
2.996054687500000000e+02,
2.952850952148437500e+02,
2.765691833496093750e+02,
2.904809265136718750e+02,
3.268073730468750000e+02,
3.005367431640625000e+02,
3.073335876464843750e+02,
2.889856262207031250e+02,
3.067128906250000000e+02,
2.980855712890625000e+02,
3.142658081054687500e+02,
3.584063110351562500e+02,
3.879499206542968750e+02,
4.085007019042968750e+02,
3.992041320800781250e+02,
4.316407165527343750e+02,
4.459031677246093750e+02,
4.899672241210937500e+02,
5.021163635253906250e+02,
5.503987426757812500e+02,
5.263137207031250000e+02,
5.018645935058593750e+02,
4.291662597656250000e+02,
3.615124816894531250e+02,
3.184588317871093750e+02,
2.852940368652343750e+02,
2.721582946777343750e+02,
2.801934814453125000e+02,
2.803855590820312500e+02,
2.894393615722656250e+02,
2.677883605957031250e+02,
2.847729797363281250e+02,
2.801166992187500000e+02,
2.769324645996093750e+02,
2.646675720214843750e+02,
2.860417175292968750e+02,
3.011842041015625000e+02,
3.388915100097656250e+02,
3.759828491210937500e+02,
3.826525268554687500e+02,
3.899978332519531250e+02,
3.594894409179687500e+02,
3.551506652832031250e+02,
2.963320617675781250e+02,
2.816687622070312500e+02,
2.871980895996093750e+02,
3.333106079101562500e+02,
3.443901062011718750e+02,
3.761159973144531250e+02,
3.683629760742187500e+02,
3.580255737304687500e+02,
3.612899780273437500e+02,
3.556161499023437500e+02,
3.678639831542968750e+02,
3.487626647949218750e+02,
3.078125305175781250e+02,
2.865330810546875000e+02,
2.644667053222656250e+02,
2.411278228759765625e+02,
2.264737854003906250e+02,
2.247496948242187500e+02,
2.155320434570312500e+02,
2.284833526611328125e+02,
2.316293945312500000e+02,
2.826011657714843750e+02,
2.585199279785156250e+02,
2.454819488525390625e+02,
2.760743713378906250e+02,
2.849835205078125000e+02,
2.847639770507812500e+02,
3.198301696777343750e+02,
3.397839355468750000e+02,
3.699860229492187500e+02,
3.565976257324218750e+02,
3.612260437011718750e+02,
3.447600402832031250e+02,
3.373911437988281250e+02,
3.758575134277343750e+02,
4.058705139160156250e+02,
4.242265625000000000e+02,
4.113869018554687500e+02,
4.285585937500000000e+02,
3.832666931152343750e+02,
3.281867065429687500e+02,
3.508293457031250000e+02,
3.319005432128906250e+02,
3.015049743652343750e+02,
2.942143859863281250e+02,
3.003790283203125000e+02,
2.955150756835937500e+02,
3.083677978515625000e+02,
3.821787719726562500e+02,
4.025855102539062500e+02,
4.801369018554687500e+02,
4.883581848144531250e+02,
5.022532348632812500e+02,
4.920457763671875000e+02,
4.742292175292968750e+02,
5.237736206054687500e+02,
4.607301330566406250e+02,
4.362226257324218750e+02,
4.171255493164062500e+02,
3.872293395996093750e+02,
3.744369506835937500e+02,
4.318035583496093750e+02,
4.806449584960937500e+02,
5.211134033203125000e+02,
5.543063964843750000e+02,
5.871588134765625000e+02,
5.944492797851562500e+02,
6.067002563476562500e+02,
6.443524169921875000e+02,
6.753776245117187500e+02,
6.788223266601562500e+02,
6.878919677734375000e+02,
6.809159545898437500e+02,
7.144180908203125000e+02,
7.543062744140625000e+02,
7.695169067382812500e+02,
7.910066528320312500e+02,
7.613907470703125000e+02,
8.004631958007812500e+02,
8.493987426757812500e+02,
8.639233398437500000e+02,
8.358988647460937500e+02,
7.785125122070312500e+02,
7.368654174804687500e+02,
7.883339233398437500e+02,
6.445742187500000000e+02,
6.157122802734375000e+02,
5.705927124023437500e+02,
5.806282958984375000e+02,
4.811016845703125000e+02,
4.587677307128906250e+02,
4.879151000976562500e+02,
5.186572875976562500e+02,
5.393282470703125000e+02,
6.546759033203125000e+02,
6.788303833007812500e+02,
7.029221191406250000e+02,
7.388222656250000000e+02,
7.858477783203125000e+02,
7.440123901367187500e+02,
7.288445434570312500e+02,
6.572920532226562500e+02,
6.182092285156250000e+02,
5.965490722656250000e+02,
5.541643676757812500e+02,
5.488594970703125000e+02,
5.355291137695312500e+02,
5.361249389648437500e+02,
5.370478515625000000e+02,
4.741563415527343750e+02,
4.605551452636718750e+02,
4.665636901855468750e+02,
4.596405334472656250e+02,
4.964183959960937500e+02,
5.404368896484375000e+02,
5.107294616699218750e+02,
4.468745117187500000e+02,
4.969675903320312500e+02,
5.638028564453125000e+02,
5.436492309570312500e+02,
