1.020140686035156250e+03,
1.024868041992187500e+03,
1.044824707031250000e+03,
9.723436889648437500e+02,
9.563776245117187500e+02,
9.509539794921875000e+02,
9.554587402343750000e+02,
9.691214599609375000e+02,
9.978140869140625000e+02,
1.040062500000000000e+03,
1.025438232421875000e+03,
1.067458740234375000e+03,
1.063331909179687500e+03,
1.037357177734375000e+03,
1.021914916992187500e+03,
1.065920776367187500e+03,
9.902274169921875000e+02,
9.911527709960937500e+02,
9.750966186523437500e+02,
9.679548950195312500e+02,
9.438158569335937500e+02,
9.545567626953125000e+02,
8.731588134765625000e+02,
8.548032836914062500e+02,
8.146800537109375000e+02,
7.926352539062500000e+02,
7.618483276367187500e+02,
7.521480712890625000e+02,
7.288800659179687500e+02,
6.984852905273437500e+02,
6.979116210937500000e+02,
7.135986938476562500e+02,
7.370963134765625000e+02,
7.463591308593750000e+02,
7.263849487304687500e+02,
7.219799194335937500e+02,
7.420114746093750000e+02,
7.338383178710937500e+02,
7.524534301757812500e+02,
7.703592529296875000e+02,
8.354861450195312500e+02,
8.518223876953125000e+02,
8.367056884765625000e+02,
8.327741699218750000e+02,
8.890787353515625000e+02,
8.435263061523437500e+02,
8.304562988281250000e+02,
8.282315063476562500e+02,
8.026299438476562500e+02,
7.876481323242187500e+02,
7.613468627929687500e+02,
7.995869750976562500e+02,
7.920581665039062500e+02,
7.885497436523437500e+02,
7.988895263671875000e+02,
7.555979614257812500e+02,
7.492062988281250000e+02,
6.708781738281250000e+02,
6.569429321289062500e+02,
6.658889160156250000e+02,
7.001923828125000000e+02,
6.639049072265625000e+02,
6.757033691406250000e+02,
6.103518676757812500e+02,
6.024167480468750000e+02,
6.083977661132812500e+02,
6.104771118164062500e+02,
6.094097290039062500e+02,
6.087539062500000000e+02,
7.450474853515625000e+02,
7.171557006835937500e+02,
6.879494018554687500e+02,
6.969014892578125000e+02,
6.417205200195312500e+02,
6.410991821289062500e+02,
5.572999267578125000e+02,
5.516798706054687500e+02,
5.546860351562500000e+02,
5.408927001953125000e+02,
5.390509643554687500e+02,
5.633167724609375000e+02,
5.370278930664062500e+02,
5.772116088867187500e+02,
5.780770874023437500e+02,
5.728468627929687500e+02,
5.412429199218750000e+02,
5.661896972656250000e+02,
5.205216674804687500e+02,
5.355449218750000000e+02,
5.505196533203125000e+02,
5.552559814453125000e+02,
5.552300415039062500e+02,
5.783598022460937500e+02,
5.236929321289062500e+02,
5.417262573242187500e+02,
5.159900512695312500e+02,
6.146350708007812500e+02,
5.861088867187500000e+02,
6.158364257812500000e+02,
6.368969116210937500e+02,
6.972955322265625000e+02,
6.476552734375000000e+02,
5.906476440429687500e+02,
5.959285278320312500e+02,
5.655827026367187500e+02,
5.791588745117187500e+02,
5.516328125000000000e+02,
5.371884765625000000e+02,
5.220929565429687500e+02,
5.708112792968750000e+02,
5.993685302734375000e+02,
6.145602416992187500e+02,
6.349147949218750000e+02,
6.685895996093750000e+02,
7.067230224609375000e+02,
6.951469726562500000e+02,
6.979069824218750000e+02,
7.084119873046875000e+02,
7.342006835937500000e+02,
6.924656982421875000e+02,
7.183354492187500000e+02,
7.096619262695312500e+02,
7.855336914062500000e+02,
7.784089965820312500e+02,
7.927189331054687500e+02,
7.513403320312500000e+02,
7.778566284179687500e+02,
7.242192993164062500e+02,
6.884169921875000000e+02,
7.076310424804687500e+02,
7.321582031250000000e+02,
8.074826049804687500e+02,
8.275377807617187500e+02,
8.156702270507812500e+02,
8.623544921875000000e+02,
8.763034667968750000e+02,
8.642259521484375000e+02,
8.462147827148437500e+02,
8.015068359375000000e+02,
8.197276611328125000e+02,
8.316166992187500000e+02,
8.806403808593750000e+02,
8.422096557617187500e+02,
8.404951782226562500e+02,
8.401412963867187500e+02,
8.686979370117187500e+02,
8.653267211914062500e+02,
8.446080322265625000e+02,
7.505659179687500000e+02,
7.136110229492187500e+02,
6.414133300781250000e+02,
6.350334472656250000e+02,
7.021246337890625000e+02,
6.864194946289062500e+02,
6.772470703125000000e+02,
6.150494384765625000e+02,
6.244195556640625000e+02,
6.601839599609375000e+02,
6.576770019531250000e+02,
7.256502685546875000e+02,
7.080797729492187500e+02,
7.282130126953125000e+02,
6.850867309570312500e+02,
6.757164916992187500e+02,
6.662362060546875000e+02,
6.660068969726562500e+02,
6.896975708007812500e+02,
6.929699707031250000e+02,
7.007556152343750000e+02,
7.582452392578125000e+02,
7.652233886718750000e+02,
7.515645141601562500e+02,
7.094122924804687500e+02,
6.603869018554687500e+02,
6.372740478515625000e+02,
6.256210327148437500e+02,
6.405300292968750000e+02,
6.390508422851562500e+02,
6.807757568359375000e+02,
1.062320800781250000e+03,
1.075472534179687500e+03,
1.135216430664062500e+03,
1.133577270507812500e+03,
1.131118041992187500e+03,
1.171775146484375000e+03,
1.133231567382812500e+03,
1.094983764648437500e+03,
1.081759887695312500e+03,
1.012719726562500000e+03,
9.502216796875000000e+02,
9.063426513671875000e+02,
8.555759277343750000e+02,
8.053244018554687500e+02,
7.871675415039062500e+02,
8.225612182617187500e+02,
8.302712402343750000e+02,
7.827300415039062500e+02,
8.882604980468750000e+02,
9.296424560546875000e+02,
9.557587280273437500e+02,
9.415914306640625000e+02,
9.305515747070312500e+02,
8.790878295898437500e+02,
8.965974121093750000e+02,
8.749447631835937500e+02,
8.277329711914062500e+02,
7.970384521484375000e+02,
7.734421997070312500e+02,
7.171463012695312500e+02,
6.902980957031250000e+02,
6.625308837890625000e+02,
6.824994506835937500e+02,
6.916791992187500000e+02,
6.830005493164062500e+02,
6.661698608398437500e+02,
6.534805908203125000e+02,
6.283001098632812500e+02,
5.880702514648437500e+02,
5.985715942382812500e+02,
5.811528320312500000e+02,
5.892360839843750000e+02,
5.592782592773437500e+02,
5.578807983398437500e+02,
5.300053710937500000e+02,
5.468552856445312500e+02,
5.840103149414062500e+02,
6.202805786132812500e+02,
6.486613159179687500e+02,
6.597261962890625000e+02,
6.756447143554687500e+02,
6.123536987304687500e+02,
6.178527832031250000e+02,
6.046284790039062500e+02,
6.320709228515625000e+02,
6.823302612304687500e+02,
7.370330200195312500e+02,
7.427410278320312500e+02,
7.613829956054687500e+02,
7.619356689453125000e+02,
7.800407714843750000e+02,
7.658991088867187500e+02,
8.359510498046875000e+02,
8.454121093750000000e+02,
8.525709228515625000e+02,
8.729279174804687500e+02,
8.788900756835937500e+02,
9.038834228515625000e+02,
9.374960327148437500e+02,
9.173402709960937500e+02,
9.893058471679687500e+02,
9.609791259765625000e+02,
8.502678833007812500e+02,
8.049548339843750000e+02,
7.921960449218750000e+02,
7.461141967773437500e+02,
7.294718017578125000e+02,
7.132545166015625000e+02,
7.677816772460937500e+02,
7.897449340820312500e+02,
7.424182128906250000e+02,
7.609263305664062500e+02,
7.602371215820312500e+02,
8.158557739257812500e+02,
8.141536254882812500e+02,
7.612432250976562500e+02,
7.338341064453125000e+02,
1.113034301757812500e+03,
1.155592895507812500e+03,
1.210452270507812500e+03,
1.266131591796875000e+03,
1.194387207031250000e+03,
1.104632324218750000e+03,
9.990117187500000000e+02,
9.419136352539062500e+02,
8.886147460937500000e+02,
8.506795043945312500e+02,
8.640936279296875000e+02,
9.090661621093750000e+02,
9.452388305664062500e+02,
1.005006958007812500e+03,
9.848986816406250000e+02,
9.443756713867187500e+02,
9.044155883789062500e+02,
8.360946655273437500e+02,
7.793735961914062500e+02,
7.212159423828125000e+02,
7.484663085937500000e+02,
7.095742187500000000e+02,
7.120726318359375000e+02,
6.966371459960937500e+02,
6.539152221679687500e+02,
6.486610717773437500e+02,
6.311581420898437500e+02,
6.307824707031250000e+02,
6.052037353515625000e+02,
6.067248535156250000e+02,
6.295501708984375000e+02,
6.587512207031250000e+02,
6.697993164062500000e+02,
6.781427612304687500e+02,
6.487102050781250000e+02,
6.549013671875000000e+02,
7.340526733398437500e+02,
7.640654296875000000e+02,
7.598635864257812500e+02,
7.692979125976562500e+02,
8.087996215820312500e+02,
8.659739990234375000e+02,
9.768582153320312500e+02,
9.317907104492187500e+02,
9.379536743164062500e+02,
1.029592895507812500e+03,
9.774015502929687500e+02,
9.714685668945312500e+02,
8.831720581054687500e+02,
8.492587890625000000e+02,
8.008927612304687500e+02,
7.807124023437500000e+02,
8.320778198242187500e+02,
8.012071533203125000e+02,
8.545788574218750000e+02,
8.531828613281250000e+02,
8.442083129882812500e+02,
