5.728594360351562500e+02,
6.115461425781250000e+02,
6.492217407226562500e+02,
6.268478393554687500e+02,
6.394227294921875000e+02,
6.816134033203125000e+02,
7.265692138671875000e+02,
7.859954833984375000e+02,
8.143630981445312500e+02,
7.525643920898437500e+02,
7.538787841796875000e+02,
7.536268310546875000e+02,
7.411767578125000000e+02,
7.413265991210937500e+02,
7.179301757812500000e+02,
7.155308227539062500e+02,
7.143772583007812500e+02,
7.052320556640625000e+02,
6.705525512695312500e+02,
6.652138671875000000e+02,
6.651748657226562500e+02,
6.519992065429687500e+02,
6.035550537109375000e+02,
6.209686279296875000e+02,
6.020531005859375000e+02,
6.220157470703125000e+02,
6.102470703125000000e+02,
6.345585327148437500e+02,
6.177373657226562500e+02,
6.367751464843750000e+02,
6.578999023437500000e+02,
6.635924072265625000e+02,
6.678809814453125000e+02,
6.509656982421875000e+02,
6.676880493164062500e+02,
6.311027221679687500e+02,
6.222003173828125000e+02,
6.406277465820312500e+02,
6.118502807617187500e+02,
6.077059326171875000e+02,
5.889243164062500000e+02,
6.116303100585937500e+02,
6.162854614257812500e+02,
6.498193969726562500e+02,
6.544307861328125000e+02,
6.887196655273437500e+02,
6.774947509765625000e+02,
7.014818115234375000e+02,
7.415608520507812500e+02,
6.953338623046875000e+02,
6.896753540039062500e+02,
7.008138427734375000e+02,
6.556980590820312500e+02,
6.146578369140625000e+02,
5.796906738281250000e+02,
5.509979248046875000e+02,
5.459672241210937500e+02,
5.603126220703125000e+02,
5.829357910156250000e+02,
6.044970703125000000e+02,
6.193925170898437500e+02,
6.600727539062500000e+02,
6.469119262695312500e+02,
6.745985107421875000e+02,
6.592338256835937500e+02,
6.489470214843750000e+02,
6.682347412109375000e+02,
6.509711914062500000e+02,
6.169014892578125000e+02,
6.054921264648437500e+02,
6.039036254882812500e+02,
5.951888427734375000e+02,
6.108708496093750000e+02,
5.667042846679687500e+02,
5.487584838867187500e+02,
5.599226684570312500e+02,
5.428973999023437500e+02,
5.354555664062500000e+02,
5.231380615234375000e+02,
5.499658813476562500e+02,
5.724088745117187500e+02,
5.746270751953125000e+02,
5.722297363281250000e+02,
5.858184814453125000e+02,
5.569566040039062500e+02,
5.897844238281250000e+02,
5.652714233398437500e+02,
5.438583374023437500e+02,
5.375255126953125000e+02,
5.257024536132812500e+02,
5.208068847656250000e+02,
4.723974609375000000e+02,
4.751054077148437500e+02,
4.533492736816406250e+02,
4.702269897460937500e+02,
4.682186279296875000e+02,
4.556614379882812500e+02,
4.895937500000000000e+02,
5.033431396484375000e+02,
5.430380249023437500e+02,
5.170619506835937500e+02,
4.890348205566406250e+02,
4.904183044433593750e+02,
5.019082641601562500e+02,
4.743925476074218750e+02,
4.734851684570312500e+02,
4.915277099609375000e+02,
5.061700134277343750e+02,
5.149937744140625000e+02,
5.199711914062500000e+02,
5.401730957031250000e+02,
5.582327270507812500e+02,
5.613858032226562500e+02,
5.612603759765625000e+02,
5.923598022460937500e+02,
6.154782714843750000e+02,
5.885510253906250000e+02,
5.798585205078125000e+02,
5.553711547851562500e+02,
5.824370117187500000e+02,
5.827244262695312500e+02,
5.915886840820312500e+02,
5.789919433593750000e+02,
5.934577636718750000e+02,
5.669243164062500000e+02,
5.319168701171875000e+02,
5.012493591308593750e+02,
5.038510437011718750e+02,
4.815673217773437500e+02,
4.738471374511718750e+02,
4.464408874511718750e+02,
4.825614318847656250e+02,
4.747714843750000000e+02,
5.116107177734375000e+02,
5.581078491210937500e+02,
5.355818481445312500e+02,
5.863005981445312500e+02,
5.564460449218750000e+02,
5.742456054687500000e+02,
5.538563232421875000e+02,
5.874046020507812500e+02,
5.346393432617187500e+02,
5.161421508789062500e+02,
4.973375854492187500e+02,
4.998878784179687500e+02,
5.038498229980468750e+02,
5.079928894042968750e+02,
5.112571411132812500e+02,
5.502348632812500000e+02,
5.643573608398437500e+02,
5.706946411132812500e+02,
6.103922119140625000e+02,
6.197602539062500000e+02,
5.852708129882812500e+02,
5.661372070312500000e+02,
5.542424316406250000e+02,
5.473297119140625000e+02,
5.499311523437500000e+02,
5.411754760742187500e+02,
5.225421752929687500e+02,
5.568079223632812500e+02,
6.011527709960937500e+02,
6.299653320312500000e+02,
6.340449218750000000e+02,
6.748273315429687500e+02,
6.800825805664062500e+02,
6.993031005859375000e+02,
7.178653564453125000e+02,
7.435492553710937500e+02,
7.793615112304687500e+02,
7.502116088867187500e+02,
7.543943481445312500e+02,
7.384923095703125000e+02,
7.445504150390625000e+02,
7.486738891601562500e+02,
7.890650024414062500e+02,
7.577189941406250000e+02,
7.657058715820312500e+02,
7.098024291992187500e+02,
6.900460205078125000e+02,
6.820790405273437500e+02,
6.379661254882812500e+02,
6.455901489257812500e+02,
6.563161010742187500e+02,
6.444982910156250000e+02,
6.821691284179687500e+02,
7.072963867187500000e+02,
7.439472656250000000e+02,
7.611717529296875000e+02,
7.703177490234375000e+02,
7.933526611328125000e+02,
8.006623535156250000e+02,
8.269847412109375000e+02,
7.955949707031250000e+02,
8.037873535156250000e+02,
7.926530761718750000e+02,
7.932305908203125000e+02,
7.528687744140625000e+02,
7.307861328125000000e+02,
6.831400146484375000e+02,
6.764958496093750000e+02,
6.168869628906250000e+02,
6.046740722656250000e+02,
6.011967773437500000e+02,
5.862777709960937500e+02,
5.725493164062500000e+02,
5.468572998046875000e+02,
5.882979125976562500e+02,
5.689854125976562500e+02,
5.442255249023437500e+02,
5.484957275390625000e+02,
4.962854003906250000e+02,
4.952436828613281250e+02,
4.888239440917968750e+02,
4.839748535156250000e+02,
5.083296813964843750e+02,
5.149039306640625000e+02,
5.816948852539062500e+02,
5.927702636718750000e+02,
6.017709960937500000e+02,
6.266919555664062500e+02,
6.385419921875000000e+02,
6.445971069335937500e+02,
6.529656982421875000e+02,
7.044271240234375000e+02,
7.116984252929687500e+02,
7.079647827148437500e+02,
6.842990722656250000e+02,
6.872725830078125000e+02,
6.504416503906250000e+02,
6.681478271484375000e+02,
6.433076171875000000e+02,
6.579035644531250000e+02,
6.242285766601562500e+02,
5.867280883789062500e+02,
5.744329223632812500e+02,
5.364346313476562500e+02,
4.966444702148437500e+02,
5.222542724609375000e+02,
4.787001037597656250e+02,
4.494198303222656250e+02,
4.459970397949218750e+02,
4.394810485839843750e+02,
4.687563781738281250e+02,
4.694817199707031250e+02,
4.257615661621093750e+02,
4.028396606445312500e+02,
4.377767028808593750e+02,
4.181941833496093750e+02,
4.484655151367187500e+02,
4.423099975585937500e+02,
4.318999938964843750e+02,
4.530781555175781250e+02,
4.459944763183593750e+02,
4.672882995605468750e+02,
4.990103759765625000e+02,
4.615622863769531250e+02,
4.775350646972656250e+02,
4.988116455078125000e+02,
4.851601562500000000e+02,
4.665955810546875000e+02,
4.947357788085937500e+02,
4.754747009277343750e+02,
4.865954589843750000e+02,
4.627987060546875000e+02,
5.088426208496093750e+02,
4.821110229492187500e+02,
4.912764282226562500e+02,
4.780870971679687500e+02,
5.016073303222656250e+02,
4.814296569824218750e+02,
4.724466552734375000e+02,
4.658503723144531250e+02,
4.495824890136718750e+02,
4.292235107421875000e+02,
4.185788574218750000e+02,
4.135226135253906250e+02,
4.237558288574218750e+02,
4.002338256835937500e+02,
3.761508789062500000e+02,
3.838618469238281250e+02,
3.881670837402343750e+02,
3.822437744140625000e+02,
3.764730224609375000e+02,
3.768525390625000000e+02,
3.884602661132812500e+02,
3.900393981933593750e+02,
3.876092224121093750e+02,
3.877248535156250000e+02,
3.739199523925781250e+02,
3.748744201660156250e+02,
3.878012084960937500e+02,
4.208982849121093750e+02,
4.156760864257812500e+02,
4.101966247558593750e+02,
4.349215393066406250e+02,
3.906307067871093750e+02,
4.084312744140625000e+02,
4.213013000488281250e+02,
4.009360351562500000e+02,
4.255291137695312500e+02,
4.382998962402343750e+02,
4.299132080078125000e+02,
4.075227050781250000e+02,
4.117292785644531250e+02,
4.067552185058593750e+02,
4.256300048828125000e+02,
3.953200988769531250e+02,
3.759323425292968750e+02,
3.868403015136718750e+02,
3.837338867187500000e+02,
3.781637573242187500e+02,
4.019903869628906250e+02,
3.772396240234375000e+02,
3.822588195800781250e+02,
3.976748962402343750e+02,
3.750211486816406250e+02,
3.833381958007812500e+02,
3.762329406738281250e+02,
3.613140563964843750e+02,
4.011360168457031250e+02,
3.745757141113281250e+02,
3.687929382324218750e+02,
3.994189147949218750e+02,
3.694815063476562500e+02,
3.574654846191406250e+02,
3.485690002441406250e+02,
3.600264587402343750e+02,
3.573916015625000000e+02,
3.463380126953125000e+02,
3.361273193359375000e+02,
3.457842407226562500e+02,
3.278214721679687500e+02,
3.444440307617187500e+02,
3.377263183593750000e+02,
3.583937377929687500e+02,
3.072086791992187500e+02,
3.141345825195312500e+02,
2.683215026855468750e+02,
2.787366943359375000e+02,
2.635494079589843750e+02,
2.766705017089843750e+02,
2.755970153808593750e+02,
2.892559814453125000e+02,
2.778503112792968750e+02,
2.842111206054687500e+02,
3.028440551757812500e+02,
3.038618774414062500e+02,
3.192589416503906250e+02,
3.180415039062500000e+02,
3.273374023437500000e+02,
3.082924194335937500e+02,
3.171860656738281250e+02,
3.412902221679687500e+02,
3.121938476562500000e+02,
3.163922119140625000e+02,
3.103393554687500000e+02,
3.097518310546875000e+02,
3.396134643554687500e+02,
3.316466674804687500e+02,
3.080246887207031250e+02,
3.418405761718750000e+02,
3.500976562500000000e+02,
3.716360778808593750e+02,
3.824781494140625000e+02,
3.679471435546875000e+02,
3.727851257324218750e+02,
3.781867065429687500e+02,
3.474040832519531250e+02,
3.362525634765625000e+02,
3.299791870117187500e+02,
3.182315673828125000e+02,
3.086162719726562500e+02,
3.134113769531250000e+02,
2.950889587402343750e+02,
2.927383117675781250e+02,
3.234048767089843750e+02,
3.146785888671875000e+02,
3.325472717285156250e+02,
3.130772399902343750e+02,
3.159790954589843750e+02,
3.353083801269531250e+02,
3.105567932128906250e+02,
2.977812194824218750e+02,
3.451516723632812500e+02,
2.903791809082031250e+02,
2.786317138671875000e+02,
2.719347534179687500e+02,
2.675823669433593750e+02,
2.785644531250000000e+02,
2.496830139160156250e+02,
2.674486694335937500e+02,
2.803190307617187500e+02,
2.685898437500000000e+02,
2.682121276855468750e+02,
3.042376403808593750e+02,
2.905252075195312500e+02,
2.680018005371093750e+02,
2.633696899414062500e+02,
2.976825256347656250e+02,
2.870596008300781250e+02,
2.992590942382812500e+02,
2.710446166992187500e+02,
6.701470336914062500e+02,
7.623339843750000000e+02,
8.097952270507812500e+02,
8.335141601562500000e+02,
8.558923950195312500e+02,
8.779370117187500000e+02,
8.380825805664062500e+02,
8.158809204101562500e+02,
7.862631225585937500e+02,
7.400580444335937500e+02,
7.156065673828125000e+02,
6.951525268554687500e+02,
6.914879150390625000e+02,
7.087233276367187500e+02,
7.271015014648437500e+02,
7.226739501953125000e+02,
6.990710449218750000e+02,
6.885645751953125000e+02,
6.950690307617187500e+02,
7.085524902343750000e+02,
7.160440673828125000e+02,
7.736343994140625000e+02,
8.081901855468750000e+02,
7.971842651367187500e+02,
7.856893310546875000e+02,
7.345809326171875000e+02,
6.849036254882812500e+02,
7.133588256835937500e+02,
7.046172485351562500e+02,
7.086393432617187500e+02,
7.446875000000000000e+02,
7.323203735351562500e+02,
7.455855102539062500e+02,
7.187045288085937500e+02,
6.845922851562500000e+02,
6.347030029296875000e+02,
6.169712524414062500e+02,
5.999605712890625000e+02,
5.983872070312500000e+02,
6.521928100585937500e+02,
6.038984985351562500e+02,
6.300413208007812500e+02,
6.346323852539062500e+02,
5.699660034179687500e+02,
5.221021118164062500e+02,
5.200751953125000000e+02,
5.163895874023437500e+02,
5.254184570312500000e+02,
5.513914184570312500e+02,
5.877934570312500000e+02,
5.882985229492187500e+02,
5.635181274414062500e+02,
5.673019409179687500e+02,
6.011033325195312500e+02,
6.437073974609375000e+02,
6.539907226562500000e+02,
6.427235717773437500e+02,
6.267910156250000000e+02,
6.456070556640625000e+02,
6.283235473632812500e+02,
6.391860961914062500e+02,
6.175393676757812500e+02,
5.838306274414062500e+02,
5.245219116210937500e+02,
5.140056762695312500e+02,
5.250610961914062500e+02,
5.668179321289062500e+02,
5.801625366210937500e+02,
5.881651611328125000e+02,
5.921063842773437500e+02,
6.035323486328125000e+02,
5.781584472656250000e+02,
5.865513305664062500e+02,
6.038386230468750000e+02,
6.649183349609375000e+02,
6.455145263671875000e+02,
6.378225097656250000e+02,
6.236267700195312500e+02,
6.458946533203125000e+02,
6.833448486328125000e+02,
6.917473144531250000e+02,
7.141744384765625000e+02,
7.924315795898437500e+02,
7.601639404296875000e+02,
8.019828491210937500e+02,
8.285025634765625000e+02,
8.021560058593750000e+02,
8.292122802734375000e+02,
7.727503662109375000e+02,
7.230910034179687500e+02,
7.294221191406250000e+02,
7.321523437500000000e+02,
7.572483520507812500e+02,
8.187383422851562500e+02,
8.480098876953125000e+02,
8.819608154296875000e+02,
8.544813842773437500e+02,
8.431981811523437500e+02,
7.594613037109375000e+02,
7.488223876953125000e+02,
6.901755371093750000e+02,
6.576276245117187500e+02,
6.576375122070312500e+02,
5.900300292968750000e+02,
5.664195556640625000e+02,
5.409837036132812500e+02,
5.469125366210937500e+02,
5.871648559570312500e+02,
6.640260620117187500e+02,
7.378723144531250000e+02,
7.856619262695312500e+02,
7.832184448242187500e+02,
7.941364746093750000e+02,
7.875262451171875000e+02,
7.618095703125000000e+02,
7.706433715820312500e+02,
6.345134277343750000e+02,
6.033466186523437500e+02,
5.680645141601562500e+02,
5.104479675292968750e+02,
4.547073059082031250e+02,
4.470787048339843750e+02,
4.795732727050781250e+02,
4.697858886718750000e+02,
4.518347778320312500e+02,
4.835157775878906250e+02,
5.165862426757812500e+02,
5.236954956054687500e+02,
5.086853942871093750e+02,
5.191445312500000000e+02,
5.143308105468750000e+02,
4.842465515136718750e+02,
5.412717895507812500e+02,
5.073065490722656250e+02,
4.899446716308593750e+02,
4.887877807617187500e+02,
5.164653930664062500e+02,
4.134223937988281250e+02,
4.090914916992187500e+02,
3.826605834960937500e+02,
3.917403259277343750e+02,
3.837850036621093750e+02,
3.761671447753906250e+02,
4.045072937011718750e+02,
4.046343688964843750e+02,
4.184554748535156250e+02,
4.095647583007812500e+02,
4.180780029296875000e+02,
4.624627380371093750e+02,
4.629471130371093750e+02,
4.575053100585937500e+02,
4.399138488769531250e+02,
4.233524780273437500e+02,
4.240581359863281250e+02,
4.473832702636718750e+02,
4.120795593261718750e+02,
3.989367675781250000e+02,
3.958423767089843750e+02,
3.994645385742187500e+02,
4.204754333496093750e+02,
4.155285949707031250e+02,
4.027845458984375000e+02,
3.848592834472656250e+02,
3.718278198242187500e+02,
3.899849853515625000e+02,
3.477549133300781250e+02,
3.259480895996093750e+02,
3.370435791015625000e+02,
3.049726867675781250e+02,
2.882467041015625000e+02,
3.049202880859375000e+02,
3.030869750976562500e+02,
3.045193176269531250e+02,
3.178775329589843750e+02,
3.110311584472656250e+02,
3.211196289062500000e+02,
3.405324401855468750e+02,
3.309682617187500000e+02,
3.498851013183593750e+02,
3.621011352539062500e+02,
3.821516113281250000e+02,
4.077570800781250000e+02,
4.006329956054687500e+02,
3.987702941894531250e+02,
3.651056518554687500e+02,
3.326317443847656250e+02,
3.201292419433593750e+02,
3.198127136230468750e+02,
3.304603576660156250e+02,
3.155671386718750000e+02,
2.926880798339843750e+02,
3.100991821289062500e+02,
3.105787353515625000e+02,
3.105309753417968750e+02,
2.610668945312500000e+02,
2.913088989257812500e+02,
2.743961791992187500e+02,
2.701699523925781250e+02,
2.673213806152343750e+02,
2.827078857421875000e+02,
8.328268432617187500e+02,
8.611318969726562500e+02,
8.394342041015625000e+02,
8.531147460937500000e+02,
8.822824707031250000e+02,
8.407347412109375000e+02,
7.728825073242187500e+02,
7.437847900390625000e+02,
7.357161254882812500e+02,
7.283511352539062500e+02,
7.356972045898437500e+02,
7.492959594726562500e+02,
7.735106811523437500e+02,
8.009443969726562500e+02,
8.266339111328125000e+02,
8.195596923828125000e+02,
8.246924438476562500e+02,
7.727169799804687500e+02,
7.650510864257812500e+02,
7.853988037109375000e+02,
7.722349243164062500e+02,
7.461997070312500000e+02,
7.400319824218750000e+02,
7.183579711914062500e+02,
6.961790771484375000e+02,
6.460830078125000000e+02,
6.387294311523437500e+02,
6.175481567382812500e+02,
5.976922607421875000e+02,
5.496154174804687500e+02,
5.711840209960937500e+02,
6.199337768554687500e+02,
6.100648803710937500e+02,
6.728640747070312500e+02,
6.450723876953125000e+02,
6.651005249023437500e+02,
6.932686157226562500e+02,
7.225249023437500000e+02,
7.042368774414062500e+02,
6.420743408203125000e+02,
6.731490478515625000e+02,
5.844065551757812500e+02,
5.920908203125000000e+02,
6.054108886718750000e+02,
6.482233886718750000e+02,
6.558320312500000000e+02,
6.729418945312500000e+02,
6.704087524414062500e+02,
6.659822998046875000e+02,
6.594910888671875000e+02,
6.727772216796875000e+02,
7.174130859375000000e+02,
7.174715576171875000e+02,
7.672207031250000000e+02,
7.880626831054687500e+02,
8.223496093750000000e+02,
8.375347290039062500e+02,
8.402606811523437500e+02,
8.347192993164062500e+02,
8.345718383789062500e+02,
8.466743164062500000e+02,
8.475286254882812500e+02,
8.966882324218750000e+02,
9.260294799804687500e+02,
8.769930419921875000e+02,
8.203520507812500000e+02,
7.419906616210937500e+02,
7.026578369140625000e+02,
6.741130981445312500e+02,
6.344096069335937500e+02,
6.791354370117187500e+02,
7.848699340820312500e+02,
8.696517944335937500e+02,
8.499778442382812500e+02,
8.734006958007812500e+02,
8.629148559570312500e+02,
7.706006469726562500e+02,
6.772620239257812500e+02,
5.919772338867187500e+02,
5.127390747070312500e+02,
4.902221984863281250e+02,
4.758353881835937500e+02,
5.100603942871093750e+02,
5.041930236816406250e+02,
5.579534301757812500e+02,
5.991090087890625000e+02,
5.291480712890625000e+02,
5.438786621093750000e+02,
5.107094116210937500e+02,
5.109718017578125000e+02,
4.683068542480468750e+02,
4.467044982910156250e+02,
4.224551086425781250e+02,
4.137979125976562500e+02,
4.117218627929687500e+02,
4.254017944335937500e+02,
4.362070312500000000e+02,
4.412816162109375000e+02,
4.479811706542968750e+02,
4.623251953125000000e+02,
4.679422607421875000e+02,
4.685329284667968750e+02,
4.608491821289062500e+02,
4.637390136718750000e+02,
4.361957397460937500e+02,
4.100210876464843750e+02,
4.145845336914062500e+02,
3.972166137695312500e+02,
3.891244201660156250e+02,
3.821770324707031250e+02,
3.583020935058593750e+02,
3.292729492187500000e+02,
3.192838439941406250e+02,
3.570596618652343750e+02,
3.202252502441406250e+02,
3.216354675292968750e+02,
3.451757812500000000e+02,
3.577731323242187500e+02,
3.799028320312500000e+02,
3.834152221679687500e+02,
3.847369995117187500e+02,
3.865989990234375000e+02,
3.701961364746093750e+02,
3.508037719726562500e+02,
3.566369323730468750e+02,
3.206832275390625000e+02,
3.177525024414062500e+02,
3.029469909667968750e+02,
2.750220031738281250e+02,
2.816680603027343750e+02,
2.867001953125000000e+02,
3.116246643066406250e+02,
