9.697098999023437500e+02,
9.499916992187500000e+02,
9.451193847656250000e+02,
8.712869262695312500e+02,
8.076636352539062500e+02,
7.656129760742187500e+02,
7.647058105468750000e+02,
7.946473999023437500e+02,
7.793792724609375000e+02,
8.230281982421875000e+02,
7.673470458984375000e+02,
7.497692260742187500e+02,
7.334560546875000000e+02,
7.498626708984375000e+02,
7.150532226562500000e+02,
6.869838867187500000e+02,
6.955977172851562500e+02,
7.117330932617187500e+02,
6.832543945312500000e+02,
6.906241455078125000e+02,
6.814223632812500000e+02,
7.007135009765625000e+02,
6.895580444335937500e+02,
7.247224121093750000e+02,
7.416464233398437500e+02,
7.674109497070312500e+02,
7.659522094726562500e+02,
7.489356689453125000e+02,
7.706665039062500000e+02,
7.584222412109375000e+02,
7.860067749023437500e+02,
8.444512329101562500e+02,
8.674042968750000000e+02,
9.222513427734375000e+02,
9.655736694335937500e+02,
9.590966186523437500e+02,
9.595184936523437500e+02,
9.590375976562500000e+02,
8.837519531250000000e+02,
8.625764160156250000e+02,
8.430832519531250000e+02,
8.671201171875000000e+02,
8.232609863281250000e+02,
8.230641479492187500e+02,
7.734260864257812500e+02,
8.226294555664062500e+02,
8.342968139648437500e+02,
8.843218994140625000e+02,
8.495471801757812500e+02,
8.706104125976562500e+02,
7.871574096679687500e+02,
7.713605957031250000e+02,
7.012051391601562500e+02,
6.957841186523437500e+02,
6.715220947265625000e+02,
7.293839111328125000e+02,
7.362471313476562500e+02,
7.665606689453125000e+02,
7.607513427734375000e+02,
7.526452026367187500e+02,
7.661159057617187500e+02,
7.286411743164062500e+02,
7.362553710937500000e+02,
7.372835083007812500e+02,
7.131915283203125000e+02,
7.194857177734375000e+02,
7.035216674804687500e+02,
7.439670410156250000e+02,
7.027368164062500000e+02,
7.266762695312500000e+02,
7.202756347656250000e+02,
6.938613281250000000e+02,
6.856447753906250000e+02,
6.367312622070312500e+02,
6.075424804687500000e+02,
5.817960815429687500e+02,
5.569777832031250000e+02,
5.577909545898437500e+02,
5.284553833007812500e+02,
5.408009643554687500e+02,
5.338010253906250000e+02,
5.546933593750000000e+02,
5.704427490234375000e+02,
6.206268310546875000e+02,
6.686164550781250000e+02,
6.418068237304687500e+02,
6.630670776367187500e+02,
6.532913208007812500e+02,
6.385093994140625000e+02,
6.399650878906250000e+02,
6.885776977539062500e+02,
7.141671752929687500e+02,
8.187891235351562500e+02,
8.577822265625000000e+02,
8.906296386718750000e+02,
8.916632690429687500e+02,
9.599277954101562500e+02,
1.025476928710937500e+03,
1.017643371582031250e+03,
1.018322998046875000e+03,
9.732119750976562500e+02,
1.018750122070312500e+03,
1.234710815429687500e+03,
1.503042480468750000e+03,
1.662422119140625000e+03,
1.790771850585937500e+03,
1.891454589843750000e+03,
1.938286743164062500e+03,
1.868616821289062500e+03,
1.755486206054687500e+03,
1.668012084960937500e+03,
1.562624267578125000e+03,
1.596905639648437500e+03,
1.613639892578125000e+03,
1.579082153320312500e+03,
1.577120117187500000e+03,
1.571394165039062500e+03,
1.585089111328125000e+03,
1.597424316406250000e+03,
1.641349243164062500e+03,
1.582902465820312500e+03,
1.431827026367187500e+03,
1.295553222656250000e+03,
1.298452026367187500e+03,
1.348681518554687500e+03,
1.393692626953125000e+03,
1.284582763671875000e+03,
1.125853515625000000e+03,
1.070222656250000000e+03,
1.056485595703125000e+03,
1.093229736328125000e+03,
1.160510864257812500e+03,
1.152603149414062500e+03,
1.145284423828125000e+03,
1.056611694335937500e+03,
1.030729736328125000e+03,
1.044377807617187500e+03,
1.023839294433593750e+03,
1.017348632812500000e+03,
9.508018188476562500e+02,
9.148027954101562500e+02,
8.800182495117187500e+02,
8.375409545898437500e+02,
8.287296142578125000e+02,
8.384246826171875000e+02,
8.514447631835937500e+02,
8.777781982421875000e+02,
9.107602539062500000e+02,
9.264356689453125000e+02,
9.001882324218750000e+02,
9.027177124023437500e+02,
8.493786010742187500e+02,
8.357897338867187500e+02,
8.238813476562500000e+02,
8.072108154296875000e+02,
7.557901611328125000e+02,
7.423378906250000000e+02,
6.912142944335937500e+02,
6.938228759765625000e+02,
6.712074584960937500e+02,
6.710502319335937500e+02,
6.545242919921875000e+02,
6.959602661132812500e+02,
6.777009887695312500e+02,
6.828277587890625000e+02,
7.044537963867187500e+02,
7.037429809570312500e+02,
6.907937011718750000e+02,
7.145996704101562500e+02,
7.028469848632812500e+02,
7.474666748046875000e+02,
7.539873046875000000e+02,
9.279655761718750000e+02,
9.148587646484375000e+02,
9.351817016601562500e+02,
9.094985961914062500e+02,
8.159146118164062500e+02,
7.912785034179687500e+02,
7.722175292968750000e+02,
7.433880615234375000e+02,
7.784586791992187500e+02,
7.830123291015625000e+02,
7.651209106445312500e+02,
8.359391479492187500e+02,
8.824609375000000000e+02,
9.037830810546875000e+02,
9.727821044921875000e+02,
1.079047729492187500e+03,
1.125852416992187500e+03,
1.122316894531250000e+03,
1.057389038085937500e+03,
1.013869873046875000e+03,
9.971182861328125000e+02,
9.809428710937500000e+02,
1.046431152343750000e+03,
1.084712280273437500e+03,
9.849841308593750000e+02,
8.658994140625000000e+02,
7.718889770507812500e+02,
7.773298950195312500e+02,
7.880549926757812500e+02,
8.020150146484375000e+02,
8.231016845703125000e+02,
7.916409301757812500e+02,
7.711999511718750000e+02,
8.026075439453125000e+02,
7.608244018554687500e+02,
7.255025024414062500e+02,
6.460079345703125000e+02,
6.045303344726562500e+02,
5.820136108398437500e+02,
5.887044677734375000e+02,
6.483389892578125000e+02,
6.846092529296875000e+02,
6.975593872070312500e+02,
7.652929687500000000e+02,
8.600341796875000000e+02,
9.242392578125000000e+02,
9.658868408203125000e+02,
1.049523803710937500e+03,
1.122506103515625000e+03,
1.436706176757812500e+03,
1.718748901367187500e+03,
1.938757934570312500e+03,
2.060408691406250000e+03,
2.218983886718750000e+03,
2.156538574218750000e+03,
2.009156494140625000e+03,
1.967352172851562500e+03,
1.909511230468750000e+03,
1.815274780273437500e+03,
1.813228027343750000e+03,
1.785186767578125000e+03,
1.569852783203125000e+03,
1.477945434570312500e+03,
1.433855712890625000e+03,
1.386959228515625000e+03,
1.335763916015625000e+03,
1.228738037109375000e+03,
1.152508300781250000e+03,
1.083873901367187500e+03,
1.017307189941406250e+03,
1.002497436523437500e+03,
9.703526611328125000e+02,
1.016092407226562500e+03,
9.903713989257812500e+02,
9.706118164062500000e+02,
9.114307861328125000e+02,
8.509254150390625000e+02,
8.099117431640625000e+02,
7.616839599609375000e+02,
7.397734985351562500e+02,
7.162359008789062500e+02,
7.575713500976562500e+02,
7.409636840820312500e+02,
7.685750122070312500e+02,
9.172320556640625000e+02,
9.735022583007812500e+02,
9.880676269531250000e+02,
9.368872680664062500e+02,
8.327996215820312500e+02,
8.243187866210937500e+02,
8.389398193359375000e+02,
9.338811645507812500e+02,
1.109646484375000000e+03,
1.236516601562500000e+03,
1.288761352539062500e+03,
1.246344116210937500e+03,
1.161564331054687500e+03,
1.160250366210937500e+03,
1.210227172851562500e+03,
1.149413818359375000e+03,
1.017040954589843750e+03,
8.359095458984375000e+02,
8.361703491210937500e+02,
8.472839965820312500e+02,
8.454605712890625000e+02,
8.360899047851562500e+02,
7.563165283203125000e+02,
7.054164428710937500e+02,
6.763529663085937500e+02,
6.564945678710937500e+02,
6.828684692382812500e+02,
7.653093261718750000e+02,
8.719180908203125000e+02,
9.720099487304687500e+02,
1.062972534179687500e+03,
1.319170532226562500e+03,
1.731289916992187500e+03,
1.925680664062500000e+03,
2.111808105468750000e+03,
2.227689697265625000e+03,
2.240085937500000000e+03,
2.042946289062500000e+03,
1.978989257812500000e+03,
1.897877075195312500e+03,
1.820969482421875000e+03,
1.634770141601562500e+03,
1.539130615234375000e+03,
1.343547119140625000e+03,
1.229182983398437500e+03,
1.134041503906250000e+03,
1.094986328125000000e+03,
1.083883544921875000e+03,
1.086815795898437500e+03,
1.006754699707031250e+03,
9.212484130859375000e+02,
8.385410766601562500e+02,
7.978037109375000000e+02,
7.890158081054687500e+02,
8.127628784179687500e+02,
