3.044952087402343750e+02,
3.081773681640625000e+02,
3.080449829101562500e+02,
3.089616394042968750e+02,
2.620915222167968750e+02,
2.468111114501953125e+02,
2.489300994873046875e+02,
2.308916473388671875e+02,
2.520433197021484375e+02,
2.307730102539062500e+02,
2.405277099609375000e+02,
2.538881378173828125e+02,
2.425341033935546875e+02,
2.202400512695312500e+02,
2.395689697265625000e+02,
2.098039703369140625e+02,
1.963943328857421875e+02,
1.905626373291015625e+02,
2.087680511474609375e+02,
2.118508453369140625e+02,
2.022591094970703125e+02,
2.292906799316406250e+02,
2.114923706054687500e+02,
2.332037963867187500e+02,
2.242001037597656250e+02,
2.621513671875000000e+02,
2.065840911865234375e+02,
2.545652008056640625e+02,
2.235625457763671875e+02,
2.190259704589843750e+02,
2.262285003662109375e+02,
2.547975158691406250e+02,
2.217339172363281250e+02,
2.405403900146484375e+02,
2.398876037597656250e+02,
2.762896728515625000e+02,
2.716419372558593750e+02,
2.828200378417968750e+02,
3.008822631835937500e+02,
2.577428588867187500e+02,
2.599627380371093750e+02,
2.739929504394531250e+02,
2.822363891601562500e+02,
2.833233642578125000e+02,
2.959656677246093750e+02,
2.922176513671875000e+02,
3.064191284179687500e+02,
3.004282836914062500e+02,
2.977818908691406250e+02,
2.821177062988281250e+02,
3.150085144042968750e+02,
3.046373901367187500e+02,
3.274686889648437500e+02,
3.122767333984375000e+02,
3.363865966796875000e+02,
3.523871459960937500e+02,
3.958873291015625000e+02,
4.026771545410156250e+02,
4.027261657714843750e+02,
4.056378479003906250e+02,
4.054569091796875000e+02,
4.042688598632812500e+02,
4.135296630859375000e+02,
4.273724670410156250e+02,
4.213064575195312500e+02,
4.260403442382812500e+02,
3.848658447265625000e+02,
3.901158142089843750e+02,
3.600515441894531250e+02,
3.656625366210937500e+02,
3.228564758300781250e+02,
3.208475036621093750e+02,
3.069007263183593750e+02,
3.245288391113281250e+02,
3.458644409179687500e+02,
3.561965637207031250e+02,
3.690097961425781250e+02,
3.578747863769531250e+02,
3.590536804199218750e+02,
3.288232116699218750e+02,
3.426643066406250000e+02,
3.135441894531250000e+02,
3.110005187988281250e+02,
3.090895080566406250e+02,
2.829523925781250000e+02,
2.758494567871093750e+02,
2.772579345703125000e+02,
2.754321594238281250e+02,
2.755211181640625000e+02,
3.010860290527343750e+02,
2.872701110839843750e+02,
2.961028747558593750e+02,
2.908462219238281250e+02,
3.110500183105468750e+02,
2.931742248535156250e+02,
2.788498229980468750e+02,
2.921490783691406250e+02,
2.918431396484375000e+02,
2.910730285644531250e+02,
2.895640563964843750e+02,
2.725882263183593750e+02,
2.542777404785156250e+02,
2.544300384521484375e+02,
2.155726623535156250e+02,
2.189723815917968750e+02,
2.286999206542968750e+02,
2.166534881591796875e+02,
2.245365753173828125e+02,
2.170321807861328125e+02,
2.442446594238281250e+02,
2.338629608154296875e+02,
2.208329925537109375e+02,
2.296169738769531250e+02,
2.248656463623046875e+02,
2.290221557617187500e+02,
2.185683288574218750e+02,
2.242012481689453125e+02,
2.413224029541015625e+02,
2.368927307128906250e+02,
2.318795013427734375e+02,
2.478366394042968750e+02,
2.282669372558593750e+02,
2.213310394287109375e+02,
2.249714202880859375e+02,
2.217792053222656250e+02,
2.202512969970703125e+02,
2.409955291748046875e+02,
2.869108581542968750e+02,
2.970779724121093750e+02,
3.331158447265625000e+02,
3.860596008300781250e+02,
3.658255920410156250e+02,
3.637481384277343750e+02,
3.588692321777343750e+02,
3.621134948730468750e+02,
3.625979614257812500e+02,
3.602492675781250000e+02,
3.654930725097656250e+02,
3.794494934082031250e+02,
3.939674682617187500e+02,
4.168226318359375000e+02,
3.852686157226562500e+02,
3.992934265136718750e+02,
3.717020874023437500e+02,
3.636730346679687500e+02,
3.463732910156250000e+02,
3.233004760742187500e+02,
3.328631286621093750e+02,
3.394147644042968750e+02,
3.147102661132812500e+02,
3.072915039062500000e+02,
2.834522094726562500e+02,
3.047621765136718750e+02,
2.484385375976562500e+02,
2.430918884277343750e+02,
2.434607391357421875e+02,
2.244006500244140625e+02,
2.456951599121093750e+02,
2.672999267578125000e+02,
2.567172241210937500e+02,
2.668266906738281250e+02,
2.731593322753906250e+02,
2.855783081054687500e+02,
3.037273254394531250e+02,
3.074986877441406250e+02,
3.520998229980468750e+02,
3.809617919921875000e+02,
3.811437377929687500e+02,
4.143726196289062500e+02,
3.877817687988281250e+02,
3.995236511230468750e+02,
4.031138305664062500e+02,
4.068463439941406250e+02,
4.012408142089843750e+02,
3.982714233398437500e+02,
4.116113891601562500e+02,
4.157052001953125000e+02,
4.239495544433593750e+02,
4.211388244628906250e+02,
4.276611633300781250e+02,
4.297050781250000000e+02,
4.029846801757812500e+02,
4.358569641113281250e+02,
4.228695983886718750e+02,
4.239741821289062500e+02,
4.266817016601562500e+02,
4.000353088378906250e+02,
3.887733764648437500e+02,
3.764992980957031250e+02,
3.666366271972656250e+02,
3.738794555664062500e+02,
3.614765014648437500e+02,
3.675808105468750000e+02,
3.320482788085937500e+02,
3.470136108398437500e+02,
3.235346374511718750e+02,
3.236016845703125000e+02,
3.460838623046875000e+02,
3.312089843750000000e+02,
3.143559570312500000e+02,
3.180861816406250000e+02,
3.204896850585937500e+02,
3.103522644042968750e+02,
3.426777343750000000e+02,
2.978529052734375000e+02,
2.989096679687500000e+02,
2.829616394042968750e+02,
2.848387145996093750e+02,
2.654114379882812500e+02,
3.034005432128906250e+02,
3.014886474609375000e+02,
3.235183105468750000e+02,
3.564481201171875000e+02,
3.527814025878906250e+02,
3.849372863769531250e+02,
4.312272338867187500e+02,
4.205834655761718750e+02,
4.247709045410156250e+02,
4.014790649414062500e+02,
3.933632507324218750e+02,
3.905223083496093750e+02,
3.888395385742187500e+02,
4.214031982421875000e+02,
4.247398071289062500e+02,
3.946933593750000000e+02,
4.140002746582031250e+02,
4.122202148437500000e+02,
4.170590515136718750e+02,
4.100297241210937500e+02,
4.227806701660156250e+02,
4.447956237792968750e+02,
4.495301818847656250e+02,
4.682726135253906250e+02,
4.466799316406250000e+02,
4.150748596191406250e+02,
4.159257812500000000e+02,
4.152784729003906250e+02,
3.933752136230468750e+02,
3.944263305664062500e+02,
3.936105346679687500e+02,
3.601254577636718750e+02,
3.383808288574218750e+02,
3.513276977539062500e+02,
3.472915344238281250e+02,
3.523587646484375000e+02,
3.910614624023437500e+02,
4.115703735351562500e+02,
4.087105407714843750e+02,
4.196078491210937500e+02,
4.149274902343750000e+02,
4.548360900878906250e+02,
4.397430419921875000e+02,
4.285357055664062500e+02,
3.986947021484375000e+02,
3.881297302246093750e+02,
3.881269836425781250e+02,
4.136547851562500000e+02,
4.373681030273437500e+02,
4.262781677246093750e+02,
4.254522399902343750e+02,
4.344723510742187500e+02,
5.434517211914062500e+02,
5.926298828125000000e+02,
6.843164672851562500e+02,
7.518010864257812500e+02,
7.681175537109375000e+02,
6.778524169921875000e+02,
6.180303344726562500e+02,
5.464998168945312500e+02,
5.130078735351562500e+02,
4.831037597656250000e+02,
4.434559020996093750e+02,
3.985600585937500000e+02,
3.856250305175781250e+02,
3.617503356933593750e+02,
3.936312866210937500e+02,
3.677024536132812500e+02,
3.568487243652343750e+02,
3.838581237792968750e+02,
3.196729736328125000e+02,
2.968257446289062500e+02,
2.728801269531250000e+02,
2.839375000000000000e+02,
2.473077239990234375e+02,
2.448988037109375000e+02,
2.533122100830078125e+02,
2.072446746826171875e+02,
2.072815856933593750e+02,
2.011433715820312500e+02,
2.034641571044921875e+02,
1.967923278808593750e+02,
2.087860717773437500e+02,
2.110424346923828125e+02,
2.249965972900390625e+02,
2.127883148193359375e+02,
2.314639129638671875e+02,
2.232357482910156250e+02,
2.096347961425781250e+02,
2.068051757812500000e+02,
2.303049774169921875e+02,
2.322133941650390625e+02,
2.240672302246093750e+02,
2.126092681884765625e+02,
2.189990081787109375e+02,
2.376234130859375000e+02,
2.479381408691406250e+02,
2.489699401855468750e+02,
2.873829650878906250e+02,
2.734966735839843750e+02,
2.613178710937500000e+02,
2.497885589599609375e+02,
2.368389892578125000e+02,
2.102976531982421875e+02,
2.148170013427734375e+02,
2.077921600341796875e+02,
2.294769287109375000e+02,
2.349905090332031250e+02,
2.309113464355468750e+02,
2.673407897949218750e+02,
2.827312011718750000e+02,
2.865649414062500000e+02,
2.991766662597656250e+02,
3.068151245117187500e+02,
2.977462158203125000e+02,
3.058810119628906250e+02,
3.144593505859375000e+02,
3.151601867675781250e+02,
3.323294067382812500e+02,
3.186267395019531250e+02,
3.462860107421875000e+02,
3.374111022949218750e+02,
3.323013000488281250e+02,
3.165790710449218750e+02,
3.136119079589843750e+02,
3.177794799804687500e+02,
3.245002136230468750e+02,
2.986546020507812500e+02,
2.840813598632812500e+02,
2.938791503906250000e+02,
2.926645202636718750e+02,
3.268718566894531250e+02,
3.099541320800781250e+02,
2.991337585449218750e+02,
3.251292114257812500e+02,
2.861308898925781250e+02,
2.802132568359375000e+02,
2.778070678710937500e+02,
3.252892761230468750e+02,
2.657431640625000000e+02,
2.671087036132812500e+02,
2.368904113769531250e+02,
2.466451873779296875e+02,
2.448883209228515625e+02,
2.386081085205078125e+02,
2.307027587890625000e+02,
2.232902984619140625e+02,
2.219189453125000000e+02,
2.213648986816406250e+02,
2.312691497802734375e+02,
2.449635925292968750e+02,
2.188769378662109375e+02,
2.223386535644531250e+02,
2.296135711669921875e+02,
2.603294067382812500e+02,
2.490111541748046875e+02,
2.643682861328125000e+02,
2.415650024414062500e+02,
2.333539276123046875e+02,
2.136936187744140625e+02,
2.006138610839843750e+02,
2.242809143066406250e+02,
2.375508728027343750e+02,
2.443779754638671875e+02,
2.380731964111328125e+02,
2.178505859375000000e+02,
2.131414184570312500e+02,
2.201479797363281250e+02,
2.138766479492187500e+02,
2.173373870849609375e+02,
2.351486206054687500e+02,
2.028990783691406250e+02,
2.124385223388671875e+02,
2.026141510009765625e+02,
1.762360382080078125e+02,
1.729011535644531250e+02,
1.731471252441406250e+02,
2.009602050781250000e+02,
1.847120971679687500e+02,
1.769702148437500000e+02,
1.819174041748046875e+02,
1.937093963623046875e+02,
1.805014648437500000e+02,
1.845622253417968750e+02,
1.715884552001953125e+02,
1.690198516845703125e+02,
1.805895080566406250e+02,
1.591389617919921875e+02,
1.792095489501953125e+02,
1.786972503662109375e+02,
1.896050415039062500e+02,
2.060600738525390625e+02,
2.141061553955078125e+02,
2.154379730224609375e+02,
2.075987243652343750e+02,
2.142828521728515625e+02,
2.171228790283203125e+02,
2.083626251220703125e+02,
2.119467620849609375e+02,
1.950590667724609375e+02,
1.994318695068359375e+02,
1.939851074218750000e+02,
2.017169952392578125e+02,
2.166450805664062500e+02,
2.114180908203125000e+02,
2.100158538818359375e+02,
2.082828674316406250e+02,
2.175394439697265625e+02,
2.300467529296875000e+02,
2.095435943603515625e+02,
2.245838928222656250e+02,
2.003389434814453125e+02,
1.834120483398437500e+02,
1.701206665039062500e+02,
1.727022857666015625e+02,
1.778406829833984375e+02,
1.424962463378906250e+02,
1.331254119873046875e+02,
1.470282440185546875e+02,
1.479517517089843750e+02,
1.462497253417968750e+02,
1.663006744384765625e+02,
1.608451843261718750e+02,
1.776094665527343750e+02,
1.571820678710937500e+02,
1.595426788330078125e+02,
1.853698730468750000e+02,
1.864309387207031250e+02,
2.209652862548828125e+02,
2.201504516601562500e+02,
2.233625030517578125e+02,
2.399051361083984375e+02,
2.455661315917968750e+02,
2.219258880615234375e+02,
2.394566650390625000e+02,
2.280205841064453125e+02,
2.330080566406250000e+02,
2.241899261474609375e+02,
2.205813446044921875e+02,
2.387854614257812500e+02,
2.388844604492187500e+02,
2.310257263183593750e+02,
1.883446960449218750e+02,
1.804578857421875000e+02,
1.801833038330078125e+02,
1.783140411376953125e+02,
1.736332702636718750e+02,
2.001477355957031250e+02,
2.029163818359375000e+02,
2.103699493408203125e+02,
2.141644592285156250e+02,
2.112466278076171875e+02,
2.001383819580078125e+02,
2.177678985595703125e+02,
2.352873382568359375e+02,
2.197266082763671875e+02,
2.134887695312500000e+02,
2.226912536621093750e+02,
2.204414062500000000e+02,
2.357897644042968750e+02,
2.237158355712890625e+02,
2.057699127197265625e+02,
2.111629333496093750e+02,
2.152124786376953125e+02,
1.835628662109375000e+02,
1.901026153564453125e+02,
1.921910247802734375e+02,
1.729119720458984375e+02,
2.072769317626953125e+02,
1.993264923095703125e+02,
1.941296997070312500e+02,
2.188569793701171875e+02,
2.472516937255859375e+02,
2.991065368652343750e+02,
3.445809631347656250e+02,
3.805892028808593750e+02,
3.901553955078125000e+02,
3.721367797851562500e+02,
3.402751159667968750e+02,
3.570908203125000000e+02,
3.804855957031250000e+02,
3.801625061035156250e+02,
3.984141235351562500e+02,
4.177620849609375000e+02,
4.134180908203125000e+02,
4.309383850097656250e+02,
4.905180664062500000e+02,
5.303184204101562500e+02,
5.292340698242187500e+02,
4.978054504394531250e+02,
4.976145935058593750e+02,
4.984452209472656250e+02,
4.890580444335937500e+02,
4.752507934570312500e+02,
4.559010620117187500e+02,
4.041256103515625000e+02,
3.791988220214843750e+02,
3.555431823730468750e+02,
3.365308837890625000e+02,
3.488718872070312500e+02,
4.025960998535156250e+02,
4.109633789062500000e+02,
4.480469055175781250e+02,
4.242253112792968750e+02,
4.385201110839843750e+02,
4.709184265136718750e+02,
4.353102416992187500e+02,
4.176116027832031250e+02,
4.271120910644531250e+02,
3.856617431640625000e+02,
3.643333740234375000e+02,
3.453327026367187500e+02,
3.283823852539062500e+02,
3.240377502441406250e+02,
3.529564514160156250e+02,
3.802517395019531250e+02,
3.913333435058593750e+02,
3.876856384277343750e+02,
4.099638977050781250e+02,
3.877180175781250000e+02,
3.896639099121093750e+02,
4.288081359863281250e+02,
3.965534362792968750e+02,
3.657930908203125000e+02,
3.498947143554687500e+02,
3.343197937011718750e+02,
3.414826965332031250e+02,
3.110502624511718750e+02,
3.289046630859375000e+02,
3.314000244140625000e+02,
3.546234741210937500e+02,
3.527019653320312500e+02,
3.439550170898437500e+02,
3.513689880371093750e+02,
3.504473266601562500e+02,
3.676571655273437500e+02,
4.094140319824218750e+02,
3.442725524902343750e+02,
3.510830688476562500e+02,
3.008155212402343750e+02,
3.148604736328125000e+02,
3.163960266113281250e+02,
3.275684509277343750e+02,
3.813609313964843750e+02,
4.186107482910156250e+02,
4.583865051269531250e+02,
4.732677917480468750e+02,
4.862982788085937500e+02,
4.707366943359375000e+02,
4.853771972656250000e+02,
4.807447814941406250e+02,
4.463877563476562500e+02,
4.500590820312500000e+02,
4.687785949707031250e+02,
4.591884155273437500e+02,
4.314625549316406250e+02,
4.256817016601562500e+02,
4.276725158691406250e+02,
4.008032226562500000e+02,
3.633967895507812500e+02,
3.499469604492187500e+02,
3.194110412597656250e+02,
3.230559692382812500e+02,
3.271672363281250000e+02,
2.721733093261718750e+02,
2.813275756835937500e+02,
2.334993591308593750e+02,
2.483926239013671875e+02,
2.240014953613281250e+02,
2.015383300781250000e+02,
2.047835845947265625e+02,
2.086916656494140625e+02,
2.183494415283203125e+02,
2.345483703613281250e+02,
2.279968109130859375e+02,
2.031960754394531250e+02,
2.128202514648437500e+02,
2.105350952148437500e+02,
2.080113525390625000e+02,
2.208125152587890625e+02,
2.069159088134765625e+02,
2.054896697998046875e+02,
2.002613983154296875e+02,
2.136396179199218750e+02,
1.923504943847656250e+02,
2.304275054931640625e+02,
2.076976013183593750e+02,
2.364666290283203125e+02,
2.160457916259765625e+02,
2.147036437988281250e+02,
2.134935760498046875e+02,
2.166031494140625000e+02,
2.136670532226562500e+02,
2.130955047607421875e+02,
2.282906646728515625e+02,
2.217094116210937500e+02,
2.012230987548828125e+02,
1.835597229003906250e+02,
1.759456024169921875e+02,
1.726461944580078125e+02,
1.951102294921875000e+02,
1.967172241210937500e+02,
1.957073059082031250e+02,
1.798308715820312500e+02,
1.956125030517578125e+02,
2.101700744628906250e+02,
2.161177062988281250e+02,
2.223035278320312500e+02,
2.273075256347656250e+02,
2.297138977050781250e+02,
2.089255981445312500e+02,
2.360624542236328125e+02,
2.097407684326171875e+02,
1.973312377929687500e+02,
2.132116241455078125e+02,
2.761125488281250000e+02,
3.337285156250000000e+02,
3.846192932128906250e+02,
4.171626281738281250e+02,
4.764113464355468750e+02,
4.915139770507812500e+02,
5.292236938476562500e+02,
5.764404907226562500e+02,
5.469013061523437500e+02,
5.488123779296875000e+02,
5.389936523437500000e+02,
5.014722900390625000e+02,
5.067382202148437500e+02,
5.396339111328125000e+02,
5.138920288085937500e+02,
5.021417846679687500e+02,
5.345756225585937500e+02,
5.122791748046875000e+02,
5.260494384765625000e+02,
5.448101806640625000e+02,
5.513947753906250000e+02,
5.641142578125000000e+02,
6.111135864257812500e+02,
6.108729858398437500e+02,
6.407029418945312500e+02,
6.609678344726562500e+02,
6.797305908203125000e+02,
6.980650024414062500e+02,
6.574303588867187500e+02,
7.037143554687500000e+02,
6.879351196289062500e+02,
6.825736083984375000e+02,
7.075630493164062500e+02,
7.509880981445312500e+02,
7.178773193359375000e+02,
7.148762817382812500e+02,
6.059584960937500000e+02,
5.728056030273437500e+02,
5.358499145507812500e+02,
4.754452209472656250e+02,
4.572015075683593750e+02,
4.131628723144531250e+02,
4.026011962890625000e+02,
4.178157348632812500e+02,
4.299558715820312500e+02,
4.278186950683593750e+02,
4.361177062988281250e+02,
4.176200561523437500e+02,
4.430071411132812500e+02,
4.366150207519531250e+02,
4.420671081542968750e+02,
3.917237243652343750e+02,
4.076909179687500000e+02,
4.440180664062500000e+02,
4.005169372558593750e+02,
4.072547302246093750e+02,
4.553078918457031250e+02,
4.289277343750000000e+02,
4.476624145507812500e+02,
4.426495666503906250e+02,
4.673724975585937500e+02,
4.264247436523437500e+02,
4.322129211425781250e+02,
4.283860473632812500e+02,
4.502330017089843750e+02,
4.501413574218750000e+02,
4.983354187011718750e+02,
5.415012207031250000e+02,
5.184588623046875000e+02,
5.020482788085937500e+02,
4.953350219726562500e+02,
4.822284240722656250e+02,
4.729209594726562500e+02,
4.471198425292968750e+02,
4.358789367675781250e+02,
3.946758728027343750e+02,
3.890294494628906250e+02,
3.516528320312500000e+02,
3.555692138671875000e+02,
3.609447937011718750e+02,
3.539337463378906250e+02,
3.696848449707031250e+02,
3.539912109375000000e+02,
3.778121643066406250e+02,
3.819546813964843750e+02,
3.712486267089843750e+02,
4.227687988281250000e+02,
3.774316101074218750e+02,
3.829684448242187500e+02,
4.277419738769531250e+02,
3.641047973632812500e+02,
3.808027343750000000e+02,
3.574201965332031250e+02,
3.804330444335937500e+02,
3.901177978515625000e+02,
3.982494201660156250e+02,
3.964293212890625000e+02,
3.746430969238281250e+02,
3.734656372070312500e+02,
3.794080200195312500e+02,
3.752208862304687500e+02,
3.565823669433593750e+02,
3.552697143554687500e+02,
3.802678527832031250e+02,
3.229363403320312500e+02,
3.493989868164062500e+02,
3.304790649414062500e+02,
3.288809814453125000e+02,
3.442690429687500000e+02,
3.703680725097656250e+02,
3.716505432128906250e+02,
3.905838623046875000e+02,
4.029094543457031250e+02,
3.935529479980468750e+02,
3.804608459472656250e+02,
3.782740478515625000e+02,
3.705137329101562500e+02,
3.396801147460937500e+02,
3.416851501464843750e+02,
3.190018920898437500e+02,
3.226054687500000000e+02,
3.132032775878906250e+02,
3.263695068359375000e+02,
3.261581115722656250e+02,
3.274081115722656250e+02,
3.289613647460937500e+02,
3.641763916015625000e+02,
3.012068786621093750e+02,
3.084523620605468750e+02,
3.102869567871093750e+02,
2.702795715332031250e+02,
2.744504394531250000e+02,
2.264779205322265625e+02,
2.431008758544921875e+02,
1.995332031250000000e+02,
2.125324554443359375e+02,
2.392250671386718750e+02,
2.371135406494140625e+02,
2.384834594726562500e+02,
2.456141815185546875e+02,
2.463479919433593750e+02,
2.360429077148437500e+02,
2.683856506347656250e+02,
2.766828918457031250e+02,
2.729949951171875000e+02,
2.850070190429687500e+02,
2.983829345703125000e+02,
3.247052307128906250e+02,
2.919246520996093750e+02,
3.079662780761718750e+02,
3.587408447265625000e+02,
3.418397521972656250e+02,
3.648085937500000000e+02,
4.031236572265625000e+02,
4.375368041992187500e+02,
4.221866149902343750e+02,
4.498584899902343750e+02,
4.730177307128906250e+02,
4.681242675781250000e+02,
4.534024658203125000e+02,
4.145874633789062500e+02,
3.875667419433593750e+02,
3.508439331054687500e+02,
3.632092590332031250e+02,
3.918683471679687500e+02,
3.702147521972656250e+02,
3.778551025390625000e+02,
3.270632324218750000e+02,
3.077467346191406250e+02,
3.173125915527343750e+02,
3.146174011230468750e+02,
3.206747741699218750e+02,
3.237259216308593750e+02,
3.029071350097656250e+02,
3.133168945312500000e+02,
3.119761962890625000e+02,
2.947596130371093750e+02,
2.738203735351562500e+02,
2.328142089843750000e+02,
2.371389007568359375e+02,
2.397614898681640625e+02,
2.392736663818359375e+02,
2.284132537841796875e+02,
2.300250396728515625e+02,
2.462794189453125000e+02,
2.224290008544921875e+02,
2.248197784423828125e+02,
2.608856811523437500e+02,
2.663112487792968750e+02,
2.953082580566406250e+02,
3.197810363769531250e+02,
3.437745361328125000e+02,
3.664638061523437500e+02,
3.859472656250000000e+02,
3.810271606445312500e+02,
3.973020935058593750e+02,
3.896181335449218750e+02,
4.118624267578125000e+02,
3.761025085449218750e+02,
3.571030578613281250e+02,
3.359825744628906250e+02,
3.241399536132812500e+02,
2.937020568847656250e+02,
2.674306640625000000e+02,
2.520221557617187500e+02,
2.761726684570312500e+02,
3.004281921386718750e+02,
3.173506164550781250e+02,
3.547480773925781250e+02,
3.729650268554687500e+02,
4.114108886718750000e+02,
4.341929931640625000e+02,
4.401504516601562500e+02,
4.623252258300781250e+02,
4.421127929687500000e+02,
4.442897338867187500e+02,
4.525468750000000000e+02,
4.350520629882812500e+02,
4.250215454101562500e+02,
4.304098510742187500e+02,
4.296843872070312500e+02,
4.146289367675781250e+02,
3.803583679199218750e+02,
3.879460144042968750e+02,
3.785244750976562500e+02,
3.647444763183593750e+02,
3.686424560546875000e+02,
3.182498474121093750e+02,
3.228973999023437500e+02,
3.139358825683593750e+02,
3.025437316894531250e+02,
3.460815734863281250e+02,
3.652257385253906250e+02,
4.125694885253906250e+02,
4.294149169921875000e+02,
4.272322692871093750e+02,
4.245457763671875000e+02,
4.284657287597656250e+02,
4.411019897460937500e+02,
4.434827270507812500e+02,
4.517564086914062500e+02,
4.638669738769531250e+02,
4.580398254394531250e+02,
4.757224426269531250e+02,
4.654414978027343750e+02,
4.198918762207031250e+02,
4.060623168945312500e+02,
3.963063354492187500e+02,
4.189061279296875000e+02,
4.819317321777343750e+02,
5.159885253906250000e+02,
4.965371398925781250e+02,
4.900127563476562500e+02,
4.595445861816406250e+02,
4.963629150390625000e+02,
5.344626464843750000e+02,
6.456912231445312500e+02,
7.540961914062500000e+02,
7.922056274414062500e+02,
8.072721557617187500e+02,
7.214799194335937500e+02,
6.027113647460937500e+02,
5.096155700683593750e+02,
4.456785888671875000e+02,
4.283778991699218750e+02,
3.630762634277343750e+02,
3.102170715332031250e+02,
2.803161315917968750e+02,
2.605314636230468750e+02,
2.410939483642578125e+02,
2.458118286132812500e+02,
2.119955902099609375e+02,
2.326911621093750000e+02,
2.265232696533203125e+02,
2.325177917480468750e+02,
2.339173278808593750e+02,
2.498723754882812500e+02,
2.621647949218750000e+02,
2.578812866210937500e+02,
2.682457885742187500e+02,
2.865991821289062500e+02,
2.578827514648437500e+02,
2.582273864746093750e+02,
2.725042419433593750e+02,
2.904920654296875000e+02,
2.902982788085937500e+02,
3.059991455078125000e+02,
3.213529968261718750e+02,
3.284008789062500000e+02,
3.516959838867187500e+02,
3.328827514648437500e+02,
3.552452087402343750e+02,
3.460313720703125000e+02,
3.170486145019531250e+02,
3.156821289062500000e+02,
3.205013732910156250e+02,
3.072974853515625000e+02,
3.281426086425781250e+02,
3.320744018554687500e+02,
3.165526733398437500e+02,
2.841133728027343750e+02,
2.830584106445312500e+02,
2.758283996582031250e+02,
2.805252075195312500e+02,
2.836500244140625000e+02,
2.461307983398437500e+02,
2.493787078857421875e+02,
2.580517272949218750e+02,
2.710429687500000000e+02,
2.899997863769531250e+02,
2.574255676269531250e+02,
2.330429229736328125e+02,
2.414154357910156250e+02,
2.327830657958984375e+02,
2.346667327880859375e+02,
2.192069091796875000e+02,
2.136178436279296875e+02,
2.007116699218750000e+02,
1.894649353027343750e+02,
1.866347503662109375e+02,
1.725482940673828125e+02,
2.132077484130859375e+02,
1.649049224853515625e+02,
1.839790802001953125e+02,
2.090251770019531250e+02,
2.021743469238281250e+02,
2.530413360595703125e+02,
2.310689392089843750e+02,
2.306759796142578125e+02,
2.099300842285156250e+02,
2.471130523681640625e+02,
2.221529846191406250e+02,
2.353376617431640625e+02,
2.314263153076171875e+02,
2.329451904296875000e+02,
2.156944580078125000e+02,
1.890169982910156250e+02,
1.810885620117187500e+02,
1.708225555419921875e+02,
1.596466979980468750e+02,
1.748953094482421875e+02,
1.577873535156250000e+02,
1.850075836181640625e+02,
2.027648162841796875e+02,
2.494924316406250000e+02,
2.235668945312500000e+02,
2.577230834960937500e+02,
2.767337951660156250e+02,
2.718188476562500000e+02,
2.490321655273437500e+02,
2.367005310058593750e+02,
2.402895507812500000e+02,
2.095758209228515625e+02,
2.129353790283203125e+02,
1.938014984130859375e+02,
2.115691375732421875e+02,
2.396589050292968750e+02,
2.401921691894531250e+02,
2.362431335449218750e+02,
2.361293182373046875e+02,
2.328252410888671875e+02,
2.313085784912109375e+02,
2.234190216064453125e+02,
2.093974609375000000e+02,
1.968021087646484375e+02,
2.321363830566406250e+02,
3.012743835449218750e+02,
3.410873413085937500e+02,
4.061338806152343750e+02,
4.011699523925781250e+02,
3.991169433593750000e+02,
3.853770751953125000e+02,
4.382042236328125000e+02,
5.109674682617187500e+02,
5.455195922851562500e+02,
5.600043334960937500e+02,
5.465220947265625000e+02,
4.960854492187500000e+02,
4.195976562500000000e+02,
3.726145019531250000e+02,
4.036475524902343750e+02,
4.131185913085937500e+02,
4.597104187011718750e+02,
4.922229614257812500e+02,
4.068293151855468750e+02,
3.922909851074218750e+02,
3.873576660156250000e+02,
4.144548034667968750e+02,
3.655848693847656250e+02,
4.113333435058593750e+02,
4.402690124511718750e+02,
4.483508300781250000e+02,
3.915551147460937500e+02,
3.753640441894531250e+02,
3.324188232421875000e+02,
3.503566589355468750e+02,
3.767984619140625000e+02,
3.920289001464843750e+02,
3.655830993652343750e+02,
3.862602844238281250e+02,
3.407576293945312500e+02,
3.802440490722656250e+02,
4.341937255859375000e+02,
4.863581542968750000e+02,
5.239815673828125000e+02,
5.153480224609375000e+02,
5.300199584960937500e+02,
5.242509765625000000e+02,
4.842658386230468750e+02,
4.671978454589843750e+02,
4.282154235839843750e+02,
3.725848083496093750e+02,
3.304586791992187500e+02,
2.958932495117187500e+02,
2.624902954101562500e+02,
2.339513092041015625e+02,
2.119885406494140625e+02,
2.233557891845703125e+02,
2.260673217773437500e+02,
2.143416595458984375e+02,
2.138436126708984375e+02,
2.138895416259765625e+02,
2.404387359619140625e+02,
2.098682403564453125e+02,
2.258144989013671875e+02,
2.421105957031250000e+02,
2.379914550781250000e+02,
2.390012512207031250e+02,
2.076619720458984375e+02,
2.036508331298828125e+02,
1.942791900634765625e+02,
2.068139190673828125e+02,
2.172353668212890625e+02,
2.484933471679687500e+02,
2.328339691162109375e+02,
2.366441802978515625e+02,
2.335922546386718750e+02,
2.889487915039062500e+02,
3.656371459960937500e+02,
4.507652587890625000e+02,
4.983451843261718750e+02,
5.952100830078125000e+02,
6.211444091796875000e+02,
6.133445434570312500e+02,
6.173851318359375000e+02,
6.206213989257812500e+02,
6.277876586914062500e+02,
6.434644775390625000e+02,
6.779105834960937500e+02,
6.891041870117187500e+02,
7.108308105468750000e+02,
7.425402221679687500e+02,
7.739803466796875000e+02,
7.627418212890625000e+02,
8.029450073242187500e+02,
7.429584960937500000e+02,
6.667321166992187500e+02,
5.642117919921875000e+02,
5.215504760742187500e+02,
4.808280029296875000e+02,
4.405997924804687500e+02,
4.471796569824218750e+02,
4.561329650878906250e+02,
4.443300476074218750e+02,
4.431626586914062500e+02,
4.342030029296875000e+02,
4.487716064453125000e+02,
4.670979919433593750e+02,
4.798671875000000000e+02,
5.137895507812500000e+02,
4.791541137695312500e+02,
4.939321594238281250e+02,
5.084640197753906250e+02,
5.306558227539062500e+02,
4.879033203125000000e+02,
4.564592590332031250e+02,
4.307092285156250000e+02,
3.984567565917968750e+02,
3.937171325683593750e+02,
4.150110473632812500e+02,
4.350613403320312500e+02,
4.233610229492187500e+02,
4.420247497558593750e+02,
4.505491333007812500e+02,
4.336345520019531250e+02,
4.200646972656250000e+02,
4.300155639648437500e+02,
4.166782836914062500e+02,
4.097395935058593750e+02,
3.926456298828125000e+02,
3.697636718750000000e+02,
3.696736450195312500e+02,
4.185689392089843750e+02,
3.885997619628906250e+02,
4.341539916992187500e+02,
4.178354797363281250e+02,
3.845816040039062500e+02,
3.532165222167968750e+02,
3.241629638671875000e+02,
3.427481689453125000e+02,
3.877945556640625000e+02,
3.128049621582031250e+02,
3.174284973144531250e+02,
3.023428955078125000e+02,
2.818397216796875000e+02,
2.292683410644531250e+02,
2.746375732421875000e+02,
2.801326599121093750e+02,
2.620914611816406250e+02,
2.544948883056640625e+02,
2.957872009277343750e+02,
2.834392395019531250e+02,
2.784106140136718750e+02,
3.119565734863281250e+02,
3.476575317382812500e+02,
3.305093994140625000e+02,
3.681631774902343750e+02,
4.126689758300781250e+02,
4.785251159667968750e+02,
4.916600646972656250e+02,
5.684531250000000000e+02,
5.090376586914062500e+02,
4.708822631835937500e+02,
5.085965576171875000e+02,
4.221390075683593750e+02,
3.881900329589843750e+02,
3.672858886718750000e+02,
3.801383972167968750e+02,
3.296623535156250000e+02,
3.554401245117187500e+02,
3.248241577148437500e+02,
3.363755187988281250e+02,
3.160875549316406250e+02,
3.099433593750000000e+02,
2.829137878417968750e+02,
2.393244018554687500e+02,
2.301626129150390625e+02,
2.499838867187500000e+02,
2.469178314208984375e+02,
2.434949645996093750e+02,
2.541146850585937500e+02,
3.043300170898437500e+02,
3.307517089843750000e+02,
3.595544128417968750e+02,
3.788067932128906250e+02,
4.135618591308593750e+02,
4.146430358886718750e+02,
4.219839782714843750e+02,
3.641545104980468750e+02,
3.506425170898437500e+02,
3.096138305664062500e+02,
3.083032226562500000e+02,
2.920559692382812500e+02,
3.053948669433593750e+02,
3.564112854003906250e+02,
4.150226135253906250e+02,
4.591032409667968750e+02,
4.979534912109375000e+02,
5.222463989257812500e+02,
5.270982055664062500e+02,
5.110142211914062500e+02,
4.999899291992187500e+02,
5.025206604003906250e+02,
4.571377868652343750e+02,
4.224028625488281250e+02,
4.315589294433593750e+02,
3.682077941894531250e+02,
3.633092956542968750e+02,
3.529179992675781250e+02,
3.740956420898437500e+02,
3.851854248046875000e+02,
4.459588928222656250e+02,
4.478792724609375000e+02,
4.712750244140625000e+02,
4.780271606445312500e+02,
4.895317687988281250e+02,
5.397511596679687500e+02,
4.963200378417968750e+02,
4.879339904785156250e+02,
4.683299865722656250e+02,
4.766870727539062500e+02,
4.918787536621093750e+02,
5.361745605468750000e+02,
5.364489746093750000e+02,
5.643137207031250000e+02,
6.691501464843750000e+02,
7.109698486328125000e+02,
8.163424682617187500e+02,
8.350736083984375000e+02,
7.639779663085937500e+02,
6.717843017578125000e+02,
5.128876342773437500e+02,
4.156625671386718750e+02,
3.556093139648437500e+02,
3.032352600097656250e+02,
3.069087219238281250e+02,
2.422724914550781250e+02,
2.415276184082031250e+02,
2.217926025390625000e+02,
2.766107482910156250e+02,
2.777795104980468750e+02,
2.868656616210937500e+02,
2.808598022460937500e+02,
2.596267395019531250e+02,
2.841561889648437500e+02,
3.103460083007812500e+02,
3.213573303222656250e+02,
3.315115661621093750e+02,
3.532795104980468750e+02,
3.528031921386718750e+02,
3.395023498535156250e+02,
3.587096252441406250e+02,
3.338935852050781250e+02,
3.119320983886718750e+02,
3.120820312500000000e+02,
3.088090515136718750e+02,
3.077812194824218750e+02,
2.910767822265625000e+02,
2.901274719238281250e+02,
2.796170654296875000e+02,
3.030389099121093750e+02,
2.864436035156250000e+02,
2.816818542480468750e+02,
2.676098632812500000e+02,
2.350861968994140625e+02,
2.492000732421875000e+02,
2.226890411376953125e+02,
2.299261627197265625e+02,
1.953174591064453125e+02,
2.053347930908203125e+02,
1.882012176513671875e+02,
1.957418060302734375e+02,
2.137753753662109375e+02,
2.282481994628906250e+02,
2.347855529785156250e+02,
2.486361694335937500e+02,
2.507268066406250000e+02,
2.360696105957031250e+02,
2.393908691406250000e+02,
2.140928497314453125e+02,
2.121971435546875000e+02,
1.694338989257812500e+02,
1.575533447265625000e+02,
1.641109771728515625e+02,
2.126052551269531250e+02,
2.169456329345703125e+02,
2.670731506347656250e+02,
2.816471252441406250e+02,
2.637913208007812500e+02,
2.457952117919921875e+02,
2.519443511962890625e+02,
2.472334899902343750e+02,
2.289566650390625000e+02,
2.424725036621093750e+02,
2.587586669921875000e+02,
2.336159362792968750e+02,
2.677809448242187500e+02,
2.269188537597656250e+02,
2.222455291748046875e+02,
3.097087402343750000e+02,
3.748278808593750000e+02,
4.091842956542968750e+02,
4.359027099609375000e+02,
4.357187194824218750e+02,
5.013708801269531250e+02,
5.725089111328125000e+02,
6.012008056640625000e+02,
5.329152832031250000e+02,
4.777925109863281250e+02,
4.461567077636718750e+02,
4.776260375976562500e+02,
4.641119995117187500e+02,
4.261500854492187500e+02,
3.881427001953125000e+02,
4.198556213378906250e+02,
4.528046569824218750e+02,
4.844580383300781250e+02,
4.586826782226562500e+02,
4.260870361328125000e+02,
4.086695556640625000e+02,
3.999801635742187500e+02,
4.080163269042968750e+02,
4.107400512695312500e+02,
4.758675537109375000e+02,
4.972892456054687500e+02,
5.529578247070312500e+02,
6.157648315429687500e+02,
5.817639770507812500e+02,
5.491505737304687500e+02,
4.888296508789062500e+02,
3.960275573730468750e+02,
3.134314270019531250e+02,
2.857128906250000000e+02,
2.469036865234375000e+02,
2.484112091064453125e+02,
2.463104858398437500e+02,
2.415577087402343750e+02,
2.357605133056640625e+02,
2.246398925781250000e+02,
2.282725219726562500e+02,
2.416164550781250000e+02,
2.157222290039062500e+02,
2.199169311523437500e+02,
2.210339355468750000e+02,
2.155892333984375000e+02,
2.285592498779296875e+02,
2.753330993652343750e+02,
3.673115539550781250e+02,
4.654605407714843750e+02,
5.590569458007812500e+02,
6.735751953125000000e+02,
7.236365966796875000e+02,
7.297279052734375000e+02,
7.151036376953125000e+02,
7.740687255859375000e+02,
7.864996337890625000e+02,
8.026424560546875000e+02,
8.437968750000000000e+02,
8.668129882812500000e+02,
7.906221923828125000e+02,
6.951221923828125000e+02,
6.315908813476562500e+02,
5.581389160156250000e+02,
4.892194519042968750e+02,
4.605889587402343750e+02,
4.867183837890625000e+02,
4.831809387207031250e+02,
5.245595703125000000e+02,
5.422482299804687500e+02,
5.443640747070312500e+02,
5.592171020507812500e+02,
5.464765625000000000e+02,
5.238352661132812500e+02,
4.942710571289062500e+02,
4.606609191894531250e+02,
4.676639404296875000e+02,
4.678303222656250000e+02,
4.776246643066406250e+02,
4.764267883300781250e+02,
4.905904235839843750e+02,
4.743416748046875000e+02,
4.387411804199218750e+02,
4.340538330078125000e+02,
4.357358703613281250e+02,
4.228330993652343750e+02,
4.014099121093750000e+02,
4.078067932128906250e+02,
3.865105285644531250e+02,
4.184281616210937500e+02,
