4.670903320312500000e+02,
4.621945190429687500e+02,
4.355306091308593750e+02,
4.323441162109375000e+02,
4.233388366699218750e+02,
4.191879577636718750e+02,
4.204371643066406250e+02,
4.342054138183593750e+02,
4.082001647949218750e+02,
4.165393981933593750e+02,
4.507467956542968750e+02,
4.632839050292968750e+02,
4.783192749023437500e+02,
4.357971191406250000e+02,
4.431140441894531250e+02,
4.293073730468750000e+02,
4.224538879394531250e+02,
4.071675415039062500e+02,
4.070497131347656250e+02,
3.773472900390625000e+02,
3.760246276855468750e+02,
3.757540283203125000e+02,
3.625568847656250000e+02,
3.403720397949218750e+02,
3.400043029785156250e+02,
3.351473083496093750e+02,
2.975589294433593750e+02,
2.934830017089843750e+02,
2.911757812500000000e+02,
2.797425842285156250e+02,
2.673074340820312500e+02,
2.816565551757812500e+02,
2.833260803222656250e+02,
3.380159606933593750e+02,
3.112203063964843750e+02,
3.212929077148437500e+02,
3.447322998046875000e+02,
3.244747924804687500e+02,
3.605201110839843750e+02,
3.463344726562500000e+02,
3.461714477539062500e+02,
3.348323974609375000e+02,
3.388894042968750000e+02,
3.275556640625000000e+02,
3.406564636230468750e+02,
3.000751647949218750e+02,
3.096135864257812500e+02,
3.191960449218750000e+02,
3.019978332519531250e+02,
3.235545959472656250e+02,
3.068082580566406250e+02,
3.250802917480468750e+02,
3.131830139160156250e+02,
3.336273803710937500e+02,
3.646980895996093750e+02,
3.733733825683593750e+02,
3.886585998535156250e+02,
4.157064514160156250e+02,
4.299909973144531250e+02,
4.629587707519531250e+02,
4.824637145996093750e+02,
4.894032287597656250e+02,
5.304938964843750000e+02,
5.341946411132812500e+02,
5.889197998046875000e+02,
5.258839721679687500e+02,
5.476976928710937500e+02,
5.597670898437500000e+02,
5.280839843750000000e+02,
5.180234375000000000e+02,
4.968586730957031250e+02,
5.445017700195312500e+02,
5.499306640625000000e+02,
5.903113403320312500e+02,
6.248945922851562500e+02,
7.225349121093750000e+02,
7.492150268554687500e+02,
8.128711547851562500e+02,
8.737424316406250000e+02,
8.985086059570312500e+02,
9.287102050781250000e+02,
9.580174560546875000e+02,
9.702247314453125000e+02,
9.876121215820312500e+02,
9.945622558593750000e+02,
9.828818969726562500e+02,
9.861480712890625000e+02,
9.767500000000000000e+02,
1.037290527343750000e+03,
1.049669555664062500e+03,
1.042243164062500000e+03,
1.065818969726562500e+03,
9.638118286132812500e+02,
9.773811035156250000e+02,
9.963997192382812500e+02,
9.972213745117187500e+02,
9.504435424804687500e+02,
9.188347167968750000e+02,
8.876987915039062500e+02,
7.860664062500000000e+02,
8.488332519531250000e+02,
7.616916503906250000e+02,
7.513880615234375000e+02,
6.862974853515625000e+02,
7.081434326171875000e+02,
6.237251586914062500e+02,
6.248108520507812500e+02,
6.053103027343750000e+02,
6.203796386718750000e+02,
6.259870605468750000e+02,
6.585337524414062500e+02,
6.362670288085937500e+02,
6.323357543945312500e+02,
6.096899414062500000e+02,
6.032794799804687500e+02,
5.974460449218750000e+02,
5.806637573242187500e+02,
5.763902587890625000e+02,
6.369271240234375000e+02,
5.987682495117187500e+02,
6.483215942382812500e+02,
6.214512329101562500e+02,
5.900778808593750000e+02,
5.911250610351562500e+02,
5.773073730468750000e+02,
6.312777709960937500e+02,
6.755592651367187500e+02,
7.566287841796875000e+02,
7.420016479492187500e+02,
7.867167358398437500e+02,
7.624628295898437500e+02,
7.536356201171875000e+02,
7.102482910156250000e+02,
7.041306152343750000e+02,
7.620017089843750000e+02,
7.333052368164062500e+02,
7.508891601562500000e+02,
7.126282348632812500e+02,
6.843162841796875000e+02,
6.487467041015625000e+02,
6.342837524414062500e+02,
5.997330932617187500e+02,
6.093558959960937500e+02,
5.780326538085937500e+02,
5.694062500000000000e+02,
5.553068237304687500e+02,
5.349334106445312500e+02,
4.816487121582031250e+02,
4.969974975585937500e+02,
4.870755004882812500e+02,
5.023210754394531250e+02,
5.093932495117187500e+02,
5.606059570312500000e+02,
5.321800537109375000e+02,
5.402234497070312500e+02,
5.305799560546875000e+02,
5.166520385742187500e+02,
5.024660644531250000e+02,
4.930476684570312500e+02,
4.687328796386718750e+02,
4.878408813476562500e+02,
4.503536376953125000e+02,
4.448672485351562500e+02,
4.255719299316406250e+02,
4.774890136718750000e+02,
4.714270935058593750e+02,
5.323609008789062500e+02,
4.965924072265625000e+02,
5.035605773925781250e+02,
5.550923461914062500e+02,
5.568000488281250000e+02,
4.953987426757812500e+02,
5.022651672363281250e+02,
5.184067993164062500e+02,
5.209924926757812500e+02,
4.951231689453125000e+02,
5.648187866210937500e+02,
5.068677673339843750e+02,
5.310411987304687500e+02,
5.474892578125000000e+02,
5.886058349609375000e+02,
6.043472900390625000e+02,
7.022706909179687500e+02,
6.080330810546875000e+02,
5.789127807617187500e+02,
5.677904663085937500e+02,
6.136810913085937500e+02,
6.288582153320312500e+02,
6.665312500000000000e+02,
6.973309936523437500e+02,
7.209578857421875000e+02,
7.200720214843750000e+02,
6.780731811523437500e+02,
6.712199707031250000e+02,
6.460592041015625000e+02,
6.718862915039062500e+02,
7.091813354492187500e+02,
7.160830078125000000e+02,
7.663020629882812500e+02,
7.814127197265625000e+02,
7.898179931640625000e+02,
6.933476562500000000e+02,
6.540997314453125000e+02,
6.298118286132812500e+02,
6.063269042968750000e+02,
6.064235839843750000e+02,
5.586190185546875000e+02,
5.979072265625000000e+02,
6.136866455078125000e+02,
6.331806030273437500e+02,
6.379627685546875000e+02,
6.278659057617187500e+02,
6.289460449218750000e+02,
5.997367553710937500e+02,
6.583214721679687500e+02,
6.065949707031250000e+02,
6.373194580078125000e+02,
6.262166748046875000e+02,
6.174151611328125000e+02,
6.009890136718750000e+02,
6.120734252929687500e+02,
5.831392211914062500e+02,
6.318892211914062500e+02,
6.065869140625000000e+02,
5.848085327148437500e+02,
5.841155395507812500e+02,
5.587650146484375000e+02,
5.440728759765625000e+02,
5.310437011718750000e+02,
5.289267578125000000e+02,
5.205045776367187500e+02,
5.251672973632812500e+02,
5.412190551757812500e+02,
5.636541137695312500e+02,
5.597515869140625000e+02,
5.517595825195312500e+02,
5.197274169921875000e+02,
5.100784912109375000e+02,
4.621278686523437500e+02,
4.913799438476562500e+02,
4.595436401367187500e+02,
3.842704467773437500e+02,
3.365823364257812500e+02,
3.055827026367187500e+02,
2.762008666992187500e+02,
2.717774963378906250e+02,
2.705244140625000000e+02,
2.940667724609375000e+02,
2.828966979980468750e+02,
2.943647460937500000e+02,
3.043552246093750000e+02,
3.299773864746093750e+02,
3.387747802734375000e+02,
3.472433166503906250e+02,
3.563327026367187500e+02,
3.436423034667968750e+02,
3.683186340332031250e+02,
3.628116455078125000e+02,
3.501050720214843750e+02,
3.364368286132812500e+02,
3.427102966308593750e+02,
3.549837341308593750e+02,
3.494430541992187500e+02,
3.660583190917968750e+02,
3.804848022460937500e+02,
3.397646484375000000e+02,
3.573998413085937500e+02,
3.045531616210937500e+02,
3.003123779296875000e+02,
3.177845764160156250e+02,
3.005238647460937500e+02,
2.755344848632812500e+02,
2.596680603027343750e+02,
2.770372619628906250e+02,
2.516601867675781250e+02,
2.317214508056640625e+02,
2.266998138427734375e+02,
2.451679840087890625e+02,
2.310827026367187500e+02,
2.224771423339843750e+02,
2.227600250244140625e+02,
2.206305389404296875e+02,
2.571451721191406250e+02,
2.345595550537109375e+02,
2.394939117431640625e+02,
2.059206695556640625e+02,
2.169047241210937500e+02,
2.436367645263671875e+02,
2.171911315917968750e+02,
2.088806152343750000e+02,
2.306062316894531250e+02,
2.304241790771484375e+02,
2.294265441894531250e+02,
2.858399047851562500e+02,
2.492530517578125000e+02,
2.332062988281250000e+02,
2.587067260742187500e+02,
2.426809234619140625e+02,
2.189648284912109375e+02,
2.097264404296875000e+02,
2.179942626953125000e+02,
2.340155334472656250e+02,
1.971522674560546875e+02,
2.204779968261718750e+02,
1.957886962890625000e+02,
1.989368896484375000e+02,
2.038973846435546875e+02,
1.948282928466796875e+02,
1.997112579345703125e+02,
2.219231872558593750e+02,
2.190554046630859375e+02,
2.031818695068359375e+02,
1.910674591064453125e+02,
2.241858825683593750e+02,
2.282494659423828125e+02,
2.415007324218750000e+02,
2.540841217041015625e+02,
2.720172729492187500e+02,
2.677474670410156250e+02,
2.674276123046875000e+02,
2.709213256835937500e+02,
2.790971984863281250e+02,
2.649773864746093750e+02,
2.802064208984375000e+02,
2.424902954101562500e+02,
2.599941406250000000e+02,
2.691029663085937500e+02,
2.679902954101562500e+02,
2.663541870117187500e+02,
3.096217346191406250e+02,
2.972987670898437500e+02,
2.903384704589843750e+02,
2.905908508300781250e+02,
2.783023376464843750e+02,
2.950418701171875000e+02,
2.828389892578125000e+02,
2.593187561035156250e+02,
2.452635650634765625e+02,
2.323872222900390625e+02,
2.296993560791015625e+02,
2.167103576660156250e+02,
2.127475891113281250e+02,
2.119665374755859375e+02,
2.275269470214843750e+02,
2.000801391601562500e+02,
1.960774230957031250e+02,
2.205669555664062500e+02,
2.192326965332031250e+02,
2.249705963134765625e+02,
2.554062957763671875e+02,
2.814324035644531250e+02,
2.616072692871093750e+02,
2.791635131835937500e+02,
2.979430541992187500e+02,
3.001925048828125000e+02,
3.179990844726562500e+02,
3.284862060546875000e+02,
3.209352111816406250e+02,
3.360018615722656250e+02,
3.236095886230468750e+02,
3.326299743652343750e+02,
3.139376831054687500e+02,
3.094671630859375000e+02,
2.903951721191406250e+02,
2.723346862792968750e+02,
2.900333251953125000e+02,
2.669592285156250000e+02,
2.640413818359375000e+02,
2.686439819335937500e+02,
2.661068115234375000e+02,
2.747832641601562500e+02,
2.516010437011718750e+02,
2.604195556640625000e+02,
2.704487915039062500e+02,
2.748762817382812500e+02,
2.897002563476562500e+02,
2.943231811523437500e+02,
3.197689208984375000e+02,
2.868106689453125000e+02,
2.947584533691406250e+02,
3.101958312988281250e+02,
2.760415344238281250e+02,
2.678221130371093750e+02,
2.887055053710937500e+02,
3.024151306152343750e+02,
2.874490661621093750e+02,
2.983423767089843750e+02,
2.811568298339843750e+02,
2.729765014648437500e+02,
2.761265869140625000e+02,
2.704492187500000000e+02,
2.760135498046875000e+02,
2.394755554199218750e+02,
2.380131072998046875e+02,
2.381530151367187500e+02,
2.355021820068359375e+02,
2.553055114746093750e+02,
2.346600036621093750e+02,
2.378899688720703125e+02,
2.236824645996093750e+02,
2.155287475585937500e+02,
2.243498840332031250e+02,
2.538735198974609375e+02,
2.527226867675781250e+02,
2.419068756103515625e+02,
2.428600006103515625e+02,
2.655304260253906250e+02,
2.891566162109375000e+02,
2.638359985351562500e+02,
2.655856628417968750e+02,
2.548562164306640625e+02,
2.787899169921875000e+02,
2.525149230957031250e+02,
2.449522399902343750e+02,
2.210470275878906250e+02,
2.445539703369140625e+02,
2.333287658691406250e+02,
2.292652282714843750e+02,
2.213336791992187500e+02,
2.122050781250000000e+02,
2.350873870849609375e+02,
2.770226135253906250e+02,
2.655060424804687500e+02,
2.889635925292968750e+02,
2.927652587890625000e+02,
3.209423522949218750e+02,
3.150404357910156250e+02,
3.133046569824218750e+02,
3.080160217285156250e+02,
3.270854492187500000e+02,
3.416226806640625000e+02,
3.712533874511718750e+02,
3.992247009277343750e+02,
4.291539916992187500e+02,
4.179161376953125000e+02,
4.127251892089843750e+02,
3.977861328125000000e+02,
4.196492004394531250e+02,
4.399610290527343750e+02,
4.269104919433593750e+02,
4.248186950683593750e+02,
4.132934570312500000e+02,
4.099934082031250000e+02,
4.218764953613281250e+02,
4.654836120605468750e+02,
4.441683349609375000e+02,
4.530337219238281250e+02,
4.549784240722656250e+02,
4.447100524902343750e+02,
4.478070068359375000e+02,
4.285502319335937500e+02,
4.170579833984375000e+02,
4.300226135253906250e+02,
3.624206848144531250e+02,
3.319575195312500000e+02,
2.681246643066406250e+02,
2.488181457519531250e+02,
2.097976837158203125e+02,
1.770784606933593750e+02,
1.623159179687500000e+02,
1.650274658203125000e+02,
1.569516448974609375e+02,
1.528518829345703125e+02,
1.332584838867187500e+02,
1.481143341064453125e+02,
1.498631896972656250e+02,
1.826585388183593750e+02,
1.558812103271484375e+02,
1.477246398925781250e+02,
1.342841033935546875e+02,
1.489450988769531250e+02,
1.519168548583984375e+02,
1.460808258056640625e+02,
1.374623260498046875e+02,
1.363022308349609375e+02,
1.386672058105468750e+02,
1.618872680664062500e+02,
1.377622222900390625e+02,
1.578135070800781250e+02,
1.291365356445312500e+02,
1.357359619140625000e+02,
1.280504608154296875e+02,
1.357207946777343750e+02,
1.419895477294921875e+02,
1.281787109375000000e+02,
1.266341247558593750e+02,
1.362068939208984375e+02,
1.363785552978515625e+02,
1.314350128173828125e+02,
1.442231903076171875e+02,
1.378967590332031250e+02,
1.210152282714843750e+02,
1.309716796875000000e+02,
1.233491516113281250e+02,
1.559427032470703125e+02,
1.381519622802734375e+02,
1.934266815185546875e+02,
1.396743927001953125e+02,
1.262111206054687500e+02,
1.314191741943359375e+02,
1.545528411865234375e+02,
1.594747009277343750e+02,
1.727131652832031250e+02,
1.680816650390625000e+02,
1.378605499267578125e+02,
1.576256866455078125e+02,
1.699066162109375000e+02,
1.709782257080078125e+02,
1.695867919921875000e+02,
1.934878997802734375e+02,
1.780207672119140625e+02,
1.907710113525390625e+02,
1.878521575927734375e+02,
1.850153656005859375e+02,
1.843266601562500000e+02,
2.014650726318359375e+02,
1.910969543457031250e+02,
2.107203063964843750e+02,
2.127355651855468750e+02,
2.311559448242187500e+02,
2.433433227539062500e+02,
2.197580566406250000e+02,
2.090306854248046875e+02,
2.053669128417968750e+02,
2.137637329101562500e+02,
2.134747009277343750e+02,
2.025422210693359375e+02,
2.151769256591796875e+02,
2.011834716796875000e+02,
2.260698547363281250e+02,
2.313730468750000000e+02,
2.220535278320312500e+02,
2.225827941894531250e+02,
2.358249511718750000e+02,
2.169338684082031250e+02,
2.305563049316406250e+02,
2.165090026855468750e+02,
2.402974090576171875e+02,
2.136381988525390625e+02,
2.141140899658203125e+02,
1.961374969482421875e+02,
1.752210235595703125e+02,
1.718988647460937500e+02,
1.835243682861328125e+02,
1.989865264892578125e+02,
1.981264801025390625e+02,
1.693213653564453125e+02,
1.850845947265625000e+02,
1.670511016845703125e+02,
1.644387969970703125e+02,
1.615000610351562500e+02,
1.639652252197265625e+02,
1.384204559326171875e+02,
1.534084014892578125e+02,
1.549526672363281250e+02,
1.482596130371093750e+02,
1.640943298339843750e+02,
1.854898071289062500e+02,
1.771752471923828125e+02,
1.854981079101562500e+02,
1.830764617919921875e+02,
1.728506164550781250e+02,
1.528752441406250000e+02,
1.362492218017578125e+02,
1.342501831054687500e+02,
1.297257385253906250e+02,
1.355895385742187500e+02,
1.147873306274414062e+02,
1.248037490844726562e+02,
1.242031555175781250e+02,
1.142677154541015625e+02,
1.413020629882812500e+02,
1.226474914550781250e+02,
1.227968063354492188e+02,
1.217060546875000000e+02,
1.169329986572265625e+02,
1.141079788208007812e+02,
1.222888793945312500e+02,
1.023646240234375000e+02,
1.107478790283203125e+02,
1.099118652343750000e+02,
1.117973251342773438e+02,
1.428804016113281250e+02,
1.069827651977539062e+02,
1.060506515502929688e+02,
1.083914108276367188e+02,
1.233326644897460938e+02,
1.561169128417968750e+02,
1.618341522216796875e+02,
1.262388534545898438e+02,
1.112478103637695312e+02,
1.111713867187500000e+02,
1.250449981689453125e+02,
1.571172790527343750e+02,
1.331676940917968750e+02,
1.134810180664062500e+02,
1.092487182617187500e+02,
1.213746185302734375e+02,
1.391880493164062500e+02,
1.092034454345703125e+02,
1.070798263549804688e+02,
1.089505233764648438e+02,
1.147185211181640625e+02,
1.483340911865234375e+02,
1.208476867675781250e+02,
1.202907485961914062e+02,
1.009389190673828125e+02,
1.172622909545898438e+02,
1.263130111694335938e+02,
1.339346466064453125e+02,
1.144107971191406250e+02,
1.278276290893554688e+02,
1.186114578247070312e+02,
1.047210540771484375e+02,
1.063968429565429688e+02,
1.087172470092773438e+02,
1.067885055541992188e+02,
1.303466339111328125e+02,
1.096396560668945312e+02,
1.120640258789062500e+02,
1.155298614501953125e+02,
1.085585708618164062e+02,
1.447014617919921875e+02,
1.310910949707031250e+02,
1.127230682373046875e+02,
1.394855804443359375e+02,
1.149312438964843750e+02,
1.324226379394531250e+02,
1.401097412109375000e+02,
1.378108673095703125e+02,
1.317051544189453125e+02,
1.414018707275390625e+02,
1.433755950927734375e+02,
1.683635253906250000e+02,
1.317402648925781250e+02,
1.317787628173828125e+02,
1.440428009033203125e+02,
1.297343139648437500e+02,
1.261224288940429688e+02,
1.392338104248046875e+02,
1.321444396972656250e+02,
1.373571624755859375e+02,
1.346929626464843750e+02,
1.442235260009765625e+02,
1.444335174560546875e+02,
1.421150360107421875e+02,
1.379344024658203125e+02,
1.388682708740234375e+02,
1.685837860107421875e+02,
1.497984466552734375e+02,
1.389154205322265625e+02,
1.628813323974609375e+02,
1.549598846435546875e+02,
1.988667144775390625e+02,
1.817084045410156250e+02,
2.300892333984375000e+02,
2.004955291748046875e+02,
1.728354034423828125e+02,
1.853650817871093750e+02,
2.366477813720703125e+02,
1.621052398681640625e+02,
1.822380523681640625e+02,
1.792855072021484375e+02,
1.731578674316406250e+02,
1.619945373535156250e+02,
1.678255920410156250e+02,
1.725872955322265625e+02,
1.723221435546875000e+02,
1.709007720947265625e+02,
1.628961791992187500e+02,
1.634517822265625000e+02,
2.043271942138671875e+02,
1.939133453369140625e+02,
1.830479125976562500e+02,
1.620652770996093750e+02,
2.025593109130859375e+02,
1.824881896972656250e+02,
1.819098358154296875e+02,
6.100360717773437500e+02,
5.189017944335937500e+02,
5.226909790039062500e+02,
5.313518676757812500e+02,
4.883122558593750000e+02,
4.734980163574218750e+02,
4.448763732910156250e+02,
4.398866271972656250e+02,
4.395357055664062500e+02,
3.920411071777343750e+02,
3.623981323242187500e+02,
3.445337829589843750e+02,
3.167050781250000000e+02,
3.129577026367187500e+02,
3.116192321777343750e+02,
3.173948059082031250e+02,
3.325985412597656250e+02,
3.399296264648437500e+02,
3.639276123046875000e+02,
3.656494445800781250e+02,
3.400163574218750000e+02,
3.564927062988281250e+02,
3.152729797363281250e+02,
3.457432556152343750e+02,
3.719594421386718750e+02,
3.731693725585937500e+02,
3.933164367675781250e+02,
4.280340881347656250e+02,
4.729209289550781250e+02,
5.556438598632812500e+02,
5.897915649414062500e+02,
5.890479125976562500e+02,
6.343598632812500000e+02,
5.671806640625000000e+02,
6.143408203125000000e+02,
6.578628540039062500e+02,
7.855533447265625000e+02,
8.836433105468750000e+02,
9.948256835937500000e+02,
1.068446166992187500e+03,
1.160076293945312500e+03,
1.221407226562500000e+03,
1.207047607421875000e+03,
1.243854736328125000e+03,
1.288719116210937500e+03,
1.213534667968750000e+03,
1.120732543945312500e+03,
1.163675415039062500e+03,
1.112168334960937500e+03,
9.362708740234375000e+02,
8.340894775390625000e+02,
7.751579589843750000e+02,
7.553925781250000000e+02,
7.354533081054687500e+02,
7.152927856445312500e+02,
7.367123413085937500e+02,
7.022890014648437500e+02,
6.746691284179687500e+02,
6.343904418945312500e+02,
6.730579223632812500e+02,
6.774288330078125000e+02,
7.360368652343750000e+02,
7.844204101562500000e+02,
8.172055664062500000e+02,
8.552689819335937500e+02,
8.550163574218750000e+02,
8.097928466796875000e+02,
7.729718627929687500e+02,
7.218452758789062500e+02,
6.662363281250000000e+02,
6.405775756835937500e+02,
5.828628540039062500e+02,
5.791641845703125000e+02,
5.618815307617187500e+02,
5.293280639648437500e+02,
6.426406860351562500e+02,
6.226950073242187500e+02,
5.653386230468750000e+02,
5.533159790039062500e+02,
5.090764770507812500e+02,
5.113671264648437500e+02,
5.216193237304687500e+02,
5.267727050781250000e+02,
5.668963623046875000e+02,
5.893942260742187500e+02,
5.338165893554687500e+02,
5.620794067382812500e+02,
6.110048828125000000e+02,
6.094787597656250000e+02,
6.426101074218750000e+02,
6.580332031250000000e+02,
7.154206542968750000e+02,
7.982426757812500000e+02,
8.101737060546875000e+02,
8.104199829101562500e+02,
8.794429321289062500e+02,
8.633676757812500000e+02,
8.398012084960937500e+02,
8.425515747070312500e+02,
8.776776733398437500e+02,
8.394313354492187500e+02,
7.117608642578125000e+02,
7.174853515625000000e+02,
7.187371826171875000e+02,
7.102287597656250000e+02,
7.115024414062500000e+02,
6.875200805664062500e+02,
6.999495239257812500e+02,
6.867943725585937500e+02,
6.563689575195312500e+02,
6.429893188476562500e+02,
6.438622436523437500e+02,
6.953421630859375000e+02,
5.809539794921875000e+02,
5.919191894531250000e+02,
6.037153320312500000e+02,
5.856127929687500000e+02,
5.703006591796875000e+02,
5.090576171875000000e+02,
4.655895996093750000e+02,
4.182787475585937500e+02,
3.325435180664062500e+02,
2.897156677246093750e+02,
3.116997375488281250e+02,
3.279087219238281250e+02,
3.675443725585937500e+02,
3.722269287109375000e+02,
3.926632080078125000e+02,
3.862572937011718750e+02,
4.039120483398437500e+02,
4.071037597656250000e+02,
3.720799865722656250e+02,
3.822127685546875000e+02,
3.385299682617187500e+02,
2.908114318847656250e+02,
2.923166809082031250e+02,
2.549676818847656250e+02,
2.262232818603515625e+02,
2.278298034667968750e+02,
2.365178680419921875e+02,
2.307045745849609375e+02,
2.332566375732421875e+02,
2.111307525634765625e+02,
2.378749694824218750e+02,
2.487045593261718750e+02,
2.273903656005859375e+02,
2.251488189697265625e+02,
2.673419799804687500e+02,
2.131366119384765625e+02,
2.185065765380859375e+02,
2.094268188476562500e+02,
2.001131286621093750e+02,
2.183718261718750000e+02,
1.997825164794921875e+02,
1.997702178955078125e+02,
2.220499877929687500e+02,
2.416294250488281250e+02,
2.595437927246093750e+02,
2.572424926757812500e+02,
2.680502319335937500e+02,
2.865093688964843750e+02,
2.794129638671875000e+02,
2.945362243652343750e+02,
3.014145507812500000e+02,
3.167599792480468750e+02,
3.173051452636718750e+02,
2.840169372558593750e+02,
2.762440490722656250e+02,
2.752296752929687500e+02,
2.387762756347656250e+02,
2.246629028320312500e+02,
2.134792175292968750e+02,
2.310603485107421875e+02,
2.433795318603515625e+02,
2.859888000488281250e+02,
3.077084350585937500e+02,
3.312977905273437500e+02,
3.180538635253906250e+02,
3.209187011718750000e+02,
3.394936218261718750e+02,
3.338486938476562500e+02,
3.076967773437500000e+02,
2.948096923828125000e+02,
2.736005859375000000e+02,
2.855522766113281250e+02,
2.766497192382812500e+02,
3.174491271972656250e+02,
3.037413024902343750e+02,
3.350930480957031250e+02,
3.316383056640625000e+02,
3.075322265625000000e+02,
3.137131958007812500e+02,
3.164949951171875000e+02,
3.020734252929687500e+02,
2.927750549316406250e+02,
2.780728454589843750e+02,
2.879878845214843750e+02,
2.540140075683593750e+02,
2.611996765136718750e+02,
2.483616943359375000e+02,
2.649822387695312500e+02,
2.627966003417968750e+02,
2.761507263183593750e+02,
3.228567504882812500e+02,
2.750110168457031250e+02,
2.854291992187500000e+02,
2.724499511718750000e+02,
2.631938781738281250e+02,
2.690759887695312500e+02,
3.134406738281250000e+02,
3.077558898925781250e+02,
3.016731567382812500e+02,
3.278233642578125000e+02,
3.711077880859375000e+02,
3.880930786132812500e+02,
3.920256652832031250e+02,
4.158602905273437500e+02,
4.257477111816406250e+02,
4.413525390625000000e+02,
4.606255187988281250e+02,
4.666063232421875000e+02,
4.957580261230468750e+02,
4.739984436035156250e+02,
4.736870117187500000e+02,
4.190956420898437500e+02,
3.804702758789062500e+02,
3.383605346679687500e+02,
2.645574645996093750e+02,
2.150523223876953125e+02,
1.799949340820312500e+02,
1.653698272705078125e+02,
1.839451904296875000e+02,
1.567350006103515625e+02,
1.764340667724609375e+02,
1.424750213623046875e+02,
1.327209014892578125e+02,
1.566730346679687500e+02,
1.557277526855468750e+02,
1.497172088623046875e+02,
1.380126647949218750e+02,
1.336626129150390625e+02,
1.400297393798828125e+02,
1.278518829345703125e+02,
1.172091674804687500e+02,
1.266690216064453125e+02,
1.342013549804687500e+02,
1.252567062377929688e+02,
1.257291488647460938e+02,
1.291717376708984375e+02,
1.428302001953125000e+02,
1.437364044189453125e+02,
1.840122528076171875e+02,
1.676809997558593750e+02,
1.630368347167968750e+02,
1.802860107421875000e+02,
2.151426849365234375e+02,
1.962392730712890625e+02,
2.057673645019531250e+02,
2.368760986328125000e+02,
2.425035400390625000e+02,
2.791523742675781250e+02,
2.391020507812500000e+02,
2.623388061523437500e+02,
2.626174926757812500e+02,
2.681189880371093750e+02,
3.051559448242187500e+02,
2.907453308105468750e+02,
2.892348632812500000e+02,
2.520483703613281250e+02,
2.385953521728515625e+02,
2.121073760986328125e+02,
2.002125091552734375e+02,
2.172292022705078125e+02,
1.799715118408203125e+02,
1.728108367919921875e+02,
1.854307403564453125e+02,
1.783106384277343750e+02,
1.779460906982421875e+02,
2.147122802734375000e+02,
1.790440216064453125e+02,
1.748023681640625000e+02,
1.546774444580078125e+02,
1.463288269042968750e+02,
1.403804473876953125e+02,
1.349527587890625000e+02,
1.259914093017578125e+02,
1.136641998291015625e+02,
1.111666259765625000e+02,
1.167621078491210938e+02,
1.242922668457031250e+02,
1.182387084960937500e+02,
1.088354034423828125e+02,
1.339635467529296875e+02,
1.247168273925781250e+02,
1.320080261230468750e+02,
1.339207458496093750e+02,
1.149801330566406250e+02,
1.100452575683593750e+02,
1.147061614990234375e+02,
1.046967315673828125e+02,
1.177129669189453125e+02,
1.115195083618164062e+02,
1.011336593627929688e+02,
1.213464813232421875e+02,
9.252416229248046875e+01,
1.023796920776367188e+02,
9.855048370361328125e+01,
1.269640579223632812e+02,
9.937445831298828125e+01,
9.736327362060546875e+01,
1.081704177856445312e+02,
1.106763610839843750e+02,
1.491545104980468750e+02,
1.327142486572265625e+02,
1.393004608154296875e+02,
1.726289062500000000e+02,
1.545673980712890625e+02,
1.413739166259765625e+02,
1.368638153076171875e+02,
1.363221435546875000e+02,
1.298421783447265625e+02,
1.329164581298828125e+02,
1.390872955322265625e+02,
1.521432647705078125e+02,
1.725377502441406250e+02,
1.647569732666015625e+02,
1.788207092285156250e+02,
2.056255798339843750e+02,
1.844486389160156250e+02,
1.890626068115234375e+02,
1.846346893310546875e+02,
1.801337280273437500e+02,
1.778567047119140625e+02,
1.722399444580078125e+02,
1.668294525146484375e+02,
1.800655364990234375e+02,
1.875217132568359375e+02,
5.972607421875000000e+02,
5.819087524414062500e+02,
6.029577026367187500e+02,
5.244564208984375000e+02,
4.705507812500000000e+02,
4.351614990234375000e+02,
4.095252075195312500e+02,
3.664594726562500000e+02,
3.561076965332031250e+02,
3.539550170898437500e+02,
3.803674316406250000e+02,
3.681232910156250000e+02,
3.828271179199218750e+02,
3.928737792968750000e+02,
3.801809997558593750e+02,
3.845828552246093750e+02,
4.508022460937500000e+02,
4.726366577148437500e+02,
5.673391113281250000e+02,
6.369371337890625000e+02,
6.127052612304687500e+02,
6.618574218750000000e+02,
7.288808593750000000e+02,
8.459497070312500000e+02,
1.028402099609375000e+03,
1.167601074218750000e+03,
1.325363281250000000e+03,
1.340177368164062500e+03,
1.432574584960937500e+03,
1.404201660156250000e+03,
1.339790039062500000e+03,
1.316010620117187500e+03,
1.163560180664062500e+03,
9.278163452148437500e+02,
8.694595336914062500e+02,
8.235444335937500000e+02,
8.030690917968750000e+02,
7.943744506835937500e+02,
7.681135253906250000e+02,
7.657244262695312500e+02,
8.625014648437500000e+02,
8.606872558593750000e+02,
9.008093872070312500e+02,
9.637844238281250000e+02,
8.553980712890625000e+02,
8.239509887695312500e+02,
6.928844604492187500e+02,
6.888590087890625000e+02,
6.303728637695312500e+02,
6.289372558593750000e+02,
6.272322998046875000e+02,
6.356134033203125000e+02,
6.089476318359375000e+02,
6.264670410156250000e+02,
6.056012573242187500e+02,
6.230402832031250000e+02,
6.820698852539062500e+02,
6.582304077148437500e+02,
6.962811889648437500e+02,
7.595674438476562500e+02,
9.548350219726562500e+02,
9.509412231445312500e+02,
9.753175659179687500e+02,
1.098874633789062500e+03,
1.002655334472656250e+03,
9.597856445312500000e+02,
9.491007080078125000e+02,
8.991433105468750000e+02,
8.100760498046875000e+02,
8.146677246093750000e+02,
7.820371093750000000e+02,
7.668419799804687500e+02,
7.734520263671875000e+02,
7.584816284179687500e+02,
6.932463989257812500e+02,
6.795709838867187500e+02,
6.839053344726562500e+02,
6.053491821289062500e+02,
5.211143188476562500e+02,
4.446167602539062500e+02,
3.780337219238281250e+02,
3.476087951660156250e+02,
3.564179077148437500e+02,
3.786830749511718750e+02,
4.031290588378906250e+02,
4.352530517578125000e+02,
4.138843383789062500e+02,
3.892209777832031250e+02,
3.291385192871093750e+02,
3.158829650878906250e+02,
2.757701110839843750e+02,
2.712406311035156250e+02,
2.538106231689453125e+02,
2.342105560302734375e+02,
2.340451049804687500e+02,
2.267830352783203125e+02,
2.473551025390625000e+02,
2.347648468017578125e+02,
2.342845458984375000e+02,
2.186936187744140625e+02,
2.107796325683593750e+02,
3.031721191406250000e+02,
2.350614471435546875e+02,
2.498758544921875000e+02,
2.575397033691406250e+02,
2.675809631347656250e+02,
2.915332336425781250e+02,
3.080617675781250000e+02,
3.103242492675781250e+02,
2.990874938964843750e+02,
3.051328125000000000e+02,
2.712697753906250000e+02,
2.457487182617187500e+02,
2.553625030517578125e+02,
2.439931640625000000e+02,
2.730152587890625000e+02,
3.621673278808593750e+02,
3.490389404296875000e+02,
3.538575134277343750e+02,
3.314944152832031250e+02,
3.079322814941406250e+02,
2.958593444824218750e+02,
3.010085754394531250e+02,
2.877098999023437500e+02,
3.007028808593750000e+02,
3.138123474121093750e+02,
3.271034545898437500e+02,
3.394224548339843750e+02,
3.479347839355468750e+02,
3.243431091308593750e+02,
3.034430541992187500e+02,
2.742719726562500000e+02,
2.752578125000000000e+02,
2.702599487304687500e+02,
2.774285583496093750e+02,
2.828464050292968750e+02,
2.947460021972656250e+02,
2.995850219726562500e+02,
3.220215454101562500e+02,
3.105856323242187500e+02,
3.400232238769531250e+02,
3.858905334472656250e+02,
3.946762695312500000e+02,
4.204050598144531250e+02,
4.219610595703125000e+02,
4.659285583496093750e+02,
5.176772460937500000e+02,
5.111153869628906250e+02,
4.513934020996093750e+02,
3.913303527832031250e+02,
3.311784362792968750e+02,
2.908649902343750000e+02,
1.940939788818359375e+02,
1.686427154541015625e+02,
1.432932891845703125e+02,
1.905201110839843750e+02,
1.499304962158203125e+02,
1.477292175292968750e+02,
1.348931427001953125e+02,
1.568096008300781250e+02,
1.317519378662109375e+02,
1.465391235351562500e+02,
1.370206146240234375e+02,
1.435348968505859375e+02,
1.339883728027343750e+02,
1.555323181152343750e+02,
1.628450775146484375e+02,
1.961878967285156250e+02,
1.759101562500000000e+02,
2.161356353759765625e+02,
2.297595825195312500e+02,
2.463813781738281250e+02,
2.570196228027343750e+02,
2.939117736816406250e+02,
2.929679565429687500e+02,
2.988273620605468750e+02,
3.230356445312500000e+02,
3.023648681640625000e+02,
2.695543823242187500e+02,
2.453536224365234375e+02,
2.551139221191406250e+02,
2.117294616699218750e+02,
2.245783843994140625e+02,
1.978776702880859375e+02,
2.054517669677734375e+02,
1.855342102050781250e+02,
1.915191345214843750e+02,
1.455901947021484375e+02,
1.422585906982421875e+02,
1.366619110107421875e+02,
1.170249557495117188e+02,
1.094479370117187500e+02,
1.066625137329101562e+02,
1.163958511352539062e+02,
1.173260803222656250e+02,
1.129401931762695312e+02,
1.290423583984375000e+02,
1.256867752075195312e+02,
1.108579788208007812e+02,
1.261921691894531250e+02,
1.268024902343750000e+02,
1.145074768066406250e+02,
1.038238067626953125e+02,
1.049803161621093750e+02,
1.263491287231445312e+02,
1.103785400390625000e+02,
1.251829605102539062e+02,
1.289251556396484375e+02,
1.312943572998046875e+02,
1.299577484130859375e+02,
1.492255554199218750e+02,
1.322349243164062500e+02,
1.346361083984375000e+02,
1.552623596191406250e+02,
1.506928863525390625e+02,
1.769133453369140625e+02,
1.801163635253906250e+02,
2.036441040039062500e+02,
1.975518188476562500e+02,
1.955661621093750000e+02,
1.876794586181640625e+02,
1.805070495605468750e+02,
1.876543273925781250e+02,
