2.213672027587890625e+02,
2.145831451416015625e+02,
2.056375427246093750e+02,
2.109898986816406250e+02,
2.126822662353515625e+02,
1.776702270507812500e+02,
1.899075622558593750e+02,
1.691512298583984375e+02,
1.902505340576171875e+02,
1.762969512939453125e+02,
1.664524841308593750e+02,
1.378059844970703125e+02,
1.371421966552734375e+02,
1.297418518066406250e+02,
1.324813079833984375e+02,
1.254171676635742188e+02,
1.458603210449218750e+02,
1.258068771362304688e+02,
1.933671264648437500e+02,
1.519101104736328125e+02,
1.391792602539062500e+02,
1.538701477050781250e+02,
1.274803848266601562e+02,
1.375441284179687500e+02,
1.250055236816406250e+02,
1.441738586425781250e+02,
1.518488311767578125e+02,
1.087262268066406250e+02,
1.094347305297851562e+02,
1.286478271484375000e+02,
1.082043457031250000e+02,
1.079231796264648438e+02,
1.260607681274414062e+02,
9.818581390380859375e+01,
1.093299636840820312e+02,
1.041409301757812500e+02,
1.161785430908203125e+02,
9.862689971923828125e+01,
1.011705017089843750e+02,
1.036184539794921875e+02,
9.699507141113281250e+01,
9.769124603271484375e+01,
1.150390243530273438e+02,
1.552263336181640625e+02,
1.004479980468750000e+02,
1.027199478149414062e+02,
1.124846420288085938e+02,
1.013958206176757812e+02,
1.088119659423828125e+02,
1.196998214721679688e+02,
1.119903564453125000e+02,
1.035340423583984375e+02,
1.006311721801757812e+02,
1.526423645019531250e+02,
9.421443939208984375e+01,
1.177375030517578125e+02,
9.640381622314453125e+01,
9.352149200439453125e+01,
1.042323913574218750e+02,
9.345352935791015625e+01,
1.055946502685546875e+02,
1.369719543457031250e+02,
1.016438751220703125e+02,
1.009220275878906250e+02,
1.039640426635742188e+02,
9.503359985351562500e+01,
9.766370391845703125e+01,
1.133185501098632812e+02,
1.029345932006835938e+02,
1.068492736816406250e+02,
1.001287231445312500e+02,
1.236080856323242188e+02,
1.027407226562500000e+02,
1.026372146606445312e+02,
1.369484100341796875e+02,
1.222347640991210938e+02,
1.008146286010742188e+02,
1.056330184936523438e+02,
1.021406707763671875e+02,
1.017312545776367188e+02,
9.841551208496093750e+01,
9.410774993896484375e+01,
1.152999877929687500e+02,
1.014394912719726562e+02,
1.353617095947265625e+02,
1.159291610717773438e+02,
1.095255584716796875e+02,
1.027081146240234375e+02,
1.012043075561523438e+02,
9.551272583007812500e+01,
1.202506332397460938e+02,
1.022234954833984375e+02,
1.229608459472656250e+02,
1.007468566894531250e+02,
1.127023925781250000e+02,
9.108323669433593750e+01,
1.085583267211914062e+02,
1.160459899902343750e+02,
1.004210662841796875e+02,
1.240949325561523438e+02,
1.048679580688476562e+02,
1.205297851562500000e+02,
1.027794418334960938e+02,
1.054113540649414062e+02,
1.012255401611328125e+02,
1.089267578125000000e+02,
1.193788146972656250e+02,
1.270187835693359375e+02,
1.342539520263671875e+02,
1.398424682617187500e+02,
1.395455017089843750e+02,
1.218214645385742188e+02,
1.312543182373046875e+02,
1.672082366943359375e+02,
1.641162261962890625e+02,
1.446835327148437500e+02,
1.481701660156250000e+02,
1.558371276855468750e+02,
1.320196685791015625e+02,
1.385165100097656250e+02,
1.378548583984375000e+02,
1.252778625488281250e+02,
1.320827331542968750e+02,
1.394671173095703125e+02,
1.451405792236328125e+02,
1.463525238037109375e+02,
1.273683853149414062e+02,
1.196521148681640625e+02,
1.303759765625000000e+02,
1.276982116699218750e+02,
1.254069061279296875e+02,
1.367414245605468750e+02,
1.373761444091796875e+02,
1.903690185546875000e+02,
1.498903808593750000e+02,
1.291579589843750000e+02,
1.209260482788085938e+02,
1.262270126342773438e+02,
1.732732238769531250e+02,
1.253709564208984375e+02,
1.281702728271484375e+02,
1.363672027587890625e+02,
1.317699279785156250e+02,
1.293252105712890625e+02,
1.451761627197265625e+02,
1.826267700195312500e+02,
1.329892425537109375e+02,
1.492847595214843750e+02,
1.350742797851562500e+02,
1.380721130371093750e+02,
1.516880645751953125e+02,
1.405589447021484375e+02,
1.560538177490234375e+02,
1.756646728515625000e+02,
2.061856842041015625e+02,
1.727687530517578125e+02,
1.769392852783203125e+02,
2.098619384765625000e+02,
1.761421508789062500e+02,
1.673619384765625000e+02,
1.594853820800781250e+02,
1.867985992431640625e+02,
1.661940002441406250e+02,
1.657821960449218750e+02,
1.896098785400390625e+02,
1.521314544677734375e+02,
1.490948028564453125e+02,
1.377256469726562500e+02,
1.341652069091796875e+02,
1.461728363037109375e+02,
1.417777099609375000e+02,
1.560445709228515625e+02,
1.556321868896484375e+02,
1.562593078613281250e+02,
1.659259948730468750e+02,
1.832580413818359375e+02,
1.844757843017578125e+02,
1.659299926757812500e+02,
1.808551483154296875e+02,
1.588154907226562500e+02,
2.248323669433593750e+02,
1.857448577880859375e+02,
1.764699401855468750e+02,
1.914644317626953125e+02,
1.924603424072265625e+02,
2.000781402587890625e+02,
2.004041900634765625e+02,
1.885611877441406250e+02,
1.894468841552734375e+02,
1.914562377929687500e+02,
1.903500976562500000e+02,
1.835388793945312500e+02,
1.774764556884765625e+02,
1.651304931640625000e+02,
1.854972686767578125e+02,
1.876549377441406250e+02,
2.161582489013671875e+02,
2.965505371093750000e+02,
2.997038574218750000e+02,
3.203630065917968750e+02,
3.082904968261718750e+02,
3.466105041503906250e+02,
3.441054382324218750e+02,
3.775004882812500000e+02,
3.906083068847656250e+02,
4.421270751953125000e+02,
4.896091613769531250e+02,
5.449071044921875000e+02,
5.964952392578125000e+02,
6.348495483398437500e+02,
6.579035034179687500e+02,
6.665516967773437500e+02,
6.805740966796875000e+02,
7.090400390625000000e+02,
6.829316406250000000e+02,
7.322421875000000000e+02,
7.226719970703125000e+02,
7.556062622070312500e+02,
8.028427734375000000e+02,
8.798096313476562500e+02,
8.902237548828125000e+02,
9.341101074218750000e+02,
9.310007324218750000e+02,
9.171656494140625000e+02,
9.116481933593750000e+02,
9.042523803710937500e+02,
9.330901489257812500e+02,
9.061284179687500000e+02,
8.708840942382812500e+02,
8.367951049804687500e+02,
7.668145751953125000e+02,
7.716396484375000000e+02,
7.284354858398437500e+02,
7.239946899414062500e+02,
6.932481689453125000e+02,
6.861745605468750000e+02,
6.636040039062500000e+02,
6.977979736328125000e+02,
6.939990234375000000e+02,
7.048682861328125000e+02,
7.640325927734375000e+02,
7.639737548828125000e+02,
7.677996215820312500e+02,
7.882485351562500000e+02,
7.162486572265625000e+02,
6.934477539062500000e+02,
5.974325561523437500e+02,
5.786182250976562500e+02,
5.827872314453125000e+02,
5.999904785156250000e+02,
5.361566772460937500e+02,
5.170098266601562500e+02,
5.040788269042968750e+02,
5.029971618652343750e+02,
4.732127380371093750e+02,
4.906521301269531250e+02,
5.142035522460937500e+02,
5.039805908203125000e+02,
5.269719848632812500e+02,
5.236737670898437500e+02,
4.937002563476562500e+02,
4.633643188476562500e+02,
4.422228698730468750e+02,
4.312871093750000000e+02,
4.115357666015625000e+02,
4.017273254394531250e+02,
3.997264709472656250e+02,
3.943435668945312500e+02,
4.002995605468750000e+02,
3.922107543945312500e+02,
3.856774902343750000e+02,
4.276200256347656250e+02,
3.623176574707031250e+02,
3.723194885253906250e+02,
3.638908691406250000e+02,
3.773259887695312500e+02,
3.541370544433593750e+02,
4.178755493164062500e+02,
3.678829040527343750e+02,
3.658971862792968750e+02,
3.263078918457031250e+02,
3.230723266601562500e+02,
3.397355957031250000e+02,
3.453682861328125000e+02,
3.466876525878906250e+02,
3.575496826171875000e+02,
3.841736450195312500e+02,
3.697318725585937500e+02,
3.836013183593750000e+02,
3.460354919433593750e+02,
3.380278015136718750e+02,
3.462504577636718750e+02,
2.929607849121093750e+02,
3.306059570312500000e+02,
2.746276855468750000e+02,
2.905596008300781250e+02,
2.517377929687500000e+02,
2.420450134277343750e+02,
2.599451904296875000e+02,
2.438506927490234375e+02,
2.338008575439453125e+02,
2.724116516113281250e+02,
2.905839233398437500e+02,
2.689851684570312500e+02,
2.807423706054687500e+02,
2.482133331298828125e+02,
2.921412048339843750e+02,
2.883458251953125000e+02,
2.853937988281250000e+02,
2.643588867187500000e+02,
2.688448181152343750e+02,
2.845360107421875000e+02,
2.613820495605468750e+02,
2.624754638671875000e+02,
2.833053588867187500e+02,
2.709644165039062500e+02,
2.731138000488281250e+02,
2.860973510742187500e+02,
2.857713623046875000e+02,
2.573159790039062500e+02,
2.605182189941406250e+02,
2.682275390625000000e+02,
2.715716247558593750e+02,
2.760237731933593750e+02,
2.564177856445312500e+02,
2.643796997070312500e+02,
2.578484497070312500e+02,
2.698839416503906250e+02,
2.676156311035156250e+02,
2.554262084960937500e+02,
3.134628906250000000e+02,
2.645361328125000000e+02,
2.627208251953125000e+02,
2.799743347167968750e+02,
2.699868164062500000e+02,
3.149819946289062500e+02,
2.986097106933593750e+02,
2.978882141113281250e+02,
2.807746276855468750e+02,
2.702739562988281250e+02,
2.716799621582031250e+02,
2.897096252441406250e+02,
2.698937072753906250e+02,
2.912636718750000000e+02,
2.829299621582031250e+02,
2.837950439453125000e+02,
3.042128906250000000e+02,
2.788109436035156250e+02,
2.762865295410156250e+02,
3.001050415039062500e+02,
3.252681274414062500e+02,
3.151290283203125000e+02,
3.164283447265625000e+02,
2.998102111816406250e+02,
3.388117370605468750e+02,
3.018854675292968750e+02,
2.950043029785156250e+02,
2.525218200683593750e+02,
2.627049865722656250e+02,
2.550778198242187500e+02,
2.569372863769531250e+02,
3.141846313476562500e+02,
3.135892028808593750e+02,
3.023031311035156250e+02,
2.861399230957031250e+02,
2.910111694335937500e+02,
2.786991577148437500e+02,
2.704287719726562500e+02,
2.434554443359375000e+02,
2.474690093994140625e+02,
2.391886596679687500e+02,
2.188934020996093750e+02,
2.654074401855468750e+02,
2.391680145263671875e+02,
2.390460968017578125e+02,
2.348815917968750000e+02,
2.387464752197265625e+02,
2.496938171386718750e+02,
2.570355834960937500e+02,
2.688763427734375000e+02,
2.674190979003906250e+02,
2.663631591796875000e+02,
2.641077575683593750e+02,
2.624942016601562500e+02,
2.416583251953125000e+02,
2.519280700683593750e+02,
2.632472534179687500e+02,
2.721884155273437500e+02,
2.372693634033203125e+02,
2.436892395019531250e+02,
2.233195343017578125e+02,
2.370693511962890625e+02,
2.440952758789062500e+02,
2.391249542236328125e+02,
2.564146728515625000e+02,
2.453070220947265625e+02,
2.773966369628906250e+02,
2.409300537109375000e+02,
2.673224792480468750e+02,
2.417765197753906250e+02,
2.395305328369140625e+02,
2.605445251464843750e+02,
2.245066375732421875e+02,
2.370395050048828125e+02,
2.272477569580078125e+02,
2.316855468750000000e+02,
2.304173278808593750e+02,
2.442566833496093750e+02,
2.579723815917968750e+02,
2.562678222656250000e+02,
2.490742187500000000e+02,
2.710712585449218750e+02,
2.565506591796875000e+02,
2.942343444824218750e+02,
2.973559265136718750e+02,
3.130864562988281250e+02,
3.566568603515625000e+02,
3.225580139160156250e+02,
3.263343811035156250e+02,
3.143765869140625000e+02,
2.913423461914062500e+02,
2.924742126464843750e+02,
3.010582580566406250e+02,
2.800740051269531250e+02,
2.935788574218750000e+02,
2.991125793457031250e+02,
2.848751525878906250e+02,
3.003041381835937500e+02,
3.259633789062500000e+02,
2.887821044921875000e+02,
2.900070190429687500e+02,
2.932817993164062500e+02,
2.896602478027343750e+02,
2.955210876464843750e+02,
3.079121704101562500e+02,
2.931975097656250000e+02,
3.180762329101562500e+02,
2.973539428710937500e+02,
2.870388793945312500e+02,
2.794212036132812500e+02,
3.349909667968750000e+02,
2.629302368164062500e+02,
2.794273986816406250e+02,
2.837329711914062500e+02,
3.089693908691406250e+02,
2.795217285156250000e+02,
3.211646118164062500e+02,
2.793841857910156250e+02,
2.989127197265625000e+02,
3.197405700683593750e+02,
3.103538513183593750e+02,
3.269884033203125000e+02,
3.253183593750000000e+02,
3.557472229003906250e+02,
3.693581848144531250e+02,
4.125695495605468750e+02,
4.180437011718750000e+02,
4.392479553222656250e+02,
4.679968872070312500e+02,
4.548449707031250000e+02,
5.081997375488281250e+02,
4.768853759765625000e+02,
4.972070922851562500e+02,
5.029902038574218750e+02,
4.894218139648437500e+02,
4.283099365234375000e+02,
4.081302185058593750e+02,
3.764781799316406250e+02,
3.395194091796875000e+02,
3.096907043457031250e+02,
3.132034912109375000e+02,
2.854211120605468750e+02,
2.895803833007812500e+02,
3.497012329101562500e+02,
3.328919677734375000e+02,
3.386259155273437500e+02,
3.534203186035156250e+02,
3.651479187011718750e+02,
3.074124145507812500e+02,
2.925935974121093750e+02,
2.865458679199218750e+02,
2.704587097167968750e+02,
3.048423767089843750e+02,
3.055789184570312500e+02,
3.561246948242187500e+02,
3.494529113769531250e+02,
3.798381958007812500e+02,
3.599233398437500000e+02,
3.602485046386718750e+02,
3.455573425292968750e+02,
3.479551086425781250e+02,
3.500301818847656250e+02,
3.587739868164062500e+02,
3.667875976562500000e+02,
3.736496276855468750e+02,
3.908003234863281250e+02,
3.920180053710937500e+02,
3.906620788574218750e+02,
3.685713500976562500e+02,
3.755862121582031250e+02,
3.830850830078125000e+02,
3.802466430664062500e+02,
3.889668884277343750e+02,
3.622778930664062500e+02,
3.755790100097656250e+02,
3.093890686035156250e+02,
2.619174804687500000e+02,
2.635856933593750000e+02,
2.482476959228515625e+02,
2.584707031250000000e+02,
2.773798522949218750e+02,
2.521640319824218750e+02,
2.888118591308593750e+02,
2.944462585449218750e+02,
2.998393554687500000e+02,
3.269452514648437500e+02,
3.443528137207031250e+02,
3.824644775390625000e+02,
3.763321533203125000e+02,
3.553597717285156250e+02,
3.788848266601562500e+02,
3.926234436035156250e+02,
4.235434570312500000e+02,
4.045285644531250000e+02,
4.445194702148437500e+02,
4.329181823730468750e+02,
4.284526672363281250e+02,
4.316942138671875000e+02,
4.378307495117187500e+02,
4.555275573730468750e+02,
4.527939147949218750e+02,
4.304199829101562500e+02,
4.539313659667968750e+02,
4.308299865722656250e+02,
4.688670043945312500e+02,
4.741381530761718750e+02,
5.154479980468750000e+02,
5.062357788085937500e+02,
5.160432128906250000e+02,
5.445834350585937500e+02,
5.619455566406250000e+02,
5.856926269531250000e+02,
5.666839599609375000e+02,
5.508334960937500000e+02,
5.538408203125000000e+02,
6.038970336914062500e+02,
6.068482666015625000e+02,
6.708912353515625000e+02,
6.730756225585937500e+02,
6.832030029296875000e+02,
6.518975219726562500e+02,
6.027767944335937500e+02,
5.532632446289062500e+02,
5.308682250976562500e+02,
5.122369995117187500e+02,
5.427424926757812500e+02,
5.387053222656250000e+02,
5.996022949218750000e+02,
5.929429321289062500e+02,
5.930391235351562500e+02,
6.114250488281250000e+02,
5.977429809570312500e+02,
6.253501586914062500e+02,
6.032706298828125000e+02,
5.854876098632812500e+02,
5.190823974609375000e+02,
4.655805358886718750e+02,
4.482213745117187500e+02,
4.130344848632812500e+02,
3.781185607910156250e+02,
3.490993041992187500e+02,
3.296133117675781250e+02,
3.414956054687500000e+02,
2.939524536132812500e+02,
2.804977416992187500e+02,
2.757126770019531250e+02,
2.865716247558593750e+02,
2.742937927246093750e+02,
2.715298156738281250e+02,
2.865174560546875000e+02,
2.630326538085937500e+02,
2.716007995605468750e+02,
2.790305480957031250e+02,
2.814533386230468750e+02,
2.976393432617187500e+02,
2.982262268066406250e+02,
2.904545898437500000e+02,
3.123815002441406250e+02,
2.991446838378906250e+02,
2.842099304199218750e+02,
2.972748107910156250e+02,
2.928305664062500000e+02,
3.235365600585937500e+02,
3.284488220214843750e+02,
3.511325683593750000e+02,
3.315043334960937500e+02,
3.642245178222656250e+02,
3.543505859375000000e+02,
3.488292236328125000e+02,
3.428241271972656250e+02,
3.727714843750000000e+02,
3.453671264648437500e+02,
3.386191406250000000e+02,
3.482000122070312500e+02,
3.298143005371093750e+02,
2.999506530761718750e+02,
3.111582336425781250e+02,
3.201387329101562500e+02,
2.876062622070312500e+02,
3.151593933105468750e+02,
3.253435363769531250e+02,
3.189032592773437500e+02,
3.178421325683593750e+02,
3.512106628417968750e+02,
3.280613403320312500e+02,
3.756272888183593750e+02,
3.512493286132812500e+02,
3.277474365234375000e+02,
3.463021850585937500e+02,
3.676388244628906250e+02,
3.826461791992187500e+02,
4.090630798339843750e+02,
3.940790100097656250e+02,
3.709056396484375000e+02,
3.648066101074218750e+02,
3.856175537109375000e+02,
3.371851501464843750e+02,
3.862754211425781250e+02,
3.667260131835937500e+02,
3.369917907714843750e+02,
3.462254028320312500e+02,
3.558899536132812500e+02,
3.452092895507812500e+02,
3.390722351074218750e+02,
3.487693786621093750e+02,
3.758420104980468750e+02,
3.514992980957031250e+02,
3.456242675781250000e+02,
3.502395019531250000e+02,
3.933063964843750000e+02,
3.518231506347656250e+02,
3.652366943359375000e+02,
3.782648010253906250e+02,
3.840361022949218750e+02,
3.723771362304687500e+02,
4.116313171386718750e+02,
3.828779296875000000e+02,
3.915033569335937500e+02,
3.956353149414062500e+02,
4.304707946777343750e+02,
4.249746704101562500e+02,
4.367172546386718750e+02,
4.077173461914062500e+02,
4.345153808593750000e+02,
4.363817749023437500e+02,
4.040777893066406250e+02,
3.993883056640625000e+02,
4.113726806640625000e+02,
4.180802612304687500e+02,
4.734795227050781250e+02,
4.246559448242187500e+02,
4.521262817382812500e+02,
4.361026611328125000e+02,
4.400638427734375000e+02,
4.745571899414062500e+02,
4.838572387695312500e+02,
4.914208068847656250e+02,
5.140891113281250000e+02,
5.502900390625000000e+02,
5.555374755859375000e+02,
5.696134033203125000e+02,
5.080975952148437500e+02,
5.877836303710937500e+02,
5.388233032226562500e+02,
6.423599853515625000e+02,
7.385507202148437500e+02,
7.844338378906250000e+02,
7.516857299804687500e+02,
7.537423706054687500e+02,
8.374423828125000000e+02,
8.382003784179687500e+02,
8.552227783203125000e+02,
7.623209228515625000e+02,
7.544801025390625000e+02,
6.386118774414062500e+02,
6.476771240234375000e+02,
6.002100830078125000e+02,
6.143059692382812500e+02,
6.349293823242187500e+02,
6.723303833007812500e+02,
6.647723388671875000e+02,
6.234334716796875000e+02,
6.320473022460937500e+02,
6.234716796875000000e+02,
5.612598876953125000e+02,
5.336221923828125000e+02,
5.170181884765625000e+02,
4.930287170410156250e+02,
4.776450805664062500e+02,
4.849992370605468750e+02,
5.060002746582031250e+02,
5.470391845703125000e+02,
5.591710205078125000e+02,
6.318058471679687500e+02,
6.159850463867187500e+02,
6.424288940429687500e+02,
5.918622436523437500e+02,
5.767361450195312500e+02,
5.411519775390625000e+02,
5.500208129882812500e+02,
5.488476562500000000e+02,
5.553037109375000000e+02,
5.596899414062500000e+02,
5.653182373046875000e+02,
5.532784423828125000e+02,
5.888381958007812500e+02,
6.188306274414062500e+02,
6.321374511718750000e+02,
6.142298583984375000e+02,
5.755225219726562500e+02,
5.594747314453125000e+02,
5.757689208984375000e+02,
6.255223999023437500e+02,
6.280500488281250000e+02,
6.884185180664062500e+02,
6.747219848632812500e+02,
6.910300292968750000e+02,
7.140783691406250000e+02,
7.561348266601562500e+02,
8.046518554687500000e+02,
7.795331420898437500e+02,
7.454586791992187500e+02,
6.798715820312500000e+02,
6.547151489257812500e+02,
6.737497558593750000e+02,
6.905944824218750000e+02,
7.271482543945312500e+02,
7.767465209960937500e+02,
7.800977783203125000e+02,
7.908874511718750000e+02,
8.271206665039062500e+02,
8.383193359375000000e+02,
8.148827514648437500e+02,
7.726735229492187500e+02,
7.340576171875000000e+02,
6.935784301757812500e+02,
6.467927856445312500e+02,
6.751210327148437500e+02,
7.043067016601562500e+02,
8.331724853515625000e+02,
8.645461425781250000e+02,
2.322311859130859375e+02,
2.218196716308593750e+02,
1.705304260253906250e+02,
1.861607055664062500e+02,
1.571053771972656250e+02,
1.527007598876953125e+02,
1.391605834960937500e+02,
1.437552185058593750e+02,
1.345148925781250000e+02,
1.465341339111328125e+02,
1.395952911376953125e+02,
1.276740341186523438e+02,
1.139353256225585938e+02,
1.082041473388671875e+02,
1.129547729492187500e+02,
1.029713058471679688e+02,
1.140481262207031250e+02,
1.020089797973632812e+02,
9.359014892578125000e+01,
1.034502258300781250e+02,
9.362326049804687500e+01,
1.030802688598632812e+02,
9.923199462890625000e+01,
1.124478225708007812e+02,
1.001126556396484375e+02,
9.827896118164062500e+01,
1.044611282348632812e+02,
9.298421478271484375e+01,
1.054186019897460938e+02,
9.811960601806640625e+01,
9.908568572998046875e+01,
1.023867874145507812e+02,
1.067867813110351562e+02,
9.422901153564453125e+01,
1.317979736328125000e+02,
1.027656326293945312e+02,
1.225195236206054688e+02,
1.024897079467773438e+02,
1.049542694091796875e+02,
9.825141906738281250e+01,
9.517428588867187500e+01,
1.031169128417968750e+02,
9.922993469238281250e+01,
1.050034942626953125e+02,
1.194169387817382812e+02,
1.112088775634765625e+02,
1.119124603271484375e+02,
1.004430313110351562e+02,
1.158250961303710938e+02,
9.785147094726562500e+01,
1.136524810791015625e+02,
1.153931121826171875e+02,
1.039900588989257812e+02,
1.345688629150390625e+02,
1.245479660034179688e+02,
1.351286926269531250e+02,
1.434819946289062500e+02,
1.485925750732421875e+02,
1.391977691650390625e+02,
1.465085754394531250e+02,
1.565031433105468750e+02,
1.214532699584960938e+02,
1.427111206054687500e+02,
1.265079193115234375e+02,
1.399634399414062500e+02,
1.394819946289062500e+02,
1.275021057128906250e+02,
1.465450592041015625e+02,
1.345410919189453125e+02,
1.299613037109375000e+02,
1.367574462890625000e+02,
1.355661926269531250e+02,
1.369569549560546875e+02,
1.672522125244140625e+02,
1.395029144287109375e+02,
1.551212615966796875e+02,
1.609457550048828125e+02,
1.702948760986328125e+02,
2.011054229736328125e+02,
1.813994598388671875e+02,
1.488781585693359375e+02,
1.472763214111328125e+02,
1.521172180175781250e+02,
1.484214324951171875e+02,
1.492867584228515625e+02,
1.672127075195312500e+02,
1.623746032714843750e+02,
1.982596435546875000e+02,
1.988803710937500000e+02,
1.807363281250000000e+02,
1.856025848388671875e+02,
1.927229003906250000e+02,
1.893829193115234375e+02,
2.098417968750000000e+02,
1.950483398437500000e+02,
2.212835845947265625e+02,
2.324657287597656250e+02,
2.720885620117187500e+02,
2.980641174316406250e+02,
3.942208251953125000e+02,
4.040798034667968750e+02,
4.791363830566406250e+02,
6.381655273437500000e+02,
7.142182617187500000e+02,
7.592181396484375000e+02,
8.408507690429687500e+02,
9.087273559570312500e+02,
9.777562866210937500e+02,
1.046439086914062500e+03,
1.134261352539062500e+03,
1.150522583007812500e+03,
1.107499877929687500e+03,
1.022549316406250000e+03,
1.008314819335937500e+03,
9.623867797851562500e+02,
9.126771850585937500e+02,
9.060048828125000000e+02,
8.026246948242187500e+02,
8.565000000000000000e+02,
8.914168090820312500e+02,
8.785841064453125000e+02,
8.338029785156250000e+02,
7.804754028320312500e+02,
7.156372680664062500e+02,
6.289630737304687500e+02,
6.069275512695312500e+02,
5.922319946289062500e+02,
6.148121337890625000e+02,
5.706536865234375000e+02,
5.743567504882812500e+02,
5.130817871093750000e+02,
5.218510742187500000e+02,
5.097932739257812500e+02,
4.716251831054687500e+02,
4.463843383789062500e+02,
4.605613708496093750e+02,
4.285854492187500000e+02,
4.113701477050781250e+02,
3.841855163574218750e+02,
4.001132202148437500e+02,
3.831930236816406250e+02,
3.976110839843750000e+02,
3.992395324707031250e+02,
4.005381164550781250e+02,
4.541520690917968750e+02,
3.463683166503906250e+02,
2.804959411621093750e+02,
2.644503784179687500e+02,
2.757923278808593750e+02,
2.605897827148437500e+02,
2.890432739257812500e+02,
3.165149230957031250e+02,
2.905679016113281250e+02,
2.891235961914062500e+02,
2.729415588378906250e+02,
2.911772155761718750e+02,
2.798645019531250000e+02,
2.739075317382812500e+02,
2.938345947265625000e+02,
3.067092285156250000e+02,
2.701529235839843750e+02,
2.845515747070312500e+02,
2.575983581542968750e+02,
2.668598937988281250e+02,
2.715070495605468750e+02,
2.877071838378906250e+02,
2.952265930175781250e+02,
2.922840576171875000e+02,
3.301921997070312500e+02,
2.917529907226562500e+02,
3.327231445312500000e+02,
3.218872070312500000e+02,
3.113961181640625000e+02,
3.196289978027343750e+02,
3.084216308593750000e+02,
3.212179260253906250e+02,
3.115885009765625000e+02,
3.232378845214843750e+02,
2.864480895996093750e+02,
3.116169738769531250e+02,
3.001806640625000000e+02,
3.114037475585937500e+02,
2.886719360351562500e+02,
2.743404235839843750e+02,
2.870910339355468750e+02,
2.679798889160156250e+02,
2.690209960937500000e+02,
2.494022521972656250e+02,
2.572371826171875000e+02,
2.805116882324218750e+02,
2.774719238281250000e+02,
2.745786743164062500e+02,
3.005368347167968750e+02,
2.680693664550781250e+02,
2.760407409667968750e+02,
2.835404968261718750e+02,
2.644916687011718750e+02,
2.738535766601562500e+02,
2.674718017578125000e+02,
2.382057342529296875e+02,
2.490413360595703125e+02,
2.510363311767578125e+02,
2.810593566894531250e+02,
2.876540527343750000e+02,
2.782557983398437500e+02,
3.054996948242187500e+02,
3.085084533691406250e+02,
3.299668273925781250e+02,
3.582102355957031250e+02,
3.284752197265625000e+02,
3.283896179199218750e+02,
3.081315917968750000e+02,
3.342253417968750000e+02,
3.100018005371093750e+02,
3.166511535644531250e+02,
3.079648437500000000e+02,
3.235600585937500000e+02,
3.018949279785156250e+02,
2.989939270019531250e+02,
3.209140930175781250e+02,
3.303228759765625000e+02,
3.078315124511718750e+02,
3.180023193359375000e+02,
3.307639465332031250e+02,
3.604364624023437500e+02,
4.171957397460937500e+02,
4.579238891601562500e+02,
4.811781921386718750e+02,
5.072640380859375000e+02,
5.534802246093750000e+02,
6.083980102539062500e+02,
4.898437194824218750e+02,
4.333337097167968750e+02,
4.054091491699218750e+02,
3.701633300781250000e+02,
3.450682067871093750e+02,
3.494725952148437500e+02,
3.738589782714843750e+02,
3.575357666015625000e+02,
3.467163085937500000e+02,
3.483584899902343750e+02,
3.744567565917968750e+02,
4.137653808593750000e+02,
4.056426696777343750e+02,
4.079809265136718750e+02,
4.185572509765625000e+02,
4.147997436523437500e+02,
4.159997863769531250e+02,
4.354466247558593750e+02,
3.969628601074218750e+02,
4.088125000000000000e+02,
3.547033386230468750e+02,
3.391350402832031250e+02,
2.941817016601562500e+02,
3.036388549804687500e+02,
3.181540222167968750e+02,
3.543271789550781250e+02,
3.779728088378906250e+02,
3.986186828613281250e+02,
4.313621826171875000e+02,
4.494038391113281250e+02,
4.844094543457031250e+02,
4.650906982421875000e+02,
4.832033996582031250e+02,
4.894522094726562500e+02,
4.889916992187500000e+02,
4.944192810058593750e+02,
5.259118652343750000e+02,
5.786035156250000000e+02,
6.070315551757812500e+02,
6.295087890625000000e+02,
6.698451538085937500e+02,
7.519863281250000000e+02,
7.004796752929687500e+02,
6.756424560546875000e+02,
7.235842895507812500e+02,
6.737718505859375000e+02,
6.487630004882812500e+02,
7.017518920898437500e+02,
7.064556274414062500e+02,
6.794604492187500000e+02,
5.794287109375000000e+02,
5.132269287109375000e+02,
4.991364746093750000e+02,
3.947330627441406250e+02,
3.620792846679687500e+02,
3.120483703613281250e+02,
3.308970947265625000e+02,
2.999928894042968750e+02,
3.393750000000000000e+02,
3.126618652343750000e+02,
3.296109008789062500e+02,
3.417342224121093750e+02,
3.068923034667968750e+02,
3.324278564453125000e+02,
3.537606201171875000e+02,
3.789638977050781250e+02,
3.927870788574218750e+02,
3.798890075683593750e+02,
3.952334594726562500e+02,
3.666119079589843750e+02,
3.525926208496093750e+02,
3.235021972656250000e+02,
3.501487731933593750e+02,
3.554543457031250000e+02,
3.630665893554687500e+02,
3.443845214843750000e+02,
3.449780883789062500e+02,
3.944293518066406250e+02,
3.911533203125000000e+02,
4.140208129882812500e+02,
4.444893188476562500e+02,
3.922434082031250000e+02,
3.900175170898437500e+02,
3.762359924316406250e+02,
3.862689819335937500e+02,
3.989640197753906250e+02,
4.219928588867187500e+02,
4.238677368164062500e+02,
3.830975036621093750e+02,
4.150919799804687500e+02,
4.257608947753906250e+02,
4.564323120117187500e+02,
4.577031860351562500e+02,
4.461825866699218750e+02,
4.451038818359375000e+02,
4.484840087890625000e+02,
4.600120544433593750e+02,
4.629167480468750000e+02,
4.758085937500000000e+02,
4.721238403320312500e+02,
5.442969970703125000e+02,
5.423391723632812500e+02,
5.568787231445312500e+02,
5.841975097656250000e+02,
6.797331542968750000e+02,
8.083858032226562500e+02,
7.884093627929687500e+02,
9.436056518554687500e+02,
9.436393432617187500e+02,
8.423459472656250000e+02,
8.184478759765625000e+02,
7.341841430664062500e+02,
6.985707397460937500e+02,
6.885372314453125000e+02,
6.711141967773437500e+02,
6.331429443359375000e+02,
6.093638305664062500e+02,
5.827463378906250000e+02,
5.884313964843750000e+02,
6.085598144531250000e+02,
6.579784545898437500e+02,
6.860635375976562500e+02,
6.464541625976562500e+02,
6.426053466796875000e+02,
6.340855102539062500e+02,
6.422197875976562500e+02,
6.957759399414062500e+02,
6.978953857421875000e+02,
7.067428588867187500e+02,
7.493739624023437500e+02,
8.238036499023437500e+02,
8.258350219726562500e+02,
8.426306152343750000e+02,
8.564713745117187500e+02,
8.641365356445312500e+02,
9.183123168945312500e+02,
9.784942626953125000e+02,
9.473646240234375000e+02,
9.426275634765625000e+02,
9.260386962890625000e+02,
8.465296630859375000e+02,
8.163168334960937500e+02,
8.262283325195312500e+02,
1.961616668701171875e+02,
1.891176452636718750e+02,
1.883240661621093750e+02,
1.610886535644531250e+02,
1.555347442626953125e+02,
1.335148773193359375e+02,
1.300775146484375000e+02,
1.451869201660156250e+02,
1.156066513061523438e+02,
1.075330047607421875e+02,
1.045966567993164062e+02,
9.261496734619140625e+01,
1.083642959594726562e+02,
1.821384124755859375e+02,
1.089297103881835938e+02,
9.871855163574218750e+01,
1.155074844360351562e+02,
1.039017333984375000e+02,
1.024441680908203125e+02,
1.018830871582031250e+02,
1.329805908203125000e+02,
1.016613845825195312e+02,
1.151557617187500000e+02,
1.091819610595703125e+02,
1.044768753051757812e+02,
1.167050628662109375e+02,
1.151088256835937500e+02,
9.427767944335937500e+01,
1.004615402221679688e+02,
1.463325347900390625e+02,
1.539794158935546875e+02,
1.292227325439453125e+02,
1.037476425170898438e+02,
1.096120071411132812e+02,
1.486211090087890625e+02,
1.240118408203125000e+02,
1.432785339355468750e+02,
1.471140594482421875e+02,
1.375311737060546875e+02,
1.634786682128906250e+02,
1.328093872070312500e+02,
1.324434967041015625e+02,
1.330577087402343750e+02,
1.254769134521484375e+02,
1.314496765136718750e+02,
1.414658355712890625e+02,
1.207960586547851562e+02,
1.652131805419921875e+02,
1.330882415771484375e+02,
1.442329254150390625e+02,
1.630852966308593750e+02,
1.863735809326171875e+02,
1.564515533447265625e+02,
1.637778930664062500e+02,
1.579373168945312500e+02,
1.645738525390625000e+02,
1.993757629394531250e+02,
1.790281219482421875e+02,
1.847598419189453125e+02,
1.867046661376953125e+02,
2.009793548583984375e+02,
1.928021087646484375e+02,
1.985391998291015625e+02,
2.658335571289062500e+02,
3.202522277832031250e+02,
3.553554382324218750e+02,
4.992975769042968750e+02,
6.931632080078125000e+02,
8.210934448242187500e+02,
9.492913818359375000e+02,
1.171369750976562500e+03,
1.351197387695312500e+03,
1.319678710937500000e+03,
1.413811523437500000e+03,
1.310185058593750000e+03,
1.171274536132812500e+03,
1.126927490234375000e+03,
1.005688232421875000e+03,
9.968828125000000000e+02,
9.893604736328125000e+02,
9.457620239257812500e+02,
8.669301147460937500e+02,
7.723526611328125000e+02,
7.426209106445312500e+02,
7.049932250976562500e+02,
6.690510253906250000e+02,
6.977117309570312500e+02,
6.005639648437500000e+02,
5.391865844726562500e+02,
5.014269104003906250e+02,
4.753833618164062500e+02,
4.432889404296875000e+02,
4.569644165039062500e+02,
4.697672729492187500e+02,
4.629983825683593750e+02,
4.118533020019531250e+02,
3.967414550781250000e+02,
3.376990356445312500e+02,
2.670073547363281250e+02,
2.844293823242187500e+02,
3.010690917968750000e+02,
3.241726989746093750e+02,
2.810384826660156250e+02,
2.854075012207031250e+02,
2.927216186523437500e+02,
2.983580627441406250e+02,
2.791642761230468750e+02,
2.691581726074218750e+02,
2.999098510742187500e+02,
3.097807312011718750e+02,
3.173186950683593750e+02,
3.179541015625000000e+02,
3.190775756835937500e+02,
3.479049682617187500e+02,
3.270371398925781250e+02,
3.486070556640625000e+02,
3.160079650878906250e+02,
3.234908752441406250e+02,
3.179012756347656250e+02,
3.081783447265625000e+02,
2.991238403320312500e+02,
3.081219787597656250e+02,
2.707714843750000000e+02,
2.583807373046875000e+02,
2.594385070800781250e+02,
2.829715881347656250e+02,
2.836449584960937500e+02,
2.974126892089843750e+02,
2.842976074218750000e+02,
2.919401550292968750e+02,
3.024492187500000000e+02,
2.618529663085937500e+02,
2.585955200195312500e+02,
2.562513122558593750e+02,
2.773666687011718750e+02,
2.882550354003906250e+02,
3.112839050292968750e+02,
3.495065002441406250e+02,
3.603598022460937500e+02,
3.762954101562500000e+02,
3.512052001953125000e+02,
3.462021179199218750e+02,
3.402956542968750000e+02,
3.686905822753906250e+02,
3.573511962890625000e+02,
3.325364685058593750e+02,
3.376562805175781250e+02,
3.385526733398437500e+02,
3.723060913085937500e+02,
4.204696960449218750e+02,
4.847399291992187500e+02,
5.244901733398437500e+02,
5.510482788085937500e+02,
5.083069152832031250e+02,
4.618048706054687500e+02,
4.399938049316406250e+02,
4.022664794921875000e+02,
3.705224609375000000e+02,
3.947876586914062500e+02,
3.883362426757812500e+02,
4.093043823242187500e+02,
4.392657165527343750e+02,
4.512834167480468750e+02,
4.536527404785156250e+02,
4.287524414062500000e+02,
4.304086303710937500e+02,
3.982868652343750000e+02,
4.020354309082031250e+02,
3.628995666503906250e+02,
3.773681640625000000e+02,
4.177594909667968750e+02,
4.498106994628906250e+02,
4.625624084472656250e+02,
5.119112854003906250e+02,
5.320431518554687500e+02,
5.247971191406250000e+02,
5.330325927734375000e+02,
5.657792968750000000e+02,
5.987467651367187500e+02,
6.798836059570312500e+02,
7.315056762695312500e+02,
7.497960205078125000e+02,
7.335902709960937500e+02,
8.097766723632812500e+02,
7.626600952148437500e+02,
7.225454101562500000e+02,
6.665549316406250000e+02,
6.075072021484375000e+02,
5.285762939453125000e+02,
4.876368103027343750e+02,
3.967215881347656250e+02,
3.425507812500000000e+02,
3.531519165039062500e+02,
3.122954406738281250e+02,
3.592807617187500000e+02,
3.658307800292968750e+02,
4.122568969726562500e+02,
4.256218261718750000e+02,
4.142097778320312500e+02,
4.366313781738281250e+02,
3.915986633300781250e+02,
3.797275390625000000e+02,
3.695636901855468750e+02,
4.007720031738281250e+02,
4.084842834472656250e+02,
4.179027709960937500e+02,
4.732300720214843750e+02,
4.506158142089843750e+02,
4.233312683105468750e+02,
4.218692626953125000e+02,
4.648994445800781250e+02,
4.995180664062500000e+02,
4.382538452148437500e+02,
4.778113708496093750e+02,
5.131942749023437500e+02,
5.181862792968750000e+02,
4.910538024902343750e+02,
4.937054138183593750e+02,
5.015331420898437500e+02,
5.217954711914062500e+02,
5.556653442382812500e+02,
5.858940429687500000e+02,
7.494028320312500000e+02,
8.422069091796875000e+02,
9.799311523437500000e+02,
9.665570678710937500e+02,
9.483140258789062500e+02,
9.610333251953125000e+02,
8.564721679687500000e+02,
7.647672729492187500e+02,
8.210327758789062500e+02,
7.887261962890625000e+02,
7.296902465820312500e+02,
7.161226196289062500e+02,
7.616471557617187500e+02,
7.589755859375000000e+02,
7.638991088867187500e+02,
7.750067138671875000e+02,
8.107813110351562500e+02,
8.686442260742187500e+02,
9.422808227539062500e+02,
9.533506469726562500e+02,
9.843392333984375000e+02,
1.069683715820312500e+03,
1.055710083007812500e+03,
1.061263916015625000e+03,
9.611645507812500000e+02,
9.608857421875000000e+02,
