9.699552612304687500e+02,
9.408537597656250000e+02,
9.145131225585937500e+02,
8.771685791015625000e+02,
8.704794921875000000e+02,
8.870397949218750000e+02,
8.635526733398437500e+02,
8.346422729492187500e+02,
8.510929565429687500e+02,
9.042675170898437500e+02,
9.240380249023437500e+02,
9.188575439453125000e+02,
9.222407836914062500e+02,
9.411814575195312500e+02,
8.977625122070312500e+02,
9.137388916015625000e+02,
8.838444213867187500e+02,
9.158450927734375000e+02,
8.589873046875000000e+02,
8.757837524414062500e+02,
8.262399291992187500e+02,
7.844758300781250000e+02,
7.677265625000000000e+02,
7.234709472656250000e+02,
7.305030517578125000e+02,
6.824966430664062500e+02,
6.794531250000000000e+02,
6.501349487304687500e+02,
6.228300781250000000e+02,
6.379367065429687500e+02,
6.328668212890625000e+02,
6.095993652343750000e+02,
6.270434570312500000e+02,
6.756373901367187500e+02,
6.365388183593750000e+02,
6.274468994140625000e+02,
6.397379150390625000e+02,
6.511140136718750000e+02,
6.264436035156250000e+02,
6.341395874023437500e+02,
6.880228271484375000e+02,
7.290087890625000000e+02,
7.305696411132812500e+02,
7.205704345703125000e+02,
7.219609985351562500e+02,
7.444894409179687500e+02,
7.041042480468750000e+02,
7.744799194335937500e+02,
7.162101440429687500e+02,
7.278513793945312500e+02,
6.714328613281250000e+02,
6.903714599609375000e+02,
7.021175537109375000e+02,
6.944732666015625000e+02,
6.871524658203125000e+02,
6.361704711914062500e+02,
6.307755737304687500e+02,
5.890505371093750000e+02,
5.658542480468750000e+02,
5.645905761718750000e+02,
5.525791015625000000e+02,
5.743480224609375000e+02,
5.412751464843750000e+02,
5.431777954101562500e+02,
5.180330200195312500e+02,
5.155743408203125000e+02,
5.168762817382812500e+02,
5.271750488281250000e+02,
5.201121215820312500e+02,
5.882918701171875000e+02,
6.134435424804687500e+02,
6.154237670898437500e+02,
6.030032348632812500e+02,
5.682996215820312500e+02,
5.460593261718750000e+02,
4.725806274414062500e+02,
4.758068237304687500e+02,
4.580267639160156250e+02,
4.920739440917968750e+02,
4.697149047851562500e+02,
4.618867797851562500e+02,
4.757785644531250000e+02,
4.857629394531250000e+02,
5.134967651367187500e+02,
5.014836120605468750e+02,
4.655430908203125000e+02,
4.703103637695312500e+02,
4.331051025390625000e+02,
4.545829162597656250e+02,
4.460527343750000000e+02,
4.634465332031250000e+02,
4.636241149902343750e+02,
4.334905395507812500e+02,
4.376827392578125000e+02,
4.358873596191406250e+02,
4.466289062500000000e+02,
4.926489868164062500e+02,
5.304794921875000000e+02,
5.418355712890625000e+02,
5.318385009765625000e+02,
5.684268188476562500e+02,
5.665070800781250000e+02,
5.141328125000000000e+02,
4.849255371093750000e+02,
4.950065612792968750e+02,
4.752572631835937500e+02,
4.702348327636718750e+02,
4.405465393066406250e+02,
4.625658264160156250e+02,
4.918229370117187500e+02,
5.322362060546875000e+02,
5.196887207031250000e+02,
5.181774902343750000e+02,
5.523101196289062500e+02,
5.495467529296875000e+02,
5.877089843750000000e+02,
6.024445800781250000e+02,
6.088717651367187500e+02,
6.015321044921875000e+02,
5.942963867187500000e+02,
6.465267333984375000e+02,
6.606826171875000000e+02,
6.436499633789062500e+02,
6.694848632812500000e+02,
6.798649902343750000e+02,
6.609672851562500000e+02,
6.924044799804687500e+02,
6.029307250976562500e+02,
6.575932617187500000e+02,
6.143981933593750000e+02,
6.198401489257812500e+02,
6.340673217773437500e+02,
6.762499389648437500e+02,
6.741723022460937500e+02,
6.965087280273437500e+02,
7.243952026367187500e+02,
7.398967895507812500e+02,
6.831278686523437500e+02,
6.929479980468750000e+02,
7.357975463867187500e+02,
7.154737548828125000e+02,
7.361013793945312500e+02,
7.352567138671875000e+02,
7.052505493164062500e+02,
7.104880371093750000e+02,
7.346166381835937500e+02,
7.579569091796875000e+02,
7.006326904296875000e+02,
6.655902709960937500e+02,
5.779813842773437500e+02,
5.251095581054687500e+02,
5.458536376953125000e+02,
5.065017089843750000e+02,
5.372331542968750000e+02,
5.432680053710937500e+02,
5.405982055664062500e+02,
5.415330200195312500e+02,
5.555802001953125000e+02,
5.665617675781250000e+02,
5.722108764648437500e+02,
6.014841308593750000e+02,
5.752940063476562500e+02,
6.000347290039062500e+02,
5.722520751953125000e+02,
5.880684204101562500e+02,
5.889484252929687500e+02,
6.122244262695312500e+02,
6.014710693359375000e+02,
6.202412719726562500e+02,
6.433495483398437500e+02,
6.384755859375000000e+02,
6.352503662109375000e+02,
6.364847412109375000e+02,
5.780017089843750000e+02,
5.213288574218750000e+02,
5.010939025878906250e+02,
5.039711914062500000e+02,
5.439770507812500000e+02,
6.041641235351562500e+02,
1.007688781738281250e+03,
9.965807495117187500e+02,
1.002367309570312500e+03,
1.013928527832031250e+03,
9.930850219726562500e+02,
1.027551513671875000e+03,
1.022282226562500000e+03,
9.951417236328125000e+02,
9.211784667968750000e+02,
8.833920898437500000e+02,
8.414529418945312500e+02,
7.720145874023437500e+02,
7.203208007812500000e+02,
6.997925415039062500e+02,
6.842602539062500000e+02,
6.753871459960937500e+02,
7.002959594726562500e+02,
6.898043212890625000e+02,
7.334548950195312500e+02,
8.034046630859375000e+02,
8.076563110351562500e+02,
8.071964721679687500e+02,
8.140701904296875000e+02,
7.947412109375000000e+02,
7.678933715820312500e+02,
7.431317749023437500e+02,
7.327314453125000000e+02,
7.100192260742187500e+02,
6.620541381835937500e+02,
6.175847778320312500e+02,
6.162991943359375000e+02,
5.688716430664062500e+02,
5.750292968750000000e+02,
5.966063842773437500e+02,
6.039793090820312500e+02,
5.837644653320312500e+02,
5.713353271484375000e+02,
5.403513183593750000e+02,
5.073701782226562500e+02,
5.003831176757812500e+02,
5.101666259765625000e+02,
5.221169433593750000e+02,
5.254116821289062500e+02,
4.821451416015625000e+02,
4.817886657714843750e+02,
4.591761169433593750e+02,
4.907916564941406250e+02,
5.772232666015625000e+02,
5.617108764648437500e+02,
5.606830444335937500e+02,
5.994315185546875000e+02,
4.890256042480468750e+02,
5.164273071289062500e+02,
5.223357543945312500e+02,
5.294459228515625000e+02,
6.087356567382812500e+02,
6.285578002929687500e+02,
6.152630004882812500e+02,
6.493042602539062500e+02,
6.761721801757812500e+02,
6.937729492187500000e+02,
7.002108764648437500e+02,
6.614995727539062500e+02,
7.454010620117187500e+02,
7.095289306640625000e+02,
7.233363037109375000e+02,
7.575401611328125000e+02,
7.449075317382812500e+02,
8.245358276367187500e+02,
8.472028808593750000e+02,
8.711114501953125000e+02,
8.331225585937500000e+02,
7.056856079101562500e+02,
6.935598144531250000e+02,
6.498403930664062500e+02,
6.016259155273437500e+02,
6.108740844726562500e+02,
6.285844116210937500e+02,
6.335001220703125000e+02,
6.628464965820312500e+02,
6.452255859375000000e+02,
6.518121337890625000e+02,
6.827796020507812500e+02,
6.867857666015625000e+02,
6.399247436523437500e+02,
6.530565795898437500e+02,
6.373264160156250000e+02,
1.018473815917968750e+03,
1.068205932617187500e+03,
1.083650268554687500e+03,
1.132673339843750000e+03,
1.065029663085937500e+03,
9.953231811523437500e+02,
9.246196289062500000e+02,
8.218109130859375000e+02,
7.974755249023437500e+02,
7.546198730468750000e+02,
7.538572998046875000e+02,
8.169803466796875000e+02,
8.581641845703125000e+02,
8.724949340820312500e+02,
8.787415161132812500e+02,
8.599468383789062500e+02,
7.804325561523437500e+02,
7.751560058593750000e+02,
6.955592041015625000e+02,
6.561881713867187500e+02,
7.059464721679687500e+02,
6.640210571289062500e+02,
6.244938354492187500e+02,
6.062332763671875000e+02,
5.745233154296875000e+02,
5.613873291015625000e+02,
5.588792114257812500e+02,
5.475913085937500000e+02,
5.519218750000000000e+02,
5.277952880859375000e+02,
5.609642944335937500e+02,
5.657431640625000000e+02,
6.038141479492187500e+02,
6.001140747070312500e+02,
5.591651611328125000e+02,
5.588842163085937500e+02,
5.918646240234375000e+02,
6.523002929687500000e+02,
6.702609252929687500e+02,
7.026965332031250000e+02,
7.368757324218750000e+02,
7.722154541015625000e+02,
8.356257324218750000e+02,
7.942471923828125000e+02,
8.105216674804687500e+02,
8.803238525390625000e+02,
8.599869995117187500e+02,
8.229939575195312500e+02,
8.053995971679687500e+02,
7.571124877929687500e+02,
6.990069580078125000e+02,
6.974628906250000000e+02,
6.993311767578125000e+02,
7.375076293945312500e+02,
7.319703369140625000e+02,
6.991526489257812500e+02,
7.068618774414062500e+02,
