3.880776977539062500e+02,
4.210386352539062500e+02,
3.942655944824218750e+02,
3.944002075195312500e+02,
3.585604858398437500e+02,
3.568834838867187500e+02,
2.965730285644531250e+02,
2.368321533203125000e+02,
2.466799316406250000e+02,
2.216080627441406250e+02,
2.015255279541015625e+02,
2.085385131835937500e+02,
1.987073059082031250e+02,
2.066335906982421875e+02,
2.252279968261718750e+02,
2.570571289062500000e+02,
2.729037780761718750e+02,
2.743291931152343750e+02,
2.781241760253906250e+02,
2.846536865234375000e+02,
2.987903747558593750e+02,
3.090327453613281250e+02,
2.929119873046875000e+02,
2.835119018554687500e+02,
2.928134765625000000e+02,
3.210256347656250000e+02,
3.247851257324218750e+02,
3.298090515136718750e+02,
3.223503723144531250e+02,
3.370013427734375000e+02,
3.296118164062500000e+02,
3.208382873535156250e+02,
3.241055297851562500e+02,
3.056716613769531250e+02,
3.003861694335937500e+02,
3.116062622070312500e+02,
2.943314208984375000e+02,
2.882133483886718750e+02,
2.647668762207031250e+02,
2.669766235351562500e+02,
2.500769195556640625e+02,
2.272095489501953125e+02,
2.238780517578125000e+02,
2.181709136962890625e+02,
2.114301300048828125e+02,
2.107178344726562500e+02,
2.180274810791015625e+02,
2.277964324951171875e+02,
2.737276916503906250e+02,
3.133352355957031250e+02,
3.619353942871093750e+02,
4.356655273437500000e+02,
4.396719360351562500e+02,
4.650866699218750000e+02,
4.485967102050781250e+02,
4.804056091308593750e+02,
4.603296508789062500e+02,
4.261222839355468750e+02,
4.241136779785156250e+02,
3.971158142089843750e+02,
3.918199462890625000e+02,
4.184595947265625000e+02,
4.297157592773437500e+02,
4.738092346191406250e+02,
4.984274291992187500e+02,
5.455328979492187500e+02,
5.213388671875000000e+02,
5.008452758789062500e+02,
4.401393432617187500e+02,
3.960203552246093750e+02,
3.497741699218750000e+02,
3.157672729492187500e+02,
2.648264160156250000e+02,
2.555171813964843750e+02,
2.392994842529296875e+02,
2.428119354248046875e+02,
2.300833435058593750e+02,
2.195598449707031250e+02,
2.261773376464843750e+02,
2.429525451660156250e+02,
2.593063049316406250e+02,
2.645978088378906250e+02,
2.795693969726562500e+02,
2.934167785644531250e+02,
2.958236083984375000e+02,
2.875313415527343750e+02,
2.910201416015625000e+02,
3.262652282714843750e+02,
3.118847961425781250e+02,
3.004302062988281250e+02,
3.061798095703125000e+02,
3.001753234863281250e+02,
3.284784240722656250e+02,
2.902732543945312500e+02,
3.057964477539062500e+02,
2.992337341308593750e+02,
3.020668640136718750e+02,
3.130972290039062500e+02,
3.079380187988281250e+02,
3.270322265625000000e+02,
3.257227172851562500e+02,
2.978640441894531250e+02,
3.051609191894531250e+02,
2.888087158203125000e+02,
2.663812561035156250e+02,
2.647662963867187500e+02,
2.884411315917968750e+02,
2.463668518066406250e+02,
2.407222747802734375e+02,
2.289283447265625000e+02,
2.276403350830078125e+02,
2.105640563964843750e+02,
2.103894042968750000e+02,
2.108104248046875000e+02,
2.287607269287109375e+02,
2.577940063476562500e+02,
2.307921295166015625e+02,
2.502134094238281250e+02,
2.932566528320312500e+02,
2.819785461425781250e+02,
2.667283630371093750e+02,
2.421024627685546875e+02,
2.380931549072265625e+02,
2.264075622558593750e+02,
2.293977050781250000e+02,
2.202543640136718750e+02,
2.517925872802734375e+02,
2.542266998291015625e+02,
2.551741638183593750e+02,
2.801972656250000000e+02,
2.599594726562500000e+02,
2.582037353515625000e+02,
3.021680297851562500e+02,
2.294471435546875000e+02,
2.382558441162109375e+02,
2.689097595214843750e+02,
2.899374084472656250e+02,
2.907099609375000000e+02,
2.723571166992187500e+02,
2.569656372070312500e+02,
2.442770843505859375e+02,
2.723219299316406250e+02,
2.491223144531250000e+02,
2.699583740234375000e+02,
2.355635681152343750e+02,
2.571416015625000000e+02,
2.647817993164062500e+02,
2.781525878906250000e+02,
2.562370910644531250e+02,
2.398779144287109375e+02,
2.582764587402343750e+02,
2.541839447021484375e+02,
4.161057128906250000e+02,
7.220164184570312500e+02,
1.072635498046875000e+03,
1.383155883789062500e+03,
1.607747558593750000e+03,
1.823578002929687500e+03,
1.891703857421875000e+03,
1.996310424804687500e+03,
2.150969238281250000e+03,
2.119176269531250000e+03,
2.170826904296875000e+03,
2.165300537109375000e+03,
2.202343505859375000e+03,
2.064075683593750000e+03,
2.060523925781250000e+03,
2.087332275390625000e+03,
1.998707275390625000e+03,
1.947815917968750000e+03,
1.799396484375000000e+03,
1.694372680664062500e+03,
1.643390136718750000e+03,
1.576015502929687500e+03,
1.548190673828125000e+03,
1.572434448242187500e+03,
1.582234619140625000e+03,
1.553930419921875000e+03,
1.441187988281250000e+03,
1.354226318359375000e+03,
1.335282470703125000e+03,
1.263542968750000000e+03,
1.236189086914062500e+03,
1.116859619140625000e+03,
1.037072631835937500e+03,
1.098711181640625000e+03,
1.142198730468750000e+03,
1.144488037109375000e+03,
1.127731689453125000e+03,
1.143603637695312500e+03,
1.159825561523437500e+03,
1.092046997070312500e+03,
1.016292114257812500e+03,
9.594660034179687500e+02,
9.056810302734375000e+02,
9.133493041992187500e+02,
8.108132324218750000e+02,
8.144024047851562500e+02,
8.287052612304687500e+02,
8.461519775390625000e+02,
8.852521362304687500e+02,
8.924099121093750000e+02,
8.845474243164062500e+02,
8.500201416015625000e+02,
8.275991210937500000e+02,
8.608041381835937500e+02,
8.273451538085937500e+02,
8.189506225585937500e+02,
7.945980834960937500e+02,
7.644553833007812500e+02,
7.599502563476562500e+02,
7.811181030273437500e+02,
7.670480957031250000e+02,
7.953194580078125000e+02,
7.821932983398437500e+02,
7.539657592773437500e+02,
7.479376831054687500e+02,
7.711977539062500000e+02,
8.409205932617187500e+02,
9.360338745117187500e+02,
1.037681518554687500e+03,
1.088273925781250000e+03,
1.160727905273437500e+03,
1.117087524414062500e+03,
1.101431518554687500e+03,
1.079027343750000000e+03,
1.145216186523437500e+03,
1.177690307617187500e+03,
1.225277343750000000e+03,
1.148863525390625000e+03,
1.108154052734375000e+03,
1.033316894531250000e+03,
1.043579711914062500e+03,
1.024496215820312500e+03,
1.033865722656250000e+03,
1.023190734863281250e+03,
1.009800170898437500e+03,
9.512946166992187500e+02,
9.780615844726562500e+02,
9.319199829101562500e+02,
1.012010986328125000e+03,
8.967960205078125000e+02,
9.064569702148437500e+02,
8.704615478515625000e+02,
8.532165527343750000e+02,
8.376390991210937500e+02,
8.632609252929687500e+02,
8.278320922851562500e+02,
8.435924682617187500e+02,
8.227202758789062500e+02,
7.962537841796875000e+02,
8.233413085937500000e+02,
8.187609863281250000e+02,
7.888002929687500000e+02,
7.994927368164062500e+02,
7.568647460937500000e+02,
7.687115478515625000e+02,
7.534053344726562500e+02,
8.079870605468750000e+02,
8.072767944335937500e+02,
7.952238769531250000e+02,
8.135654296875000000e+02,
8.159631347656250000e+02,
7.573405761718750000e+02,
7.554176025390625000e+02,
7.590764160156250000e+02,
7.420189208984375000e+02,
7.427443237304687500e+02,
6.752821044921875000e+02,
6.753322753906250000e+02,
6.853651123046875000e+02,
6.693196411132812500e+02,
6.833604125976562500e+02,
7.065812377929687500e+02,
6.439769287109375000e+02,
6.052607421875000000e+02,
6.091721801757812500e+02,
6.276096801757812500e+02,
6.240023803710937500e+02,
5.809849853515625000e+02,
6.048898925781250000e+02,
6.178499755859375000e+02,
6.165324096679687500e+02,
6.410618896484375000e+02,
5.929166870117187500e+02,
6.412458496093750000e+02,
5.876720581054687500e+02,
5.772200927734375000e+02,
6.193583374023437500e+02,
6.348119506835937500e+02,
6.292529296875000000e+02,
6.002423706054687500e+02,
6.075393676757812500e+02,
5.626563110351562500e+02,
5.450023803710937500e+02,
5.037453002929687500e+02,
4.756080017089843750e+02,
4.172933959960937500e+02,
4.135424499511718750e+02,
3.842461547851562500e+02,
3.860848388671875000e+02,
3.894401855468750000e+02,
4.115179748535156250e+02,
4.137077941894531250e+02,
3.975563659667968750e+02,
3.943494567871093750e+02,
3.919033508300781250e+02,
3.589003906250000000e+02,
3.458057250976562500e+02,
3.240883178710937500e+02,
3.135541687011718750e+02,
3.005503234863281250e+02,
3.039625854492187500e+02,
3.024255676269531250e+02,
2.778321228027343750e+02,
2.947835388183593750e+02,
3.051514587402343750e+02,
2.831294860839843750e+02,
3.018066406250000000e+02,
3.043626403808593750e+02,
2.934182739257812500e+02,
3.454747619628906250e+02,
3.380153503417968750e+02,
3.215520324707031250e+02,
3.336862792968750000e+02,
3.183636169433593750e+02,
3.350241088867187500e+02,
3.093547668457031250e+02,
3.052513732910156250e+02,
2.933488159179687500e+02,
2.775905151367187500e+02,
2.831743469238281250e+02,
2.699307861328125000e+02,
2.694058227539062500e+02,
2.687788696289062500e+02,
2.775501098632812500e+02,
2.908567199707031250e+02,
2.781398925781250000e+02,
2.730819396972656250e+02,
2.860225219726562500e+02,
2.543633422851562500e+02,
2.461241607666015625e+02,
2.434154815673828125e+02,
2.576732788085937500e+02,
2.332502441406250000e+02,
2.897844543457031250e+02,
2.616593017578125000e+02,
3.231379394531250000e+02,
3.096597595214843750e+02,
3.100926513671875000e+02,
3.024176635742187500e+02,
3.085084838867187500e+02,
2.928489990234375000e+02,
2.932140197753906250e+02,
2.769693908691406250e+02,
2.976874694824218750e+02,
2.972856445312500000e+02,
3.337208557128906250e+02,
3.642421264648437500e+02,
3.673734741210937500e+02,
3.889908142089843750e+02,
3.921476135253906250e+02,
3.827249450683593750e+02,
3.562348632812500000e+02,
3.523646850585937500e+02,
3.398899841308593750e+02,
3.331882324218750000e+02,
3.044594726562500000e+02,
2.842185363769531250e+02,
2.953206787109375000e+02,
3.068521728515625000e+02,
3.190695495605468750e+02,
3.308329162597656250e+02,
3.524616088867187500e+02,
3.640074768066406250e+02,
3.781016540527343750e+02,
3.663941040039062500e+02,
3.602474365234375000e+02,
3.310825500488281250e+02,
3.235421752929687500e+02,
3.011216125488281250e+02,
2.877787170410156250e+02,
2.825403442382812500e+02,
2.785779724121093750e+02,
2.743237304687500000e+02,
2.635954895019531250e+02,
2.887461853027343750e+02,
2.918281250000000000e+02,
2.894476928710937500e+02,
3.007373046875000000e+02,
2.887861633300781250e+02,
2.910821838378906250e+02,
2.964842224121093750e+02,
2.973916931152343750e+02,
3.025688476562500000e+02,
3.222781372070312500e+02,
3.112036437988281250e+02,
2.906257324218750000e+02,
2.796557617187500000e+02,
2.945932312011718750e+02,
2.854037475585937500e+02,
2.745521240234375000e+02,
2.700890808105468750e+02,
2.580379943847656250e+02,
2.281520538330078125e+02,
2.321914520263671875e+02,
2.169772644042968750e+02,
2.244812469482421875e+02,
2.512733306884765625e+02,
2.939842224121093750e+02,
2.575580749511718750e+02,
2.463339538574218750e+02,
2.452117156982421875e+02,
2.278682556152343750e+02,
2.847775573730468750e+02,
2.261650238037109375e+02,
2.295859527587890625e+02,
2.258392639160156250e+02,
2.266280670166015625e+02,
2.293113708496093750e+02,
2.324032135009765625e+02,
2.052338409423828125e+02,
1.916876678466796875e+02,
1.958389739990234375e+02,
1.942514953613281250e+02,
1.755815124511718750e+02,
1.963330230712890625e+02,
1.560450744628906250e+02,
1.776484069824218750e+02,
1.636321258544921875e+02,
1.527816009521484375e+02,
1.683848571777343750e+02,
1.737313079833984375e+02,
1.708211059570312500e+02,
1.791704711914062500e+02,
2.061625671386718750e+02,
2.026517181396484375e+02,
2.332645568847656250e+02,
2.117459259033203125e+02,
2.247357788085937500e+02,
2.232561798095703125e+02,
2.234154205322265625e+02,
2.065997619628906250e+02,
2.455039215087890625e+02,
2.651591186523437500e+02,
2.635479736328125000e+02,
2.988948059082031250e+02,
3.304770202636718750e+02,
2.959202880859375000e+02,
3.312292785644531250e+02,
2.998174743652343750e+02,
2.716970825195312500e+02,
2.989834899902343750e+02,
2.622410278320312500e+02,
2.707722778320312500e+02,
2.770140991210937500e+02,
2.951560058593750000e+02,
2.922736206054687500e+02,
3.102777404785156250e+02,
3.273255615234375000e+02,
3.316232299804687500e+02,
3.401506347656250000e+02,
3.669210815429687500e+02,
3.652924499511718750e+02,
4.108640441894531250e+02,
4.252193298339843750e+02,
4.355552978515625000e+02,
4.411299438476562500e+02,
4.116182556152343750e+02,
4.042446899414062500e+02,
4.084983520507812500e+02,
3.616292724609375000e+02,
3.484323730468750000e+02,
3.803477783203125000e+02,
3.774341430664062500e+02,
4.083012695312500000e+02,
4.016475219726562500e+02,
3.958995971679687500e+02,
4.046304931640625000e+02,
4.094012145996093750e+02,
3.952072143554687500e+02,
3.780437622070312500e+02,
3.607167358398437500e+02,
3.781328430175781250e+02,
3.933932495117187500e+02,
4.007679443359375000e+02,
4.197022399902343750e+02,
4.472977600097656250e+02,
4.766859741210937500e+02,
4.840457458496093750e+02,
4.876329345703125000e+02,
4.959711608886718750e+02,
4.540111999511718750e+02,
4.544636840820312500e+02,
4.211448974609375000e+02,
4.163880920410156250e+02,
3.985468139648437500e+02,
4.194776306152343750e+02,
4.221869201660156250e+02,
3.936642761230468750e+02,
3.894007263183593750e+02,
3.485026855468750000e+02,
3.468692321777343750e+02,
3.358343505859375000e+02,
3.213679504394531250e+02,
3.078771057128906250e+02,
2.861139526367187500e+02,
2.942037963867187500e+02,
3.004999694824218750e+02,
2.894183654785156250e+02,
2.766376647949218750e+02,
2.823725891113281250e+02,
2.911180114746093750e+02,
2.958265991210937500e+02,
2.836183471679687500e+02,
2.896774291992187500e+02,
2.994427490234375000e+02,
3.007325134277343750e+02,
3.278450927734375000e+02,
3.186147766113281250e+02,
3.109700012207031250e+02,
3.090837707519531250e+02,
2.782889709472656250e+02,
2.746355895996093750e+02,
2.684969787597656250e+02,
2.631687011718750000e+02,
2.737470092773437500e+02,
3.047417602539062500e+02,
2.851432189941406250e+02,
2.673400268554687500e+02,
2.374448547363281250e+02,
2.465097198486328125e+02,
2.641134948730468750e+02,
2.659456481933593750e+02,
2.491805725097656250e+02,
2.691376647949218750e+02,
2.559421539306640625e+02,
2.710776367187500000e+02,
2.768089599609375000e+02,
2.981419372558593750e+02,
2.982095336914062500e+02,
3.428862609863281250e+02,
3.255301208496093750e+02,
3.465848999023437500e+02,
3.391769104003906250e+02,
3.425561523437500000e+02,
3.535673828125000000e+02,
3.281200561523437500e+02,
3.377042236328125000e+02,
3.119432983398437500e+02,
2.855273437500000000e+02,
2.551187591552734375e+02,
2.505676879882812500e+02,
2.676579895019531250e+02,
2.506708068847656250e+02,
2.398363342285156250e+02,
2.346908874511718750e+02,
2.324165496826171875e+02,
2.344479675292968750e+02,
2.288983764648437500e+02,
2.612620544433593750e+02,
2.678453369140625000e+02,
2.936376953125000000e+02,
2.949221801757812500e+02,
2.733035888671875000e+02,
2.795184020996093750e+02,
2.515077209472656250e+02,
2.583302917480468750e+02,
2.602676086425781250e+02,
2.328927307128906250e+02,
2.420509796142578125e+02,
2.310016326904296875e+02,
2.144306488037109375e+02,
1.983435516357421875e+02,
2.230260009765625000e+02,
2.173594207763671875e+02,
1.946624450683593750e+02,
2.072742309570312500e+02,
1.943363800048828125e+02,
1.665015106201171875e+02,
1.750795898437500000e+02,
1.575517578125000000e+02,
1.795967102050781250e+02,
1.619075164794921875e+02,
1.792810516357421875e+02,
1.575987548828125000e+02,
1.756534271240234375e+02,
1.430490875244140625e+02,
1.502051391601562500e+02,
1.581603851318359375e+02,
1.784887390136718750e+02,
1.468395080566406250e+02,
1.314720001220703125e+02,
1.491941070556640625e+02,
1.255919342041015625e+02,
1.333495635986328125e+02,
1.320076446533203125e+02,
1.158805084228515625e+02,
1.099417419433593750e+02,
1.219231033325195312e+02,
1.294049530029296875e+02,
1.265349578857421875e+02,
1.383761138916015625e+02,
1.401532135009765625e+02,
1.461927642822265625e+02,
1.114305572509765625e+02,
1.153166198730468750e+02,
1.231318283081054688e+02,
1.089359359741210938e+02,
1.065465545654296875e+02,
1.642319183349609375e+02,
1.378216247558593750e+02,
1.211538848876953125e+02,
1.522555541992187500e+02,
1.316106262207031250e+02,
1.328105621337890625e+02,
1.285605010986328125e+02,
1.322490997314453125e+02,
1.317771148681640625e+02,
1.423310546875000000e+02,
1.478940124511718750e+02,
1.474591674804687500e+02,
1.743526153564453125e+02,
1.732162017822265625e+02,
1.773955078125000000e+02,
1.554866027832031250e+02,
1.589054718017578125e+02,
1.688895874023437500e+02,
1.526466217041015625e+02,
1.446720123291015625e+02,
1.360082092285156250e+02,
1.456709136962890625e+02,
1.575797271728515625e+02,
1.897733154296875000e+02,
1.669952239990234375e+02,
1.834201507568359375e+02,
2.013934326171875000e+02,
2.216561737060546875e+02,
2.421948547363281250e+02,
2.327339630126953125e+02,
2.331279449462890625e+02,
2.053031158447265625e+02,
1.856143951416015625e+02,
1.837698669433593750e+02,
1.776189270019531250e+02,
1.682610931396484375e+02,
1.608698883056640625e+02,
1.554833679199218750e+02,
1.231991119384765625e+02,
1.211166381835937500e+02,
1.049636764526367188e+02,
1.049542846679687500e+02,
9.788784027099609375e+01,
9.724528503417968750e+01,
9.708576202392578125e+01,
7.779919433593750000e+01,
9.816727447509765625e+01,
1.567079925537109375e+02,
1.352837982177734375e+02,
1.650671081542968750e+02,
1.548749389648437500e+02,
1.677423858642578125e+02,
1.883611450195312500e+02,
2.026623992919921875e+02,
1.984845581054687500e+02,
2.056824951171875000e+02,
2.000068664550781250e+02,
2.230103454589843750e+02,
2.084406585693359375e+02,
2.092525939941406250e+02,
2.063955383300781250e+02,
1.882786407470703125e+02,
1.976421966552734375e+02,
1.511550140380859375e+02,
1.488176269531250000e+02,
1.377503814697265625e+02,
1.514921112060546875e+02,
1.683309020996093750e+02,
1.186366577148437500e+02,
1.164454956054687500e+02,
1.460899963378906250e+02,
1.621813812255859375e+02,
1.512432708740234375e+02,
1.454459381103515625e+02,
1.399437255859375000e+02,
1.388927917480468750e+02,
1.381262054443359375e+02,
1.467696075439453125e+02,
1.278733978271484375e+02,
1.132808837890625000e+02,
1.202622756958007812e+02,
1.309163665771484375e+02,
1.003361129760742188e+02,
1.007367401123046875e+02,
1.377939300537109375e+02,
1.495501403808593750e+02,
1.137801132202148438e+02,
9.979312133789062500e+01,
1.159298782348632812e+02,
8.911535644531250000e+01,
1.042925033569335938e+02,
1.045918350219726562e+02,
9.542631530761718750e+01,
8.996584320068359375e+01,
1.076636734008789062e+02,
1.037013931274414062e+02,
1.193427276611328125e+02,
1.292530517578125000e+02,
1.065753250122070312e+02,
1.012897262573242188e+02,
1.092912750244140625e+02,
9.771614074707031250e+01,
1.013980789184570312e+02,
9.304704284667968750e+01,
9.465396118164062500e+01,
9.838469696044921875e+01,
1.356986846923828125e+02,
9.135527038574218750e+01,
1.190135803222656250e+02,
1.140340881347656250e+02,
1.430348663330078125e+02,
1.455694732666015625e+02,
1.519268951416015625e+02,
1.566692199707031250e+02,
1.382277374267578125e+02,
1.385350646972656250e+02,
1.481692657470703125e+02,
1.579268493652343750e+02,
1.635088653564453125e+02,
1.515843353271484375e+02,
1.556772308349609375e+02,
1.762158355712890625e+02,
1.688967742919921875e+02,
1.696437988281250000e+02,
1.764058227539062500e+02,
2.295879211425781250e+02,
1.969115753173828125e+02,
1.829480438232421875e+02,
2.063987579345703125e+02,
2.141139526367187500e+02,
1.827474975585937500e+02,
2.019755554199218750e+02,
1.922471618652343750e+02,
1.945218353271484375e+02,
1.978611602783203125e+02,
1.937202148437500000e+02,
2.054636383056640625e+02,
1.946910705566406250e+02,
2.179658660888671875e+02,
1.934798431396484375e+02,
1.746954040527343750e+02,
4.167796020507812500e+02,
4.466889038085937500e+02,
3.228219299316406250e+02,
2.975498657226562500e+02,
2.251945800781250000e+02,
2.520250244140625000e+02,
2.522266998291015625e+02,
2.690706481933593750e+02,
2.782098083496093750e+02,
3.127399902343750000e+02,
3.396720581054687500e+02,
3.373857421875000000e+02,
3.340157470703125000e+02,
3.327763061523437500e+02,
3.234599609375000000e+02,
3.281858215332031250e+02,
3.343331604003906250e+02,
3.248739318847656250e+02,
2.948182067871093750e+02,
2.804340515136718750e+02,
2.874865722656250000e+02,
2.289691314697265625e+02,
2.656423339843750000e+02,
3.331293334960937500e+02,
3.815268859863281250e+02,
4.251853332519531250e+02,
4.609397583007812500e+02,
4.458338317871093750e+02,
4.585807495117187500e+02,
4.710190124511718750e+02,
4.955943908691406250e+02,
4.809451599121093750e+02,
4.707698974609375000e+02,
4.557858276367187500e+02,
4.190628051757812500e+02,
3.380358276367187500e+02,
3.197393493652343750e+02,
2.720745544433593750e+02,
2.681824035644531250e+02,
2.905889892578125000e+02,
3.292661132812500000e+02,
3.492232360839843750e+02,
3.279356384277343750e+02,
3.409674682617187500e+02,
3.472239074707031250e+02,
3.318439636230468750e+02,
3.479179077148437500e+02,
3.243757019042968750e+02,
3.598565368652343750e+02,
3.640508117675781250e+02,
3.724070739746093750e+02,
3.183713684082031250e+02,
2.973424682617187500e+02,
2.769775390625000000e+02,
2.633997497558593750e+02,
2.525757293701171875e+02,
2.715077209472656250e+02,
3.153291625976562500e+02,
2.735181884765625000e+02,
2.693203430175781250e+02,
2.635683593750000000e+02,
2.553951416015625000e+02,
2.727234802246093750e+02,
2.583505249023437500e+02,
2.794934997558593750e+02,
2.828639221191406250e+02,
2.665383911132812500e+02,
3.063098144531250000e+02,
2.877492370605468750e+02,
2.791475524902343750e+02,
2.810891113281250000e+02,
2.697765808105468750e+02,
2.854325866699218750e+02,
2.687512817382812500e+02,
5.581723632812500000e+02,
1.169273315429687500e+03,
1.749327758789062500e+03,
2.117238769531250000e+03,
2.818851318359375000e+03,
3.406075927734375000e+03,
3.417025878906250000e+03,
3.445364257812500000e+03,
3.409213623046875000e+03,
2.925325195312500000e+03,
2.673820800781250000e+03,
2.443342529296875000e+03,
2.094448974609375000e+03,
1.936288574218750000e+03,
1.779108032226562500e+03,
1.653613281250000000e+03,
1.584360351562500000e+03,
1.399152465820312500e+03,
1.327108520507812500e+03,
1.390775634765625000e+03,
1.371133300781250000e+03,
1.242273315429687500e+03,
1.156030395507812500e+03,
1.032325683593750000e+03,
9.808930664062500000e+02,
1.019843444824218750e+03,
1.055916137695312500e+03,
9.713726806640625000e+02,
9.483413085937500000e+02,
9.452564697265625000e+02,
8.829783935546875000e+02,
9.218400268554687500e+02,
8.855222167968750000e+02,
9.441630859375000000e+02,
1.068541748046875000e+03,
1.138866455078125000e+03,
1.201848388671875000e+03,
1.300513916015625000e+03,
1.376533691406250000e+03,
1.378784423828125000e+03,
1.293379394531250000e+03,
1.197436401367187500e+03,
1.176773437500000000e+03,
1.189346923828125000e+03,
1.135225097656250000e+03,
1.087951538085937500e+03,
1.031901977539062500e+03,
9.944763793945312500e+02,
1.008403076171875000e+03,
9.476092529296875000e+02,
9.538214721679687500e+02,
9.129171142578125000e+02,
8.969002075195312500e+02,
9.020424804687500000e+02,
9.116445922851562500e+02,
8.992019042968750000e+02,
9.166853637695312500e+02,
8.589161376953125000e+02,
7.948727416992187500e+02,
8.219833374023437500e+02,
7.580065307617187500e+02,
7.076607666015625000e+02,
7.094253540039062500e+02,
6.627567138671875000e+02,
6.827317504882812500e+02,
6.959705200195312500e+02,
6.782752685546875000e+02,
6.705656738281250000e+02,
6.893850097656250000e+02,
6.685291748046875000e+02,
6.785637207031250000e+02,
6.421068115234375000e+02,
5.632499389648437500e+02,
5.117977600097656250e+02,
4.977518615722656250e+02,
4.291146850585937500e+02,
4.266816101074218750e+02,
4.319298095703125000e+02,
4.300606994628906250e+02,
3.728687744140625000e+02,
3.391349792480468750e+02,
3.328786315917968750e+02,
3.198982849121093750e+02,
3.004834899902343750e+02,
3.327757568359375000e+02,
3.308861083984375000e+02,
3.278952331542968750e+02,
3.549889831542968750e+02,
3.386401672363281250e+02,
3.316875610351562500e+02,
3.142668762207031250e+02,
2.973312072753906250e+02,
2.839578857421875000e+02,
2.866062622070312500e+02,
2.808940429687500000e+02,
2.521298065185546875e+02,
2.466635284423828125e+02,
2.683889465332031250e+02,
2.630422363281250000e+02,
2.883209228515625000e+02,
3.173116760253906250e+02,
3.083276367187500000e+02,
3.227928161621093750e+02,
3.448097229003906250e+02,
3.787884216308593750e+02,
3.814677124023437500e+02,
3.850298461914062500e+02,
3.461481933593750000e+02,
3.342587280273437500e+02,
3.827258300781250000e+02,
3.289660644531250000e+02,
3.852050476074218750e+02,
3.719067382812500000e+02,
3.871921997070312500e+02,
3.464477233886718750e+02,
3.346390380859375000e+02,
3.008436584472656250e+02,
3.067228088378906250e+02,
3.070503234863281250e+02,
3.433417663574218750e+02,
3.335356750488281250e+02,
3.485500793457031250e+02,
3.417390441894531250e+02,
3.253736572265625000e+02,
3.407833862304687500e+02,
3.741069641113281250e+02,
2.911825866699218750e+02,
2.840406799316406250e+02,
2.744552917480468750e+02,
2.562716064453125000e+02,
2.649392395019531250e+02,
2.557770385742187500e+02,
2.367578125000000000e+02,
2.360908813476562500e+02,
2.185049438476562500e+02,
2.220786590576171875e+02,
2.022387695312500000e+02,
1.874508056640625000e+02,
2.002747039794921875e+02,
1.815329132080078125e+02,
1.683733673095703125e+02,
1.718831329345703125e+02,
1.939190979003906250e+02,
2.104634094238281250e+02,
2.207867736816406250e+02,
2.531020660400390625e+02,
2.874842529296875000e+02,
2.900716552734375000e+02,
3.129295349121093750e+02,
3.224839477539062500e+02,
3.282876586914062500e+02,
3.247005920410156250e+02,
3.408528747558593750e+02,
3.486657409667968750e+02,
3.595737304687500000e+02,
4.017033386230468750e+02,
4.236903076171875000e+02,
4.439881896972656250e+02,
4.857355651855468750e+02,
4.793918151855468750e+02,
4.975798339843750000e+02,
4.673244018554687500e+02,
4.549660949707031250e+02,
4.455665283203125000e+02,
4.813475646972656250e+02,
4.410171508789062500e+02,
4.448509521484375000e+02,
4.689598388671875000e+02,
4.998221130371093750e+02,
4.940509338378906250e+02,
5.126320190429687500e+02,
5.171954956054687500e+02,
4.888916320800781250e+02,
4.531978759765625000e+02,
4.142278747558593750e+02,
3.967950134277343750e+02,
3.888774719238281250e+02,
3.595795898437500000e+02,
3.289786071777343750e+02,
3.209128723144531250e+02,
3.360569763183593750e+02,
3.407069091796875000e+02,
3.362729797363281250e+02,
3.609185180664062500e+02,
3.672066650390625000e+02,
3.746870117187500000e+02,
3.383359985351562500e+02,
3.161933593750000000e+02,
3.210152282714843750e+02,
2.893321228027343750e+02,
3.117695312500000000e+02,
2.790586853027343750e+02,
3.097789001464843750e+02,
3.033117065429687500e+02,
3.145446166992187500e+02,
3.687480773925781250e+02,
3.462428283691406250e+02,
4.126975708007812500e+02,
3.650968017578125000e+02,
3.480041809082031250e+02,
3.019872741699218750e+02,
2.747992553710937500e+02,
2.519124755859375000e+02,
2.496439819335937500e+02,
2.572631225585937500e+02,
2.978159790039062500e+02,
3.021038208007812500e+02,
2.746390075683593750e+02,
2.876553649902343750e+02,
2.714474487304687500e+02,
2.471109771728515625e+02,
2.460190582275390625e+02,
2.197574157714843750e+02,
2.050981597900390625e+02,
1.940759124755859375e+02,
1.955092773437500000e+02,
1.747073364257812500e+02,
1.599375457763671875e+02,
1.650150909423828125e+02,
1.779513549804687500e+02,
1.835023193359375000e+02,
1.446871490478515625e+02,
1.338346862792968750e+02,
1.492855224609375000e+02,
1.276972732543945312e+02,
1.386944732666015625e+02,
1.184839096069335938e+02,
1.280470275878906250e+02,
1.194725875854492188e+02,
1.106275787353515625e+02,
1.346547241210937500e+02,
1.459962615966796875e+02,
1.541029815673828125e+02,
1.762330780029296875e+02,
1.406729736328125000e+02,
1.922946472167968750e+02,
1.628387451171875000e+02,
1.871793823242187500e+02,
1.659290924072265625e+02,
1.562216339111328125e+02,
1.717125701904296875e+02,
1.874259033203125000e+02,
1.935160522460937500e+02,
2.139650268554687500e+02,
2.182134857177734375e+02,
2.273454589843750000e+02,
2.297623901367187500e+02,
1.879851684570312500e+02,
1.697807617187500000e+02,
1.490689697265625000e+02,
1.180090408325195312e+02,
1.007469558715820312e+02,
1.096607894897460938e+02,
1.091923828125000000e+02,
1.509369812011718750e+02,
1.717806854248046875e+02,
1.991433715820312500e+02,
2.470817718505859375e+02,
2.446304779052734375e+02,
2.340714111328125000e+02,
2.018461151123046875e+02,
1.824566650390625000e+02,
1.980945281982421875e+02,
1.762873382568359375e+02,
1.582384033203125000e+02,
1.383809356689453125e+02,
1.670162963867187500e+02,
1.531622772216796875e+02,
1.526013793945312500e+02,
1.457906494140625000e+02,
1.325066070556640625e+02,
1.343323974609375000e+02,
1.190055465698242188e+02,
1.018752975463867188e+02,
9.916017150878906250e+01,
1.001931762695312500e+02,
1.005493469238281250e+02,
9.578109741210937500e+01,
1.193423385620117188e+02,
9.895173645019531250e+01,
1.189333038330078125e+02,
1.008054351806640625e+02,
1.305814208984375000e+02,
1.067153930664062500e+02,
1.174523696899414062e+02,
1.283933715820312500e+02,
1.447890777587890625e+02,
1.402629852294921875e+02,
1.546509704589843750e+02,
1.546916503906250000e+02,
1.709456787109375000e+02,
1.888846893310546875e+02,
2.135583801269531250e+02,
2.220565643310546875e+02,
2.034293670654296875e+02,
2.054149017333984375e+02,
1.922220611572265625e+02,
2.232492523193359375e+02,
2.045990600585937500e+02,
2.179822692871093750e+02,
4.019773254394531250e+02,
3.702393188476562500e+02,
3.658898315429687500e+02,
3.243687133789062500e+02,
3.014439086914062500e+02,
3.123404235839843750e+02,
3.629815368652343750e+02,
3.696459655761718750e+02,
3.614729919433593750e+02,
3.480515747070312500e+02,
3.470321960449218750e+02,
3.058621215820312500e+02,
2.921650085449218750e+02,
2.941543273925781250e+02,
3.255840454101562500e+02,
3.934768371582031250e+02,
3.995060729980468750e+02,
4.513829956054687500e+02,
5.036752014160156250e+02,
5.232522583007812500e+02,
5.167455444335937500e+02,
4.406188964843750000e+02,
4.366835021972656250e+02,
4.018849487304687500e+02,
3.120736389160156250e+02,
3.479862365722656250e+02,
3.560788574218750000e+02,
3.749385375976562500e+02,
4.128536071777343750e+02,
3.842294311523437500e+02,
3.948236389160156250e+02,
3.744033203125000000e+02,
3.901772766113281250e+02,
3.611112060546875000e+02,
3.199945678710937500e+02,
3.688492431640625000e+02,
3.201919250488281250e+02,
2.975143432617187500e+02,
3.066464538574218750e+02,
2.970715026855468750e+02,
2.872860107421875000e+02,
2.756304931640625000e+02,
2.882565002441406250e+02,
3.172825317382812500e+02,
3.123340759277343750e+02,
3.134909057617187500e+02,
3.159901428222656250e+02,
3.041228027343750000e+02,
6.461881103515625000e+02,
1.592776245117187500e+03,
2.242375732421875000e+03,
3.431662597656250000e+03,
4.446444335937500000e+03,
4.648627929687500000e+03,
4.357427734375000000e+03,
3.747298339843750000e+03,
3.330673583984375000e+03,
2.634756103515625000e+03,
2.168778076171875000e+03,
2.016901245117187500e+03,
1.742024902343750000e+03,
1.551823730468750000e+03,
1.513428588867187500e+03,
1.364970825195312500e+03,
1.250696289062500000e+03,
1.091252685546875000e+03,
1.095791015625000000e+03,
1.044701416015625000e+03,
1.053598754882812500e+03,
1.012145568847656250e+03,
1.073600952148437500e+03,
1.176735473632812500e+03,
1.259662719726562500e+03,
1.399324340820312500e+03,
1.512866210937500000e+03,
1.574325195312500000e+03,
1.491914428710937500e+03,
1.302410156250000000e+03,
1.273783447265625000e+03,
1.247865844726562500e+03,
1.170847534179687500e+03,
1.134339111328125000e+03,
1.083549194335937500e+03,
1.032040283203125000e+03,
1.083576538085937500e+03,
1.030950805664062500e+03,
1.023968505859375000e+03,
9.286571044921875000e+02,
9.261038208007812500e+02,
8.488007202148437500e+02,
7.881611938476562500e+02,
8.181524047851562500e+02,
7.764468383789062500e+02,
7.640654296875000000e+02,
7.395488891601562500e+02,
7.099688110351562500e+02,
6.548157958984375000e+02,
5.966500854492187500e+02,
5.340573730468750000e+02,
4.744012451171875000e+02,
4.658715209960937500e+02,
4.163987731933593750e+02,
3.649306945800781250e+02,
3.665497741699218750e+02,
3.420706787109375000e+02,
3.553574218750000000e+02,
3.571628723144531250e+02,
3.331151123046875000e+02,
3.657776794433593750e+02,
3.466423645019531250e+02,
3.038844299316406250e+02,
3.004643859863281250e+02,
2.750988769531250000e+02,
2.901953430175781250e+02,
2.946342468261718750e+02,
2.872028808593750000e+02,
3.423253784179687500e+02,
3.836193237304687500e+02,
3.955534057617187500e+02,
3.839146423339843750e+02,
3.913013000488281250e+02,
3.995255737304687500e+02,
3.969922790527343750e+02,
3.989827880859375000e+02,
3.922576293945312500e+02,
3.691473083496093750e+02,
3.549261474609375000e+02,
3.431896362304687500e+02,
3.440055541992187500e+02,
3.618522338867187500e+02,
3.838106994628906250e+02,
3.320384216308593750e+02,
3.212264709472656250e+02,
3.381528930664062500e+02,
2.828406677246093750e+02,
2.728396301269531250e+02,
2.577306213378906250e+02,
2.393490295410156250e+02,
2.169033203125000000e+02,
2.095578460693359375e+02,
1.846952362060546875e+02,
1.851007995605468750e+02,
1.913800354003906250e+02,
2.019663391113281250e+02,
2.326085357666015625e+02,
2.567500610351562500e+02,
3.075564880371093750e+02,
3.186610717773437500e+02,
3.434916076660156250e+02,
3.795695495605468750e+02,
4.459517211914062500e+02,
4.157398071289062500e+02,
4.655930175781250000e+02,
5.018068237304687500e+02,
5.053411560058593750e+02,
5.535668945312500000e+02,
5.582636718750000000e+02,
5.048599853515625000e+02,
5.194069213867187500e+02,
5.159427490234375000e+02,
5.124245605468750000e+02,
5.450809326171875000e+02,
5.157615966796875000e+02,
5.541946411132812500e+02,
4.786780700683593750e+02,
4.429375000000000000e+02,
4.418633422851562500e+02,
3.966174316406250000e+02,
3.942978210449218750e+02,
3.669168090820312500e+02,
3.835552673339843750e+02,
3.953451843261718750e+02,
4.001451110839843750e+02,
3.809969787597656250e+02,
3.669708862304687500e+02,
3.153595275878906250e+02,
3.348457641601562500e+02,
3.369748229980468750e+02,
3.523312683105468750e+02,
3.936932678222656250e+02,
3.676304626464843750e+02,
3.836329345703125000e+02,
3.326714782714843750e+02,
3.112191467285156250e+02,
2.851671142578125000e+02,
3.076614990234375000e+02,
2.822428894042968750e+02,
2.870326232910156250e+02,
2.768119201660156250e+02,
2.540609588623046875e+02,
2.420510864257812500e+02,
2.337030334472656250e+02,
1.852863922119140625e+02,
1.750918731689453125e+02,
1.701428375244140625e+02,
1.723322143554687500e+02,
1.557450866699218750e+02,
1.259344406127929688e+02,
1.487121124267578125e+02,
1.181237564086914062e+02,
1.414945831298828125e+02,
1.322334747314453125e+02,
1.299332580566406250e+02,
1.585289001464843750e+02,
1.491749725341796875e+02,
1.616363525390625000e+02,
1.687714996337890625e+02,
1.834056243896484375e+02,
1.669149932861328125e+02,
1.813490295410156250e+02,
2.087613372802734375e+02,
2.163308715820312500e+02,
2.251357879638671875e+02,
2.475033264160156250e+02,
1.742121734619140625e+02,
1.484355316162109375e+02,
1.110241317749023438e+02,
1.302017059326171875e+02,
1.592406005859375000e+02,
1.893019561767578125e+02,
2.108515777587890625e+02,
2.189282073974609375e+02,
2.099737091064453125e+02,
2.022697143554687500e+02,
1.895493164062500000e+02,
1.581635131835937500e+02,
1.521861114501953125e+02,
1.542151489257812500e+02,
1.281700592041015625e+02,
1.123767395019531250e+02,
1.014260940551757812e+02,
1.034073410034179688e+02,
1.015245132446289062e+02,
1.108762893676757812e+02,
9.857180023193359375e+01,
9.723896789550781250e+01,
1.129742431640625000e+02,
1.287717285156250000e+02,
1.398089294433593750e+02,
1.337237548828125000e+02,
1.528730010986328125e+02,
1.666163940429687500e+02,
1.815077972412109375e+02,
1.991564331054687500e+02,
2.378374481201171875e+02,
2.241808929443359375e+02,
2.215848541259765625e+02,
2.154467468261718750e+02,
