5.009728088378906250e+02,
4.878908081054687500e+02,
4.700759582519531250e+02,
4.636442260742187500e+02,
4.072612915039062500e+02,
4.116030578613281250e+02,
4.278170776367187500e+02,
4.104036254882812500e+02,
4.010178527832031250e+02,
4.429722290039062500e+02,
4.707020263671875000e+02,
4.797698059082031250e+02,
4.781929626464843750e+02,
4.559625549316406250e+02,
5.075099792480468750e+02,
4.701317749023437500e+02,
4.643020019531250000e+02,
4.804772033691406250e+02,
4.639687500000000000e+02,
4.667267150878906250e+02,
4.435507812500000000e+02,
4.746162414550781250e+02,
4.458891601562500000e+02,
4.598393249511718750e+02,
4.626798706054687500e+02,
4.540278320312500000e+02,
4.464499511718750000e+02,
4.342104492187500000e+02,
4.752876586914062500e+02,
4.734353027343750000e+02,
4.958365478515625000e+02,
5.333584594726562500e+02,
5.259525756835937500e+02,
5.046002502441406250e+02,
4.796585388183593750e+02,
4.757966918945312500e+02,
4.773891906738281250e+02,
5.057926330566406250e+02,
5.226724853515625000e+02,
5.115470581054687500e+02,
5.094705810546875000e+02,
4.780795593261718750e+02,
4.902483825683593750e+02,
5.139179687500000000e+02,
5.247556762695312500e+02,
4.767380676269531250e+02,
4.493791809082031250e+02,
4.371936035156250000e+02,
4.088888854980468750e+02,
4.211515197753906250e+02,
4.259131774902343750e+02,
4.354428405761718750e+02,
4.594282836914062500e+02,
4.953735656738281250e+02,
4.485422363281250000e+02,
4.614239501953125000e+02,
4.341658935546875000e+02,
4.368395996093750000e+02,
4.525123291015625000e+02,
4.360528869628906250e+02,
4.354911193847656250e+02,
4.238641052246093750e+02,
4.112820739746093750e+02,
4.180829467773437500e+02,
4.016162109375000000e+02,
4.052482299804687500e+02,
4.629891052246093750e+02,
4.542059936523437500e+02,
4.610992126464843750e+02,
4.466938476562500000e+02,
4.349679565429687500e+02,
4.409941406250000000e+02,
4.377464904785156250e+02,
4.430526733398437500e+02,
4.873955383300781250e+02,
4.874508972167968750e+02,
5.208438720703125000e+02,
5.658806762695312500e+02,
5.984904174804687500e+02,
5.898197631835937500e+02,
5.825015258789062500e+02,
6.009831542968750000e+02,
5.291912231445312500e+02,
5.349076538085937500e+02,
5.375067749023437500e+02,
5.490172119140625000e+02,
5.340902709960937500e+02,
5.719518432617187500e+02,
5.398368530273437500e+02,
5.663169555664062500e+02,
5.591522827148437500e+02,
5.244555664062500000e+02,
5.297757568359375000e+02,
4.771966247558593750e+02,
4.881771240234375000e+02,
5.102422485351562500e+02,
5.295296630859375000e+02,
4.937106018066406250e+02,
5.096807250976562500e+02,
5.456180419921875000e+02,
5.244054565429687500e+02,
5.220684204101562500e+02,
5.387077636718750000e+02,
5.475014038085937500e+02,
5.915874023437500000e+02,
5.513732299804687500e+02,
5.400014038085937500e+02,
5.527269287109375000e+02,
5.406557617187500000e+02,
5.496336059570312500e+02,
5.463483276367187500e+02,
5.265128173828125000e+02,
5.209409179687500000e+02,
5.176137084960937500e+02,
5.216824951171875000e+02,
5.161420898437500000e+02,
4.966426391601562500e+02,
4.808178710937500000e+02,
5.266766357421875000e+02,
4.921427917480468750e+02,
5.056007385253906250e+02,
5.001140136718750000e+02,
4.956616516113281250e+02,
5.382086791992187500e+02,
5.433010253906250000e+02,
5.205733642578125000e+02,
5.488286743164062500e+02,
5.043064880371093750e+02,
5.171950683593750000e+02,
5.266030883789062500e+02,
4.987036132812500000e+02,
5.336427612304687500e+02,
4.976042785644531250e+02,
5.315540771484375000e+02,
5.246733398437500000e+02,
5.275607299804687500e+02,
5.515885009765625000e+02,
5.582819213867187500e+02,
5.359013061523437500e+02,
5.406408081054687500e+02,
5.458267211914062500e+02,
5.090187683105468750e+02,
5.146616821289062500e+02,
4.850079650878906250e+02,
4.735130615234375000e+02,
4.713712158203125000e+02,
4.698067321777343750e+02,
4.795873413085937500e+02,
4.759270019531250000e+02,
4.901275634765625000e+02,
5.088610839843750000e+02,
4.795305175781250000e+02,
4.823837585449218750e+02,
4.519093933105468750e+02,
4.439835815429687500e+02,
4.466419677734375000e+02,
4.385251770019531250e+02,
4.431448669433593750e+02,
4.543227233886718750e+02,
4.291878662109375000e+02,
4.272821044921875000e+02,
4.201776123046875000e+02,
4.208860778808593750e+02,
4.074237060546875000e+02,
4.173236083984375000e+02,
3.917874450683593750e+02,
3.741988830566406250e+02,
3.895357666015625000e+02,
3.928654174804687500e+02,
3.773031616210937500e+02,
3.862879638671875000e+02,
3.797221984863281250e+02,
3.812281188964843750e+02,
3.626513977050781250e+02,
3.783939208984375000e+02,
3.464470825195312500e+02,
3.422879943847656250e+02,
3.096120605468750000e+02,
3.289367980957031250e+02,
3.306669921875000000e+02,
3.283060913085937500e+02,
3.390288391113281250e+02,
3.472865295410156250e+02,
3.470758361816406250e+02,
3.320961303710937500e+02,
3.295404663085937500e+02,
3.707424011230468750e+02,
3.875970153808593750e+02,
3.507221679687500000e+02,
3.601923217773437500e+02,
3.715806884765625000e+02,
3.387990112304687500e+02,
3.232655944824218750e+02,
3.111694946289062500e+02,
3.312033386230468750e+02,
3.690870666503906250e+02,
3.763557739257812500e+02,
3.659352111816406250e+02,
3.818244018554687500e+02,
3.950049743652343750e+02,
4.164097595214843750e+02,
4.384483337402343750e+02,
4.467737731933593750e+02,
4.098296813964843750e+02,
4.154976806640625000e+02,
3.930524597167968750e+02,
3.650147094726562500e+02,
3.431224975585937500e+02,
3.560354919433593750e+02,
3.604854736328125000e+02,
3.484387207031250000e+02,
3.530202331542968750e+02,
3.457743530273437500e+02,
3.555404663085937500e+02,
3.831085205078125000e+02,
3.539203491210937500e+02,
3.774657592773437500e+02,
3.922582397460937500e+02,
4.475096435546875000e+02,
4.150125427246093750e+02,
4.295774536132812500e+02,
4.242566833496093750e+02,
4.188076171875000000e+02,
3.990650939941406250e+02,
4.006885375976562500e+02,
3.981920166015625000e+02,
3.727578735351562500e+02,
3.899266967773437500e+02,
3.689627685546875000e+02,
3.659833374023437500e+02,
3.768094177246093750e+02,
3.900371093750000000e+02,
3.866066284179687500e+02,
3.695480346679687500e+02,
3.738110351562500000e+02,
3.827573242187500000e+02,
4.151907653808593750e+02,
3.840790100097656250e+02,
4.007377624511718750e+02,
3.869576721191406250e+02,
3.903682556152343750e+02,
4.081787414550781250e+02,
4.271655273437500000e+02,
4.445601806640625000e+02,
4.263244934082031250e+02,
4.121828918457031250e+02,
4.329735107421875000e+02,
4.141932373046875000e+02,
4.205409851074218750e+02,
4.339875488281250000e+02,
4.269616394042968750e+02,
4.220364074707031250e+02,
4.356893310546875000e+02,
4.656263732910156250e+02,
4.481934509277343750e+02,
4.421612548828125000e+02,
4.451845703125000000e+02,
4.430205688476562500e+02,
4.374913330078125000e+02,
4.142089538574218750e+02,
3.999065856933593750e+02,
3.734786071777343750e+02,
3.762174987792968750e+02,
3.469897766113281250e+02,
3.402012023925781250e+02,
3.501719360351562500e+02,
3.451971130371093750e+02,
3.385083007812500000e+02,
3.545627136230468750e+02,
3.589119567871093750e+02,
3.624969482421875000e+02,
3.401247863769531250e+02,
3.442440490722656250e+02,
3.378597106933593750e+02,
3.370308227539062500e+02,
3.123856811523437500e+02,
3.297503051757812500e+02,
3.347703857421875000e+02,
3.870622253417968750e+02,
3.211328735351562500e+02,
3.316403503417968750e+02,
3.204637145996093750e+02,
3.296347656250000000e+02,
3.184009094238281250e+02,
3.305367126464843750e+02,
3.442350158691406250e+02,
3.523766174316406250e+02,
3.338767700195312500e+02,
3.346683959960937500e+02,
3.399758911132812500e+02,
3.244759216308593750e+02,
3.428749694824218750e+02,
3.776620178222656250e+02,
4.137432250976562500e+02,
4.324418945312500000e+02,
4.371584777832031250e+02,
4.373776550292968750e+02,
4.290487365722656250e+02,
4.293826599121093750e+02,
4.315136108398437500e+02,
4.307628479003906250e+02,
4.142941284179687500e+02,
3.831894531250000000e+02,
3.645255432128906250e+02,
3.670624694824218750e+02,
4.135905151367187500e+02,
4.484044494628906250e+02,
4.722582092285156250e+02,
5.020033264160156250e+02,
5.313793945312500000e+02,
5.498929443359375000e+02,
5.040746459960937500e+02,
5.112143249511718750e+02,
4.981801147460937500e+02,
4.643508605957031250e+02,
4.215635681152343750e+02,
4.335052795410156250e+02,
4.443802185058593750e+02,
4.504094238281250000e+02,
4.670129699707031250e+02,
4.570894775390625000e+02,
4.385146179199218750e+02,
4.655639953613281250e+02,
4.319076538085937500e+02,
3.917027893066406250e+02,
3.873993530273437500e+02,
3.684990234375000000e+02,
3.798442382812500000e+02,
3.718158874511718750e+02,
3.509114074707031250e+02,
3.786707458496093750e+02,
4.177700500488281250e+02,
3.888295288085937500e+02,
4.104627380371093750e+02,
3.806793212890625000e+02,
4.177597351074218750e+02,
4.049960632324218750e+02,
3.899143066406250000e+02,
3.833646850585937500e+02,
3.533515014648437500e+02,
3.261110534667968750e+02,
3.348083801269531250e+02,
3.566551208496093750e+02,
3.679089965820312500e+02,
3.835829162597656250e+02,
3.951326293945312500e+02,
4.007379150390625000e+02,
3.479453735351562500e+02,
3.370290527343750000e+02,
3.302631225585937500e+02,
3.516665039062500000e+02,
3.688564758300781250e+02,
3.728518981933593750e+02,
3.938103637695312500e+02,
4.190572509765625000e+02,
4.115041503906250000e+02,
4.407573242187500000e+02,
4.301176147460937500e+02,
4.528616638183593750e+02,
4.378671569824218750e+02,
4.284333496093750000e+02,
4.277697143554687500e+02,
4.146298828125000000e+02,
4.291317749023437500e+02,
3.753593750000000000e+02,
3.791301574707031250e+02,
3.540279541015625000e+02,
3.396377868652343750e+02,
3.260458984375000000e+02,
2.833994140625000000e+02,
2.815462036132812500e+02,
2.799660644531250000e+02,
2.780527038574218750e+02,
3.242263183593750000e+02,
2.821586608886718750e+02,
2.984601440429687500e+02,
3.139604187011718750e+02,
3.005242614746093750e+02,
3.352080078125000000e+02,
2.843411865234375000e+02,
2.831336364746093750e+02,
3.041732177734375000e+02,
2.985308227539062500e+02,
3.195561218261718750e+02,
3.331364746093750000e+02,
3.382845458984375000e+02,
5.301621093750000000e+02,
5.551621093750000000e+02,
5.515104980468750000e+02,
5.553244628906250000e+02,
5.606949462890625000e+02,
5.481930541992187500e+02,
5.451526489257812500e+02,
5.340677490234375000e+02,
5.200796508789062500e+02,
5.326870117187500000e+02,
5.106621093750000000e+02,
4.973296813964843750e+02,
5.340864868164062500e+02,
5.483858032226562500e+02,
5.468485717773437500e+02,
5.759080200195312500e+02,
5.875639038085937500e+02,
6.052449340820312500e+02,
5.780044555664062500e+02,
5.362810668945312500e+02,
5.526040649414062500e+02,
5.528648681640625000e+02,
5.299553833007812500e+02,
5.062806701660156250e+02,
5.003663330078125000e+02,
5.199072875976562500e+02,
5.255601806640625000e+02,
4.898935546875000000e+02,
4.859724731445312500e+02,
4.865074768066406250e+02,
4.724150390625000000e+02,
4.620239257812500000e+02,
4.767214965820312500e+02,
5.039052734375000000e+02,
5.091640319824218750e+02,
5.162971801757812500e+02,
5.472048339843750000e+02,
6.095493774414062500e+02,
6.106721801757812500e+02,
6.371583862304687500e+02,
6.475076293945312500e+02,
5.912828979492187500e+02,
6.110723876953125000e+02,
5.782429809570312500e+02,
5.811310424804687500e+02,
5.851253662109375000e+02,
5.524191894531250000e+02,
5.472195434570312500e+02,
5.577193603515625000e+02,
5.833592529296875000e+02,
6.191453247070312500e+02,
6.653670654296875000e+02,
6.414965209960937500e+02,
6.411845092773437500e+02,
6.192747802734375000e+02,
6.032767944335937500e+02,
6.035396118164062500e+02,
5.814457397460937500e+02,
5.446395263671875000e+02,
5.517707519531250000e+02,
5.614472656250000000e+02,
6.091004638671875000e+02,
5.644772338867187500e+02,
5.562224731445312500e+02,
5.717861938476562500e+02,
5.719853515625000000e+02,
5.755317382812500000e+02,
5.598242797851562500e+02,
5.997459716796875000e+02,
5.676262207031250000e+02,
5.482912597656250000e+02,
5.318488159179687500e+02,
5.335209350585937500e+02,
5.557305908203125000e+02,
5.120886840820312500e+02,
5.150365600585937500e+02,
5.099096984863281250e+02,
4.959978027343750000e+02,
4.906108398437500000e+02,
4.675720214843750000e+02,
4.432301025390625000e+02,
4.266385498046875000e+02,
4.114713134765625000e+02,
4.045990295410156250e+02,
4.129760437011718750e+02,
3.937064208984375000e+02,
3.737476196289062500e+02,
3.805798645019531250e+02,
3.855502014160156250e+02,
3.709779968261718750e+02,
3.645027465820312500e+02,
4.052318420410156250e+02,
4.045430908203125000e+02,
3.976289367675781250e+02,
4.187600402832031250e+02,
3.952791442871093750e+02,
4.257389831542968750e+02,
4.342870788574218750e+02,
4.743887634277343750e+02,
4.833523559570312500e+02,
4.607474060058593750e+02,
4.350421142578125000e+02,
4.334317626953125000e+02,
4.335088195800781250e+02,
3.998489990234375000e+02,
4.043548583984375000e+02,
4.384452209472656250e+02,
4.366101989746093750e+02,
4.918945922851562500e+02,
4.990505371093750000e+02,
4.847678527832031250e+02,
4.446016540527343750e+02,
4.216883544921875000e+02,
4.268324584960937500e+02,
4.264676818847656250e+02,
4.133477172851562500e+02,
4.212314147949218750e+02,
4.188127441406250000e+02,
4.282730102539062500e+02,
4.616657714843750000e+02,
4.449861755371093750e+02,
4.804823303222656250e+02,
4.847719421386718750e+02,
5.047011413574218750e+02,
5.002693176269531250e+02,
5.265299682617187500e+02,
4.927594299316406250e+02,
4.943902282714843750e+02,
4.882140808105468750e+02,
4.609374084472656250e+02,
4.096992797851562500e+02,
3.794249267578125000e+02,
3.880886230468750000e+02,
3.823910827636718750e+02,
3.890473327636718750e+02,
3.673156127929687500e+02,
3.604733886718750000e+02,
3.829529724121093750e+02,
3.693757934570312500e+02,
3.429882812500000000e+02,
3.602854003906250000e+02,
3.489773254394531250e+02,
3.477069702148437500e+02,
3.833536071777343750e+02,
3.998088073730468750e+02,
4.338414611816406250e+02,
4.719114685058593750e+02,
5.166049804687500000e+02,
4.756601867675781250e+02,
4.195622558593750000e+02,
4.546167297363281250e+02,
4.835586547851562500e+02,
4.996097717285156250e+02,
5.386268920898437500e+02,
6.003450317382812500e+02,
5.933937988281250000e+02,
5.958873901367187500e+02,
5.359215087890625000e+02,
5.300709838867187500e+02,
5.267115478515625000e+02,
5.018775634765625000e+02,
4.955529479980468750e+02,
4.589159545898437500e+02,
4.210434265136718750e+02,
4.553876037597656250e+02,
4.596068725585937500e+02,
4.465580139160156250e+02,
4.647110900878906250e+02,
4.098795471191406250e+02,
4.244064331054687500e+02,
4.202802734375000000e+02,
3.837751770019531250e+02,
4.031096496582031250e+02,
3.994256896972656250e+02,
4.040265808105468750e+02,
4.247879943847656250e+02,
4.633493041992187500e+02,
4.794583129882812500e+02,
4.688868713378906250e+02,
4.774831848144531250e+02,
4.418740234375000000e+02,
4.100652160644531250e+02,
3.588596496582031250e+02,
3.370517883300781250e+02,
3.341585693359375000e+02,
3.159347229003906250e+02,
3.050711669921875000e+02,
3.222834167480468750e+02,
3.077184448242187500e+02,
3.105167236328125000e+02,
3.091263732910156250e+02,
5.633374023437500000e+02,
5.910202636718750000e+02,
5.881891479492187500e+02,
5.874515380859375000e+02,
6.052633666992187500e+02,
5.870751953125000000e+02,
5.501718139648437500e+02,
5.994047851562500000e+02,
6.232855224609375000e+02,
6.370064086914062500e+02,
6.819440917968750000e+02,
6.151702880859375000e+02,
5.809839477539062500e+02,
5.960893554687500000e+02,
5.975452270507812500e+02,
6.118804931640625000e+02,
5.743155517578125000e+02,
5.453836059570312500e+02,
5.288706665039062500e+02,
5.149527587890625000e+02,
5.243557128906250000e+02,
5.377283325195312500e+02,
5.547188110351562500e+02,
6.086100463867187500e+02,
6.548530883789062500e+02,
6.551861572265625000e+02,
7.149251098632812500e+02,
6.857216796875000000e+02,
6.646959838867187500e+02,
6.396502685546875000e+02,
6.536062011718750000e+02,
6.190455322265625000e+02,
6.564455566406250000e+02,
6.589857788085937500e+02,
6.950967407226562500e+02,
6.661249389648437500e+02,
6.827845458984375000e+02,
6.519223632812500000e+02,
6.294669189453125000e+02,
6.388257446289062500e+02,
6.196221313476562500e+02,
6.269927368164062500e+02,
6.149488525390625000e+02,
5.945337524414062500e+02,
6.022490234375000000e+02,
6.084273071289062500e+02,
6.334622802734375000e+02,
6.163898315429687500e+02,
5.990718383789062500e+02,
5.541279907226562500e+02,
5.290406494140625000e+02,
4.997567749023437500e+02,
4.757304992675781250e+02,
4.634409484863281250e+02,
4.387698059082031250e+02,
4.332650451660156250e+02,
4.029399108886718750e+02,
4.234837951660156250e+02,
4.334878234863281250e+02,
4.564291381835937500e+02,
4.482000732421875000e+02,
4.436722717285156250e+02,
4.682438659667968750e+02,
5.017089233398437500e+02,
4.975436096191406250e+02,
5.019864196777343750e+02,
4.843676452636718750e+02,
5.052602844238281250e+02,
5.065256347656250000e+02,
5.306771850585937500e+02,
5.064285583496093750e+02,
5.085157470703125000e+02,
5.061839904785156250e+02,
4.850513305664062500e+02,
4.679437255859375000e+02,
4.659919738769531250e+02,
4.626829528808593750e+02,
4.603849182128906250e+02,
4.801357116699218750e+02,
5.499318847656250000e+02,
5.786095581054687500e+02,
5.769992675781250000e+02,
5.865367431640625000e+02,
5.706063232421875000e+02,
5.568196411132812500e+02,
5.306690063476562500e+02,
4.648679199218750000e+02,
4.345386047363281250e+02,
4.016768493652343750e+02,
4.057800292968750000e+02,
3.878521728515625000e+02,
4.005058288574218750e+02,
3.837081298828125000e+02,
3.994865417480468750e+02,
4.171643676757812500e+02,
4.556856079101562500e+02,
4.832593688964843750e+02,
5.186785278320312500e+02,
4.901948852539062500e+02,
5.072623901367187500e+02,
5.688881835937500000e+02,
6.092368164062500000e+02,
6.393480224609375000e+02,
7.033010253906250000e+02,
6.716207885742187500e+02,
6.010925292968750000e+02,
5.769020996093750000e+02,
5.488546752929687500e+02,
4.978110046386718750e+02,
4.852826232910156250e+02,
4.876363830566406250e+02,
4.946972351074218750e+02,
4.817026977539062500e+02,
4.300717163085937500e+02,
4.359783325195312500e+02,
4.715759582519531250e+02,
5.225197143554687500e+02,
5.080102539062500000e+02,
4.856855163574218750e+02,
4.682138977050781250e+02,
4.083514404296875000e+02,
3.811454162597656250e+02,
3.686523742675781250e+02,
3.436659240722656250e+02,
3.183887023925781250e+02,
3.265744934082031250e+02,
