6.522909545898437500e+02,
6.016012573242187500e+02,
6.137922363281250000e+02,
5.350236206054687500e+02,
4.369674072265625000e+02,
5.168684692382812500e+02,
4.537384033203125000e+02,
4.541878356933593750e+02,
4.400399169921875000e+02,
4.145246582031250000e+02,
3.884378662109375000e+02,
3.710007629394531250e+02,
3.697014160156250000e+02,
3.808964538574218750e+02,
3.948851928710937500e+02,
3.955068054199218750e+02,
4.061665039062500000e+02,
4.069813842773437500e+02,
4.692790527343750000e+02,
4.404897460937500000e+02,
4.646082458496093750e+02,
4.876799316406250000e+02,
5.411611328125000000e+02,
5.684603881835937500e+02,
5.634393310546875000e+02,
5.991326904296875000e+02,
6.320944824218750000e+02,
5.803416137695312500e+02,
5.599097900390625000e+02,
5.181597900390625000e+02,
4.998226623535156250e+02,
4.815738830566406250e+02,
4.745408325195312500e+02,
4.771182250976562500e+02,
4.645842590332031250e+02,
4.850950927734375000e+02,
4.437671203613281250e+02,
4.692342529296875000e+02,
4.677382507324218750e+02,
4.684186706542968750e+02,
4.436658020019531250e+02,
4.236186218261718750e+02,
3.875572509765625000e+02,
4.008709716796875000e+02,
3.931318664550781250e+02,
3.940504760742187500e+02,
3.821148681640625000e+02,
3.845486450195312500e+02,
3.853160705566406250e+02,
3.996916198730468750e+02,
3.915780029296875000e+02,
3.658230895996093750e+02,
4.034838867187500000e+02,
3.871260681152343750e+02,
3.703414001464843750e+02,
3.608416748046875000e+02,
3.247261352539062500e+02,
3.262238464355468750e+02,
3.140656738281250000e+02,
3.037303161621093750e+02,
3.119733886718750000e+02,
3.060354919433593750e+02,
3.002136535644531250e+02,
3.233287048339843750e+02,
2.998412780761718750e+02,
3.061268615722656250e+02,
3.076820983886718750e+02,
3.148117065429687500e+02,
3.109292297363281250e+02,
3.064057617187500000e+02,
3.053750610351562500e+02,
2.856278686523437500e+02,
2.761047973632812500e+02,
2.592124633789062500e+02,
2.558626556396484375e+02,
2.425136871337890625e+02,
2.191547698974609375e+02,
2.301341705322265625e+02,
2.360786590576171875e+02,
2.802458801269531250e+02,
2.548801727294921875e+02,
2.617390441894531250e+02,
2.549485015869140625e+02,
2.534698486328125000e+02,
2.470456542968750000e+02,
2.279549713134765625e+02,
2.420509643554687500e+02,
2.012299652099609375e+02,
1.923898315429687500e+02,
1.907433319091796875e+02,
1.888890075683593750e+02,
2.046529083251953125e+02,
2.039155883789062500e+02,
1.810120239257812500e+02,
2.105334320068359375e+02,
1.885225067138671875e+02,
2.023479003906250000e+02,
2.287045288085937500e+02,
2.155751953125000000e+02,
2.404328308105468750e+02,
2.518394470214843750e+02,
2.214809112548828125e+02,
2.186290588378906250e+02,
2.124756164550781250e+02,
2.276050567626953125e+02,
2.149241638183593750e+02,
2.212562866210937500e+02,
2.405022735595703125e+02,
2.325598754882812500e+02,
2.117423858642578125e+02,
2.088856964111328125e+02,
2.268231506347656250e+02,
1.961880340576171875e+02,
2.288666076660156250e+02,
2.196029357910156250e+02,
2.303137664794921875e+02,
2.323825683593750000e+02,
2.509346466064453125e+02,
2.209407196044921875e+02,
2.319037475585937500e+02,
2.208376464843750000e+02,
2.408019866943359375e+02,
2.482927398681640625e+02,
2.732880249023437500e+02,
2.843499755859375000e+02,
2.569104003906250000e+02,
2.526639099121093750e+02,
2.579289245605468750e+02,
2.877058105468750000e+02,
2.954659118652343750e+02,
2.580828857421875000e+02,
2.615909118652343750e+02,
2.593616027832031250e+02,
2.407909698486328125e+02,
2.139430847167968750e+02,
2.033164978027343750e+02,
1.827461853027343750e+02,
1.651757354736328125e+02,
1.593354949951171875e+02,
1.733062896728515625e+02,
1.699893188476562500e+02,
1.812061767578125000e+02,
1.744290161132812500e+02,
1.857983703613281250e+02,
2.057676849365234375e+02,
1.923592834472656250e+02,
2.456072692871093750e+02,
2.569436340332031250e+02,
2.607122497558593750e+02,
2.975360107421875000e+02,
2.830940856933593750e+02,
3.002296447753906250e+02,
3.152085571289062500e+02,
3.326903991699218750e+02,
3.126317749023437500e+02,
3.360198059082031250e+02,
3.031416625976562500e+02,
2.923088684082031250e+02,
2.651625976562500000e+02,
2.158286437988281250e+02,
2.201777801513671875e+02,
2.173838806152343750e+02,
2.319666137695312500e+02,
2.373384552001953125e+02,
2.487367553710937500e+02,
2.540812225341796875e+02,
2.274901428222656250e+02,
2.501031646728515625e+02,
2.374045715332031250e+02,
2.093843231201171875e+02,
2.332010192871093750e+02,
2.078611297607421875e+02,
2.024109039306640625e+02,
2.095585327148437500e+02,
2.195003509521484375e+02,
2.501040649414062500e+02,
2.482758026123046875e+02,
2.687635803222656250e+02,
2.645507202148437500e+02,
2.340001068115234375e+02,
2.370675048828125000e+02,
2.360721740722656250e+02,
2.401586456298828125e+02,
2.309948577880859375e+02,
2.401261138916015625e+02,
2.423804931640625000e+02,
2.537124023437500000e+02,
2.185206298828125000e+02,
2.293289184570312500e+02,
2.373074645996093750e+02,
2.446241760253906250e+02,
2.340085449218750000e+02,
2.469067687988281250e+02,
2.559996795654296875e+02,
2.448852539062500000e+02,
2.657241821289062500e+02,
2.631125183105468750e+02,
2.798984680175781250e+02,
2.632304077148437500e+02,
2.661925048828125000e+02,
2.999602966308593750e+02,
2.865384826660156250e+02,
3.106981506347656250e+02,
3.108553771972656250e+02,
3.122625427246093750e+02,
3.341710510253906250e+02,
3.266881713867187500e+02,
3.243262634277343750e+02,
3.302040710449218750e+02,
3.135414123535156250e+02,
3.198178710937500000e+02,
3.015790710449218750e+02,
2.971759643554687500e+02,
2.844703369140625000e+02,
2.832148742675781250e+02,
3.022696228027343750e+02,
3.261246643066406250e+02,
3.142802124023437500e+02,
3.210132141113281250e+02,
3.214956054687500000e+02,
3.122239379882812500e+02,
3.305358581542968750e+02,
2.908206481933593750e+02,
2.889430236816406250e+02,
3.109072265625000000e+02,
3.024388732910156250e+02,
3.041955261230468750e+02,
3.044548950195312500e+02,
3.208111267089843750e+02,
3.105780639648437500e+02,
3.338285827636718750e+02,
3.600108032226562500e+02,
3.749244079589843750e+02,
3.875505676269531250e+02,
4.027918395996093750e+02,
4.099395446777343750e+02,
3.944584045410156250e+02,
3.891901245117187500e+02,
3.687483520507812500e+02,
3.505419006347656250e+02,
3.430636901855468750e+02,
3.443344726562500000e+02,
3.476497497558593750e+02,
3.358377380371093750e+02,
3.340942687988281250e+02,
3.365457153320312500e+02,
3.666842346191406250e+02,
3.827566223144531250e+02,
3.654484252929687500e+02,
3.837821350097656250e+02,
4.023236389160156250e+02,
4.092510986328125000e+02,
3.808652038574218750e+02,
3.998008728027343750e+02,
3.704255981445312500e+02,
3.802138977050781250e+02,
3.607214355468750000e+02,
3.619178771972656250e+02,
3.853200378417968750e+02,
3.948469238281250000e+02,
3.977058410644531250e+02,
3.883656311035156250e+02,
4.317503356933593750e+02,
4.566324462890625000e+02,
4.801880798339843750e+02,
4.465033264160156250e+02,
4.303482971191406250e+02,
4.114414062500000000e+02,
4.176046142578125000e+02,
4.147255249023437500e+02,
4.020248107910156250e+02,
4.063316040039062500e+02,
3.809093017578125000e+02,
3.664709472656250000e+02,
3.738768920898437500e+02,
3.593739624023437500e+02,
3.911977233886718750e+02,
3.777590026855468750e+02,
4.066667480468750000e+02,
4.394615173339843750e+02,
4.199444580078125000e+02,
4.322723083496093750e+02,
3.869070739746093750e+02,
3.837908935546875000e+02,
4.056381835937500000e+02,
4.312565917968750000e+02,
4.333959045410156250e+02,
4.464018249511718750e+02,
4.619118347167968750e+02,
4.305617675781250000e+02,
4.222551879882812500e+02,
4.546882629394531250e+02,
4.476859741210937500e+02,
4.457091979980468750e+02,
4.199501342773437500e+02,
4.213087158203125000e+02,
4.195462951660156250e+02,
4.209346618652343750e+02,
4.108162231445312500e+02,
4.084271545410156250e+02,
4.119680480957031250e+02,
3.922038269042968750e+02,
4.027546997070312500e+02,
3.752944641113281250e+02,
3.849489440917968750e+02,
3.690927429199218750e+02,
3.799520874023437500e+02,
3.642413024902343750e+02,
3.497167358398437500e+02,
3.056060180664062500e+02,
2.844269409179687500e+02,
2.767015686035156250e+02,
2.756252746582031250e+02,
2.601886596679687500e+02,
2.416232604980468750e+02,
2.477984161376953125e+02,
2.438114776611328125e+02,
2.727001342773437500e+02,
2.628062133789062500e+02,
2.835842590332031250e+02,
2.774418640136718750e+02,
2.961246643066406250e+02,
3.165695190429687500e+02,
3.483564758300781250e+02,
3.557270202636718750e+02,
3.740840759277343750e+02,
3.437250366210937500e+02,
3.705529785156250000e+02,
3.562406311035156250e+02,
3.396201477050781250e+02,
3.487666931152343750e+02,
3.490234985351562500e+02,
4.156773681640625000e+02,
3.720181884765625000e+02,
3.885941162109375000e+02,
4.315572204589843750e+02,
4.362827148437500000e+02,
4.561262817382812500e+02,
4.387103576660156250e+02,
4.590419616699218750e+02,
3.900737609863281250e+02,
4.166708068847656250e+02,
3.878182373046875000e+02,
3.342546997070312500e+02,
3.147266845703125000e+02,
3.249884948730468750e+02,
3.251815490722656250e+02,
3.567131958007812500e+02,
3.681075134277343750e+02,
3.939299316406250000e+02,
3.679209594726562500e+02,
3.797421264648437500e+02,
3.555000610351562500e+02,
3.493125610351562500e+02,
3.805160217285156250e+02,
3.515780944824218750e+02,
3.240391845703125000e+02,
3.243416748046875000e+02,
3.120748291015625000e+02,
3.078155517578125000e+02,
3.113054504394531250e+02,
3.177388305664062500e+02,
3.144645690917968750e+02,
2.996443176269531250e+02,
2.830945739746093750e+02,
2.833530883789062500e+02,
4.030601806640625000e+02,
8.020896606445312500e+02,
1.179094604492187500e+03,
1.369130981445312500e+03,
1.843526000976562500e+03,
2.170667724609375000e+03,
2.328627929687500000e+03,
2.637746337890625000e+03,
2.789004394531250000e+03,
2.715259033203125000e+03,
2.542244873046875000e+03,
2.382993164062500000e+03,
2.046096313476562500e+03,
1.884949218750000000e+03,
1.876730224609375000e+03,
1.796203857421875000e+03,
1.780310546875000000e+03,
1.816679199218750000e+03,
1.842753417968750000e+03,
1.699922851562500000e+03,
1.630622680664062500e+03,
1.543042236328125000e+03,
1.356685302734375000e+03,
1.263859375000000000e+03,
1.164154663085937500e+03,
1.253075683593750000e+03,
1.315924926757812500e+03,
1.242278320312500000e+03,
1.338181396484375000e+03,
1.295906982421875000e+03,
1.136456909179687500e+03,
1.024908813476562500e+03,
8.770016479492187500e+02,
8.388438720703125000e+02,
8.541287231445312500e+02,
8.594847412109375000e+02,
8.604727783203125000e+02,
8.122215576171875000e+02,
8.007020874023437500e+02,
7.942316284179687500e+02,
7.455399169921875000e+02,
7.394462890625000000e+02,
6.996794433593750000e+02,
6.907012329101562500e+02,
6.430130615234375000e+02,
6.098937377929687500e+02,
5.818800048828125000e+02,
5.935252075195312500e+02,
5.953143310546875000e+02,
6.103699951171875000e+02,
6.306297607421875000e+02,
6.670973510742187500e+02,
6.701533813476562500e+02,
6.952114257812500000e+02,
6.621472167968750000e+02,
6.417355957031250000e+02,
6.590371704101562500e+02,
7.261134033203125000e+02,
7.812428588867187500e+02,
7.780675048828125000e+02,
8.055636596679687500e+02,
7.916151733398437500e+02,
7.977788696289062500e+02,
7.030311279296875000e+02,
6.844598388671875000e+02,
5.860963134765625000e+02,
5.325094604492187500e+02,
5.088161010742187500e+02,
4.714727172851562500e+02,
4.797741699218750000e+02,
5.073750305175781250e+02,
4.958442077636718750e+02,
4.958387451171875000e+02,
5.125197143554687500e+02,
4.897735595703125000e+02,
4.753593750000000000e+02,
4.439317932128906250e+02,
4.862297058105468750e+02,
4.867686767578125000e+02,
4.378755187988281250e+02,
4.140612182617187500e+02,
3.771530151367187500e+02,
3.593073730468750000e+02,
3.665762023925781250e+02,
3.699360351562500000e+02,
4.028356018066406250e+02,
4.346049194335937500e+02,
4.295746765136718750e+02,
4.389995727539062500e+02,
4.426705322265625000e+02,
4.355523376464843750e+02,
4.143078002929687500e+02,
4.235447692871093750e+02,
4.511386718750000000e+02,
4.398491516113281250e+02,
4.791323852539062500e+02,
5.070857238769531250e+02,
5.095770874023437500e+02,
5.242265014648437500e+02,
5.081006469726562500e+02,
5.214213867187500000e+02,
5.483024291992187500e+02,
5.049332275390625000e+02,
4.938175964355468750e+02,
5.132457275390625000e+02,
4.863750915527343750e+02,
5.422035522460937500e+02,
5.118833923339843750e+02,
5.258063354492187500e+02,
4.931316833496093750e+02,
5.054791259765625000e+02,
4.318832702636718750e+02,
4.660155639648437500e+02,
4.772428283691406250e+02,
4.673447570800781250e+02,
4.674467773437500000e+02,
4.637350158691406250e+02,
4.655173339843750000e+02,
4.452454528808593750e+02,
4.623937988281250000e+02,
4.157232666015625000e+02,
4.390752258300781250e+02,
4.022938232421875000e+02,
3.816990051269531250e+02,
3.952502746582031250e+02,
4.075454101562500000e+02,
4.236947937011718750e+02,
4.184408569335937500e+02,
4.134634399414062500e+02,
4.405530090332031250e+02,
4.481944885253906250e+02,
4.452328186035156250e+02,
4.437234802246093750e+02,
4.425623779296875000e+02,
4.575941772460937500e+02,
4.541089782714843750e+02,
4.167283020019531250e+02,
4.415722351074218750e+02,
4.813520812988281250e+02,
4.862428894042968750e+02,
5.163972778320312500e+02,
4.959009399414062500e+02,
5.135286865234375000e+02,
5.256792602539062500e+02,
5.143489379882812500e+02,
4.648582153320312500e+02,
4.451628723144531250e+02,
4.027184753417968750e+02,
3.859971313476562500e+02,
3.885119018554687500e+02,
3.977680358886718750e+02,
3.816147766113281250e+02,
3.932958984375000000e+02,
3.845054931640625000e+02,
4.206835021972656250e+02,
4.106931457519531250e+02,
4.221482849121093750e+02,
4.422413635253906250e+02,
4.899654541015625000e+02,
5.424720458984375000e+02,
5.305780639648437500e+02,
5.125247802734375000e+02,
5.189245605468750000e+02,
5.138231811523437500e+02,
4.840466308593750000e+02,
4.526317138671875000e+02,
4.710539855957031250e+02,
4.676255187988281250e+02,
4.638750610351562500e+02,
4.541264953613281250e+02,
4.801856689453125000e+02,
4.883815917968750000e+02,
4.821826782226562500e+02,
4.676674804687500000e+02,
4.593116760253906250e+02,
4.541585998535156250e+02,
4.562028198242187500e+02,
4.610281372070312500e+02,
4.412986755371093750e+02,
6.413471679687500000e+02,
6.047076416015625000e+02,
5.990278320312500000e+02,
5.590007324218750000e+02,
4.015970153808593750e+02,
4.424813232421875000e+02,
4.411130676269531250e+02,
4.679922790527343750e+02,
4.869799804687500000e+02,
5.179248657226562500e+02,
5.547904052734375000e+02,
6.275004272460937500e+02,
6.225999145507812500e+02,
6.591311035156250000e+02,
5.818769531250000000e+02,
5.194222412109375000e+02,
4.889830017089843750e+02,
5.341358642578125000e+02,
5.153462524414062500e+02,
5.434635009765625000e+02,
4.754495239257812500e+02,
4.193155822753906250e+02,
4.243263244628906250e+02,
3.933318481445312500e+02,
4.509536743164062500e+02,
4.528310852050781250e+02,
3.930240478515625000e+02,
3.739491271972656250e+02,
3.448247070312500000e+02,
3.226787414550781250e+02,
3.129481201171875000e+02,
3.453635253906250000e+02,
3.359529113769531250e+02,
3.128001708984375000e+02,
3.001028747558593750e+02,
3.002577209472656250e+02,
2.703977661132812500e+02,
3.350121765136718750e+02,
2.702313842773437500e+02,
2.569080505371093750e+02,
2.516839294433593750e+02,
2.270366363525390625e+02,
2.369380950927734375e+02,
2.242000732421875000e+02,
1.895291137695312500e+02,
2.048005065917968750e+02,
2.101150817871093750e+02,
2.106013336181640625e+02,
2.248100891113281250e+02,
2.303998413085937500e+02,
2.445443115234375000e+02,
2.467980499267578125e+02,
2.038121185302734375e+02,
2.181481628417968750e+02,
2.181695556640625000e+02,
2.160358734130859375e+02,
2.247199401855468750e+02,
2.339722137451171875e+02,
2.533934783935546875e+02,
2.485699462890625000e+02,
2.876800537109375000e+02,
2.847117004394531250e+02,
2.801181945800781250e+02,
2.947274780273437500e+02,
2.725670166015625000e+02,
2.930013122558593750e+02,
2.319342651367187500e+02,
2.146391601562500000e+02,
1.721535186767578125e+02,
1.817480468750000000e+02,
1.820162353515625000e+02,
2.196255340576171875e+02,
2.581130371093750000e+02,
2.668836669921875000e+02,
3.274170227050781250e+02,
3.473598327636718750e+02,
3.550876770019531250e+02,
3.102439880371093750e+02,
2.924533996582031250e+02,
2.559535522460937500e+02,
2.596596679687500000e+02,
2.856275939941406250e+02,
2.631037292480468750e+02,
2.419885101318359375e+02,
2.285169677734375000e+02,
2.345197143554687500e+02,
2.405586090087890625e+02,
2.632826843261718750e+02,
2.978306579589843750e+02,
2.711976318359375000e+02,
2.554645233154296875e+02,
2.825698852539062500e+02,
2.645513305664062500e+02,
2.804384460449218750e+02,
2.876374206542968750e+02,
2.815828552246093750e+02,
2.849534606933593750e+02,
2.760050964355468750e+02,
3.050441894531250000e+02,
3.294270935058593750e+02,
3.740476074218750000e+02,
3.666735229492187500e+02,
3.763249816894531250e+02,
3.844124145507812500e+02,
3.609378967285156250e+02,
3.619447326660156250e+02,
3.364106750488281250e+02,
3.556258544921875000e+02,
3.856666564941406250e+02,
3.662150268554687500e+02,
3.652681274414062500e+02,
3.441687011718750000e+02,
3.846643981933593750e+02,
4.018379211425781250e+02,
4.135557556152343750e+02,
4.512559509277343750e+02,
4.629856872558593750e+02,
4.673483886718750000e+02,
4.237871093750000000e+02,
3.876256103515625000e+02,
3.989381713867187500e+02,
4.101965942382812500e+02,
3.978244323730468750e+02,
4.191448669433593750e+02,
4.579107971191406250e+02,
4.247322998046875000e+02,
4.016389160156250000e+02,
4.326951599121093750e+02,
4.353231506347656250e+02,
4.442431945800781250e+02,
4.856284484863281250e+02,
5.281232299804687500e+02,
5.055756225585937500e+02,
5.026102294921875000e+02,
4.810433959960937500e+02,
4.543580627441406250e+02,
4.429967651367187500e+02,
4.611425170898437500e+02,
4.758721923828125000e+02,
4.678902587890625000e+02,
4.956226501464843750e+02,
4.727627563476562500e+02,
4.685086669921875000e+02,
5.025398559570312500e+02,
5.130073852539062500e+02,
4.968276367187500000e+02,
4.782796936035156250e+02,
4.629533386230468750e+02,
4.502579345703125000e+02,
4.553032836914062500e+02,
4.366780090332031250e+02,
4.272161254882812500e+02,
3.952983093261718750e+02,
3.648829345703125000e+02,
3.383606567382812500e+02,
3.210349121093750000e+02,
2.849512329101562500e+02,
2.881769714355468750e+02,
3.017040100097656250e+02,
3.172604370117187500e+02,
3.522978210449218750e+02,
3.615527343750000000e+02,
3.922055358886718750e+02,
4.022678833007812500e+02,
4.039393920898437500e+02,
4.309581604003906250e+02,
4.541262817382812500e+02,
4.469234008789062500e+02,
4.587906188964843750e+02,
4.487683410644531250e+02,
4.175083618164062500e+02,
3.965730590820312500e+02,
3.921945190429687500e+02,
4.254602661132812500e+02,
4.342809143066406250e+02,
4.299156494140625000e+02,
4.159023437500000000e+02,
3.897590026855468750e+02,
3.565815124511718750e+02,
3.514691162109375000e+02,
3.332453308105468750e+02,
6.207362060546875000e+02,
1.366748657226562500e+03,
2.318841308593750000e+03,
3.029526367187500000e+03,
4.013764892578125000e+03,
4.154024414062500000e+03,
3.691443359375000000e+03,
3.625126464843750000e+03,
3.326430175781250000e+03,
2.750011230468750000e+03,
2.539996093750000000e+03,
2.202926269531250000e+03,
1.874892700195312500e+03,
1.885458251953125000e+03,
1.757446411132812500e+03,
1.589437011718750000e+03,
1.512484863281250000e+03,
1.234205932617187500e+03,
1.074388916015625000e+03,
1.020399353027343750e+03,
1.030721191406250000e+03,
8.876505737304687500e+02,
8.602959594726562500e+02,
7.908497314453125000e+02,
6.843255004882812500e+02,
7.581681518554687500e+02,
7.732986450195312500e+02,
7.718541259765625000e+02,
7.957332763671875000e+02,
8.722716064453125000e+02,
8.953192138671875000e+02,
8.885540771484375000e+02,
8.760319824218750000e+02,
7.486979370117187500e+02,
6.255908813476562500e+02,
5.650431518554687500e+02,
5.429918212890625000e+02,
5.450330810546875000e+02,
5.280620727539062500e+02,
5.013718872070312500e+02,
4.927228393554687500e+02,
4.655267639160156250e+02,
4.593716735839843750e+02,
4.597704772949218750e+02,
4.593526916503906250e+02,
4.646181335449218750e+02,
4.965102539062500000e+02,
5.289165039062500000e+02,
5.499110717773437500e+02,
5.570845947265625000e+02,
5.465799560546875000e+02,
5.554040527343750000e+02,
5.438110351562500000e+02,
5.502681274414062500e+02,
5.137379760742187500e+02,
5.144685058593750000e+02,
5.283485717773437500e+02,
4.997181396484375000e+02,
4.916832275390625000e+02,
4.701250915527343750e+02,
4.680655822753906250e+02,
4.745483093261718750e+02,
4.537939147949218750e+02,
4.701775512695312500e+02,
4.493563842773437500e+02,
4.859843750000000000e+02,
4.602335815429687500e+02,
4.932916870117187500e+02,
5.271302490234375000e+02,
4.994028320312500000e+02,
5.321936035156250000e+02,
5.667677612304687500e+02,
5.590334472656250000e+02,
5.252940063476562500e+02,
5.097160644531250000e+02,
4.863171997070312500e+02,
4.313294067382812500e+02,
4.400933837890625000e+02,
4.787908630371093750e+02,
5.027804260253906250e+02,
5.745582885742187500e+02,
6.055202026367187500e+02,
5.821089477539062500e+02,
5.523176269531250000e+02,
5.604660034179687500e+02,
5.528041992187500000e+02,
5.472629394531250000e+02,
5.247796020507812500e+02,
5.219254760742187500e+02,
5.185095825195312500e+02,
6.242224731445312500e+02,
6.022291870117187500e+02,
6.334936523437500000e+02,
6.481229248046875000e+02,
5.380093383789062500e+02,
5.700327148437500000e+02,
6.473406982421875000e+02,
6.584782714843750000e+02,
6.884468994140625000e+02,
6.408674316406250000e+02,
5.790636596679687500e+02,
5.787019653320312500e+02,
5.404115600585937500e+02,
5.111455993652343750e+02,
4.568577880859375000e+02,
4.703235168457031250e+02,
4.459077453613281250e+02,
4.388929443359375000e+02,
3.740700073242187500e+02,
3.601160278320312500e+02,
3.603630981445312500e+02,
3.483835144042968750e+02,
3.261331787109375000e+02,
3.077675476074218750e+02,
2.750674743652343750e+02,
2.565956726074218750e+02,
2.488228912353515625e+02,
2.392136993408203125e+02,
2.296855926513671875e+02,
2.409344177246093750e+02,
2.225414581298828125e+02,
2.184716033935546875e+02,
2.336981964111328125e+02,
2.514428863525390625e+02,
2.269014434814453125e+02,
2.526410217285156250e+02,
2.554939422607421875e+02,
2.493365173339843750e+02,
2.540587463378906250e+02,
2.806184387207031250e+02,
3.060881347656250000e+02,
2.960871276855468750e+02,
2.859327392578125000e+02,
2.433215637207031250e+02,
2.280335388183593750e+02,
1.932956848144531250e+02,
2.367507781982421875e+02,
2.560926818847656250e+02,
2.994175109863281250e+02,
3.683375549316406250e+02,
3.831137390136718750e+02,
3.391641845703125000e+02,
2.967562255859375000e+02,
2.937987060546875000e+02,
2.867821655273437500e+02,
2.665474548339843750e+02,
2.648877563476562500e+02,
2.657095947265625000e+02,
2.685587158203125000e+02,
2.792086791992187500e+02,
2.894429321289062500e+02,
3.228321533203125000e+02,
2.994815063476562500e+02,
3.113307189941406250e+02,
3.094329833984375000e+02,
3.829598083496093750e+02,
3.831273193359375000e+02,
4.057911071777343750e+02,
3.979497375488281250e+02,
3.934580078125000000e+02,
4.249315795898437500e+02,
4.167877807617187500e+02,
4.129469604492187500e+02,
4.258087158203125000e+02,
4.503365478515625000e+02,
4.660134582519531250e+02,
5.035554809570312500e+02,
4.882958984375000000e+02,
5.012443542480468750e+02,
4.550082397460937500e+02,
4.650938110351562500e+02,
4.578772583007812500e+02,
5.054313354492187500e+02,
4.979547119140625000e+02,
4.786317443847656250e+02,
5.352550659179687500e+02,
5.246446533203125000e+02,
5.213956298828125000e+02,
5.371920776367187500e+02,
5.853037109375000000e+02,
5.291661376953125000e+02,
5.387842407226562500e+02,
5.660010375976562500e+02,
5.704682617187500000e+02,
5.464606323242187500e+02,
5.624935302734375000e+02,
5.419780273437500000e+02,
5.314947509765625000e+02,
4.696775817871093750e+02,
4.521318664550781250e+02,
4.514734497070312500e+02,
3.875381164550781250e+02,
3.517735595703125000e+02,
3.375425415039062500e+02,
3.214556579589843750e+02,
3.544186706542968750e+02,
3.899702453613281250e+02,
4.166945495605468750e+02,
4.560379028320312500e+02,
4.593695678710937500e+02,
4.699340820312500000e+02,
4.586362304687500000e+02,
4.631585693359375000e+02,
4.636758728027343750e+02,
4.406052551269531250e+02,
4.476532592773437500e+02,
4.482052917480468750e+02,
4.569667053222656250e+02,
4.136498413085937500e+02,
4.959763793945312500e+02,
1.592831298828125000e+03,
3.011670410156250000e+03,
4.190097656250000000e+03,
5.400610351562500000e+03,
5.791742675781250000e+03,
4.750424804687500000e+03,
3.759247558593750000e+03,
3.061367187500000000e+03,
2.681703369140625000e+03,
2.253739013671875000e+03,
1.832352905273437500e+03,
1.661518188476562500e+03,
1.428494628906250000e+03,
1.158173095703125000e+03,
1.028990478515625000e+03,
9.739918212890625000e+02,
9.732905273437500000e+02,
8.815604858398437500e+02,
9.719945068359375000e+02,
1.022439025878906250e+03,
9.878507690429687500e+02,
9.648015747070312500e+02,
8.754323120117187500e+02,
7.050034790039062500e+02,
6.057772827148437500e+02,
5.420986328125000000e+02,
5.204392700195312500e+02,
5.220031738281250000e+02,
5.187821655273437500e+02,
4.728933715820312500e+02,
5.331044311523437500e+02,
5.817603149414062500e+02,
5.852536621093750000e+02,
5.770379028320312500e+02,
5.844428710937500000e+02,
5.691253051757812500e+02,
5.591083984375000000e+02,
5.427838745117187500e+02,
5.195873413085937500e+02,
5.184281005859375000e+02,
4.938076171875000000e+02,
5.235776367187500000e+02,
4.768560180664062500e+02,
5.049794616699218750e+02,
5.251016235351562500e+02,
5.403103027343750000e+02,
5.750324096679687500e+02,
5.950060424804687500e+02,
5.730288085937500000e+02,
5.885277099609375000e+02,
5.555658569335937500e+02,
5.399859008789062500e+02,
5.698381347656250000e+02,
6.063157348632812500e+02,
6.073505859375000000e+02,
6.251753540039062500e+02,
6.243007812500000000e+02,
6.005338134765625000e+02,
5.768125000000000000e+02,
