5.130632934570312500e+02,
5.164345703125000000e+02,
5.533769531250000000e+02,
5.321519775390625000e+02,
5.628687133789062500e+02,
5.875136718750000000e+02,
6.095001220703125000e+02,
6.551831054687500000e+02,
6.328558349609375000e+02,
6.469864501953125000e+02,
6.216769409179687500e+02,
5.925155639648437500e+02,
5.667584838867187500e+02,
5.824732666015625000e+02,
5.961845703125000000e+02,
5.530712280273437500e+02,
5.901936645507812500e+02,
5.580581054687500000e+02,
5.592313232421875000e+02,
5.165813598632812500e+02,
5.562280273437500000e+02,
5.181433105468750000e+02,
4.949721374511718750e+02,
5.107765197753906250e+02,
4.967246398925781250e+02,
4.877235107421875000e+02,
5.029443054199218750e+02,
5.162354736328125000e+02,
5.063163146972656250e+02,
5.562609863281250000e+02,
5.466756591796875000e+02,
5.369650268554687500e+02,
5.518320922851562500e+02,
5.436199340820312500e+02,
5.724091186523437500e+02,
5.218342285156250000e+02,
4.995687561035156250e+02,
4.756678466796875000e+02,
4.569609375000000000e+02,
4.785056762695312500e+02,
4.802362060546875000e+02,
4.850209350585937500e+02,
5.042331848144531250e+02,
4.992518920898437500e+02,
5.147768554687500000e+02,
5.451091918945312500e+02,
5.849818725585937500e+02,
5.501645507812500000e+02,
5.622546386718750000e+02,
5.626210327148437500e+02,
5.679109497070312500e+02,
5.702337646484375000e+02,
4.919755554199218750e+02,
5.149693603515625000e+02,
4.597268676757812500e+02,
4.411705932617187500e+02,
4.377357788085937500e+02,
4.487596740722656250e+02,
4.954974670410156250e+02,
4.804938659667968750e+02,
5.195901489257812500e+02,
5.317800292968750000e+02,
5.340876464843750000e+02,
5.849876098632812500e+02,
5.661519165039062500e+02,
5.522067260742187500e+02,
5.375733032226562500e+02,
5.589892578125000000e+02,
5.459649047851562500e+02,
5.279939575195312500e+02,
5.310087280273437500e+02,
5.110538635253906250e+02,
5.230454101562500000e+02,
4.758515930175781250e+02,
4.572854309082031250e+02,
4.508454284667968750e+02,
4.337714233398437500e+02,
4.793624267578125000e+02,
4.524323120117187500e+02,
4.385896606445312500e+02,
5.284782104492187500e+02,
4.963861389160156250e+02,
4.797308349609375000e+02,
4.858736267089843750e+02,
4.997221069335937500e+02,
4.932644042968750000e+02,
4.586092834472656250e+02,
4.409576416015625000e+02,
4.512282409667968750e+02,
4.440772094726562500e+02,
3.921834411621093750e+02,
3.773024597167968750e+02,
3.801329345703125000e+02,
3.581346130371093750e+02,
3.568938598632812500e+02,
3.469674987792968750e+02,
3.838416748046875000e+02,
3.869096374511718750e+02,
3.646422424316406250e+02,
4.155102233886718750e+02,
3.901365661621093750e+02,
3.881652526855468750e+02,
3.810694580078125000e+02,
3.881208190917968750e+02,
4.019114379882812500e+02,
3.958035888671875000e+02,
3.729419250488281250e+02,
4.231596069335937500e+02,
4.124668579101562500e+02,
4.274773864746093750e+02,
4.224823913574218750e+02,
4.250105590820312500e+02,
4.560350341796875000e+02,
4.614152832031250000e+02,
4.651695556640625000e+02,
4.549980163574218750e+02,
4.520982360839843750e+02,
4.727654418945312500e+02,
5.111786499023437500e+02,
4.773957214355468750e+02,
4.723968811035156250e+02,
5.229672851562500000e+02,
4.872988281250000000e+02,
4.934276428222656250e+02,
4.759254760742187500e+02,
4.448554077148437500e+02,
4.223963623046875000e+02,
4.049342346191406250e+02,
4.248926086425781250e+02,
3.653315734863281250e+02,
3.582978820800781250e+02,
3.738195495605468750e+02,
4.016234741210937500e+02,
3.870534667968750000e+02,
4.448287658691406250e+02,
4.210691223144531250e+02,
4.424188537597656250e+02,
4.874059448242187500e+02,
4.795962829589843750e+02,
4.854132995605468750e+02,
4.546459960937500000e+02,
4.411415405273437500e+02,
4.029451904296875000e+02,
4.031849670410156250e+02,
3.996047973632812500e+02,
4.007111511230468750e+02,
4.393518981933593750e+02,
4.381607360839843750e+02,
4.452500915527343750e+02,
4.646707458496093750e+02,
4.859717712402343750e+02,
5.135274047851562500e+02,
4.935138549804687500e+02,
5.043117370605468750e+02,
5.156954956054687500e+02,
4.597136535644531250e+02,
4.618139038085937500e+02,
4.571994018554687500e+02,
4.317838745117187500e+02,
4.451119689941406250e+02,
4.684088134765625000e+02,
4.654033813476562500e+02,
5.211998291015625000e+02,
5.516827392578125000e+02,
5.703020019531250000e+02,
5.861720581054687500e+02,
5.947229003906250000e+02,
6.048453979492187500e+02,
5.910032958984375000e+02,
6.504950561523437500e+02,
6.098051147460937500e+02,
6.163628540039062500e+02,
6.056633300781250000e+02,
6.438937988281250000e+02,
6.333580932617187500e+02,
6.591805419921875000e+02,
6.336118164062500000e+02,
6.647698974609375000e+02,
5.983897094726562500e+02,
5.955806274414062500e+02,
5.543113403320312500e+02,
5.647015991210937500e+02,
5.299157104492187500e+02,
5.434502563476562500e+02,
5.606347656250000000e+02,
5.968598022460937500e+02,
6.170385131835937500e+02,
6.292703247070312500e+02,
6.476604614257812500e+02,
6.233955078125000000e+02,
6.515262451171875000e+02,
6.490964355468750000e+02,
6.617042846679687500e+02,
6.351101684570312500e+02,
6.814616088867187500e+02,
6.607930297851562500e+02,
6.604517822265625000e+02,
6.541940917968750000e+02,
6.438481445312500000e+02,
5.665399169921875000e+02,
5.695597534179687500e+02,
5.187944335937500000e+02,
4.991535644531250000e+02,
5.097259216308593750e+02,
4.853402404785156250e+02,
4.649665222167968750e+02,
4.519958496093750000e+02,
4.875528259277343750e+02,
4.764477844238281250e+02,
4.970855407714843750e+02,
4.420594787597656250e+02,
4.485744934082031250e+02,
3.963821716308593750e+02,
3.990405578613281250e+02,
4.003702392578125000e+02,
3.808568115234375000e+02,
4.101358337402343750e+02,
4.350942687988281250e+02,
4.672095336914062500e+02,
5.000268859863281250e+02,
4.904267578125000000e+02,
5.262089843750000000e+02,
5.272766723632812500e+02,
5.345858154296875000e+02,
5.777642822265625000e+02,
5.652091674804687500e+02,
5.858210449218750000e+02,
5.747454223632812500e+02,
5.735524902343750000e+02,
5.588082885742187500e+02,
5.468609008789062500e+02,
5.530510864257812500e+02,
5.202582397460937500e+02,
4.960946960449218750e+02,
4.788150024414062500e+02,
4.741673583984375000e+02,
4.533029479980468750e+02,
4.373948974609375000e+02,
4.148200378417968750e+02,
3.956954650878906250e+02,
3.845473022460937500e+02,
3.799544982910156250e+02,
3.523686218261718750e+02,
3.441635437011718750e+02,
3.522061157226562500e+02,
3.570328979492187500e+02,
3.270066528320312500e+02,
3.552947082519531250e+02,
3.515776672363281250e+02,
3.534101257324218750e+02,
3.813235778808593750e+02,
3.466077270507812500e+02,
3.491251831054687500e+02,
3.624259033203125000e+02,
3.723291625976562500e+02,
3.798796081542968750e+02,
3.931964721679687500e+02,
4.100067443847656250e+02,
4.080675964355468750e+02,
3.946200256347656250e+02,
3.821003417968750000e+02,
3.853440551757812500e+02,
3.663988342285156250e+02,
3.918168334960937500e+02,
3.747836303710937500e+02,
4.059099731445312500e+02,
3.707718811035156250e+02,
3.915453491210937500e+02,
3.857375488281250000e+02,
3.821891784667968750e+02,
3.876843872070312500e+02,
4.061517028808593750e+02,
3.928098144531250000e+02,
3.521747131347656250e+02,
3.427076721191406250e+02,
3.368465270996093750e+02,
3.570205688476562500e+02,
3.391185302734375000e+02,
2.980086059570312500e+02,
3.332864685058593750e+02,
2.989663696289062500e+02,
2.905350646972656250e+02,
3.029886474609375000e+02,
2.934482727050781250e+02,
3.324478759765625000e+02,
2.990186767578125000e+02,
3.180993041992187500e+02,
3.452807922363281250e+02,
2.991671447753906250e+02,
3.528707885742187500e+02,
3.276990661621093750e+02,
3.120788269042968750e+02,
3.050417785644531250e+02,
3.054211730957031250e+02,
3.742870178222656250e+02,
3.227091674804687500e+02,
3.089437255859375000e+02,
3.425974426269531250e+02,
3.525644226074218750e+02,
3.438487854003906250e+02,
3.587071533203125000e+02,
3.494399719238281250e+02,
3.308361206054687500e+02,
3.297997131347656250e+02,
3.228014831542968750e+02,
3.172359008789062500e+02,
3.043180541992187500e+02,
3.013249206542968750e+02,
2.949091796875000000e+02,
2.954039001464843750e+02,
3.003326721191406250e+02,
3.092656250000000000e+02,
3.062201538085937500e+02,
2.983551330566406250e+02,
2.965515747070312500e+02,
2.802239074707031250e+02,
2.857076416015625000e+02,
2.767862243652343750e+02,
2.699306030273437500e+02,
2.887242736816406250e+02,
2.993483276367187500e+02,
2.854505615234375000e+02,
2.789113464355468750e+02,
2.921947937011718750e+02,
2.906317749023437500e+02,
2.928279113769531250e+02,
2.976188354492187500e+02,
2.901202087402343750e+02,
2.960169372558593750e+02,
2.513583984375000000e+02,
2.805441894531250000e+02,
2.777320861816406250e+02,
2.576191101074218750e+02,
2.474494934082031250e+02,
2.440733337402343750e+02,
2.606036376953125000e+02,
2.579121093750000000e+02,
2.261412658691406250e+02,
2.059025421142578125e+02,
2.190491485595703125e+02,
2.333763275146484375e+02,
2.104523010253906250e+02,
2.054373931884765625e+02,
2.154537506103515625e+02,
2.432522735595703125e+02,
2.326619110107421875e+02,
2.553126068115234375e+02,
2.379269714355468750e+02,
2.321507568359375000e+02,
2.863188171386718750e+02,
2.435366363525390625e+02,
2.553156433105468750e+02,
2.560942077636718750e+02,
2.470165405273437500e+02,
2.559375457763671875e+02,
2.494231262207031250e+02,
2.342186279296875000e+02,
2.306773834228515625e+02,
2.333674316406250000e+02,
2.531912994384765625e+02,
2.995526428222656250e+02,
2.542921447753906250e+02,
2.894299011230468750e+02,
3.003973693847656250e+02,
3.375256042480468750e+02,
3.126437377929687500e+02,
3.066250305175781250e+02,
2.890255432128906250e+02,
2.824443054199218750e+02,
2.670562744140625000e+02,
2.630158081054687500e+02,
2.444645233154296875e+02,
2.526466979980468750e+02,
2.507178344726562500e+02,
2.299533996582031250e+02,
2.407276153564453125e+02,
2.302065887451171875e+02,
2.430722198486328125e+02,
2.355224151611328125e+02,
2.621629333496093750e+02,
2.864758605957031250e+02,
2.445063934326171875e+02,
2.234465942382812500e+02,
2.298662261962890625e+02,
2.120983581542968750e+02,
2.419017028808593750e+02,
2.158438110351562500e+02,
2.270366210937500000e+02,
1.994473266601562500e+02,
2.071304779052734375e+02,
2.059416656494140625e+02,
2.066566925048828125e+02,
1.881258850097656250e+02,
2.316519470214843750e+02,
1.929687805175781250e+02,
1.923697814941406250e+02,
2.061645660400390625e+02,
2.241045532226562500e+02,
1.980585784912109375e+02,
2.031035156250000000e+02,
2.164675903320312500e+02,
2.202986450195312500e+02,
2.508843231201171875e+02,
6.346319580078125000e+02,
6.417309570312500000e+02,
7.017086181640625000e+02,
7.351578979492187500e+02,
7.168213500976562500e+02,
7.011394653320312500e+02,
6.829038696289062500e+02,
6.610855102539062500e+02,
6.326861572265625000e+02,
6.024849853515625000e+02,
5.900747070312500000e+02,
5.678742065429687500e+02,
5.786589965820312500e+02,
6.203940429687500000e+02,
5.968023681640625000e+02,
5.990167236328125000e+02,
5.951654663085937500e+02,
5.858509521484375000e+02,
5.483192138671875000e+02,
5.661322021484375000e+02,
5.545322265625000000e+02,
6.200819702148437500e+02,
6.453500366210937500e+02,
6.510364990234375000e+02,
6.200379638671875000e+02,
5.714010620117187500e+02,
5.433499145507812500e+02,
5.715656738281250000e+02,
5.600167846679687500e+02,
5.682651977539062500e+02,
5.996791381835937500e+02,
6.198823852539062500e+02,
5.957763061523437500e+02,
5.867509765625000000e+02,
5.598046264648437500e+02,
5.280253906250000000e+02,
5.229843139648437500e+02,
5.305525512695312500e+02,
5.228341674804687500e+02,
5.231780395507812500e+02,
5.090799865722656250e+02,
5.232547607421875000e+02,
5.036162414550781250e+02,
4.792305908203125000e+02,
4.268381652832031250e+02,
4.055636901855468750e+02,
3.865188903808593750e+02,
4.138151245117187500e+02,
4.211454162597656250e+02,
4.362437438964843750e+02,
4.094305725097656250e+02,
4.150236511230468750e+02,
4.525624084472656250e+02,
4.407103576660156250e+02,
4.842853698730468750e+02,
4.874129638671875000e+02,
5.058716430664062500e+02,
5.289805908203125000e+02,
5.462073364257812500e+02,
5.196488647460937500e+02,
5.086684265136718750e+02,
5.036864013671875000e+02,
4.682839050292968750e+02,
4.305180969238281250e+02,
4.343523864746093750e+02,
4.808243408203125000e+02,
4.607488098144531250e+02,
4.692153930664062500e+02,
4.826819458007812500e+02,
4.848167419433593750e+02,
4.556565551757812500e+02,
4.690597229003906250e+02,
4.789531250000000000e+02,
5.314441528320312500e+02,
5.127531738281250000e+02,
5.512266845703125000e+02,
5.284860839843750000e+02,
5.218419189453125000e+02,
5.172319335937500000e+02,
5.238164672851562500e+02,
5.593416137695312500e+02,
5.964566650390625000e+02,
6.349142456054687500e+02,
6.547677612304687500e+02,
6.640346069335937500e+02,
6.871751098632812500e+02,
6.763796386718750000e+02,
6.586256103515625000e+02,
6.423994750976562500e+02,
6.055550537109375000e+02,
6.015209960937500000e+02,
6.204382324218750000e+02,
6.470322265625000000e+02,
6.885325927734375000e+02,
7.130207519531250000e+02,
7.393217773437500000e+02,
7.363912963867187500e+02,
7.172668457031250000e+02,
6.748823242187500000e+02,
6.126356201171875000e+02,
5.526451416015625000e+02,
5.272966918945312500e+02,
5.009548950195312500e+02,
4.860894165039062500e+02,
4.596839294433593750e+02,
4.834173889160156250e+02,
4.655046691894531250e+02,
4.905281677246093750e+02,
5.278872680664062500e+02,
6.224471435546875000e+02,
6.450208740234375000e+02,
6.756015625000000000e+02,
6.460637817382812500e+02,
6.253125610351562500e+02,
6.323094482421875000e+02,
5.654845581054687500e+02,
5.405143432617187500e+02,
4.780376892089843750e+02,
4.366044311523437500e+02,
4.182363281250000000e+02,
3.912261352539062500e+02,
3.684076538085937500e+02,
3.929692382812500000e+02,
3.910934143066406250e+02,
3.924910888671875000e+02,
3.750158691406250000e+02,
4.337376403808593750e+02,
4.138243713378906250e+02,
4.119863281250000000e+02,
4.303663024902343750e+02,
4.376599121093750000e+02,
4.090258178710937500e+02,
4.149801635742187500e+02,
4.624481506347656250e+02,
4.185594177246093750e+02,
4.244721374511718750e+02,
3.743054504394531250e+02,
3.441032714843750000e+02,
3.314299926757812500e+02,
3.215586547851562500e+02,
3.140997619628906250e+02,
3.128060607910156250e+02,
3.196450805664062500e+02,
3.356325988769531250e+02,
3.425751342773437500e+02,
3.633402404785156250e+02,
3.339586486816406250e+02,
3.288214721679687500e+02,
3.363544006347656250e+02,
3.729655761718750000e+02,
3.701620178222656250e+02,
3.533458251953125000e+02,
3.399744873046875000e+02,
3.300871276855468750e+02,
3.523368835449218750e+02,
3.366170654296875000e+02,
3.139817504882812500e+02,
3.116623229980468750e+02,
3.220827636718750000e+02,
2.984998779296875000e+02,
3.065297241210937500e+02,
3.123135986328125000e+02,
3.025414428710937500e+02,
2.966537170410156250e+02,
2.690409851074218750e+02,
2.603964843750000000e+02,
2.497981872558593750e+02,
2.395271759033203125e+02,
2.358056793212890625e+02,
2.110982208251953125e+02,
2.385456237792968750e+02,
2.380116729736328125e+02,
2.477207946777343750e+02,
2.644203186035156250e+02,
2.513477783203125000e+02,
2.588127441406250000e+02,
2.663807678222656250e+02,
2.583807373046875000e+02,
2.713854980468750000e+02,
2.799571533203125000e+02,
2.886345214843750000e+02,
3.696149291992187500e+02,
3.128399963378906250e+02,
3.230120544433593750e+02,
2.657938232421875000e+02,
2.600219116210937500e+02,
2.290790405273437500e+02,
2.423804473876953125e+02,
2.319831695556640625e+02,
2.433360900878906250e+02,
2.372117919921875000e+02,
2.298404235839843750e+02,
2.640735168457031250e+02,
2.092668914794921875e+02,
1.969475708007812500e+02,
2.087553710937500000e+02,
1.927899932861328125e+02,
1.931669464111328125e+02,
1.935279541015625000e+02,
2.148813476562500000e+02,
7.217501220703125000e+02,
7.230524291992187500e+02,
7.653143310546875000e+02,
7.533341674804687500e+02,
7.505311889648437500e+02,
6.858604736328125000e+02,
6.531116333007812500e+02,
7.258530273437500000e+02,
6.438284301757812500e+02,
6.424879150390625000e+02,
6.397790527343750000e+02,
6.287889404296875000e+02,
6.529679565429687500e+02,
6.704372558593750000e+02,
7.224810791015625000e+02,
7.002061157226562500e+02,
6.451712646484375000e+02,
6.466723632812500000e+02,
6.679312133789062500e+02,
6.639124755859375000e+02,
6.572386474609375000e+02,
6.449814453125000000e+02,
6.204844360351562500e+02,
5.711818237304687500e+02,
5.699765014648437500e+02,
5.490335693359375000e+02,
5.569031982421875000e+02,
5.347994995117187500e+02,
4.868196411132812500e+02,
4.374092407226562500e+02,
4.345243835449218750e+02,
4.393295288085937500e+02,
4.628283386230468750e+02,
4.665670776367187500e+02,
4.761481628417968750e+02,
5.236868896484375000e+02,
5.388251953125000000e+02,
5.411943969726562500e+02,
5.647597045898437500e+02,
5.999089355468750000e+02,
4.942359619140625000e+02,
5.075382995605468750e+02,
4.917751770019531250e+02,
4.790456848144531250e+02,
5.329422607421875000e+02,
5.221525268554687500e+02,
5.292219238281250000e+02,
5.430911865234375000e+02,
5.885502319335937500e+02,
5.370649414062500000e+02,
5.619484252929687500e+02,
5.973523559570312500e+02,
6.335850830078125000e+02,
6.524456176757812500e+02,
6.600655517578125000e+02,
7.048265991210937500e+02,
7.344375610351562500e+02,
7.019179077148437500e+02,
6.991096801757812500e+02,
6.977169799804687500e+02,
7.066248168945312500e+02,
7.314817504882812500e+02,
7.516243896484375000e+02,
7.629744262695312500e+02,
7.764196166992187500e+02,
7.290287475585937500e+02,
6.322434082031250000e+02,
5.599244995117187500e+02,
5.312590942382812500e+02,
5.237855224609375000e+02,
5.449293212890625000e+02,
6.388448486328125000e+02,
6.300446777343750000e+02,
7.248213500976562500e+02,
7.521807861328125000e+02,
7.120930175781250000e+02,
6.192626342773437500e+02,
5.625424194335937500e+02,
5.015946350097656250e+02,
4.202994689941406250e+02,
4.031969299316406250e+02,
3.990307312011718750e+02,
4.003707275390625000e+02,
4.322607421875000000e+02,
4.440572814941406250e+02,
4.593989257812500000e+02,
4.420824890136718750e+02,
4.578423461914062500e+02,
4.236566772460937500e+02,
4.418650512695312500e+02,
3.805797729492187500e+02,
3.378130493164062500e+02,
3.289421081542968750e+02,
3.338627319335937500e+02,
3.443862304687500000e+02,
3.598348083496093750e+02,
3.441391601562500000e+02,
3.612779846191406250e+02,
3.790762329101562500e+02,
3.797803955078125000e+02,
3.749739074707031250e+02,
3.339065856933593750e+02,
3.560097656250000000e+02,
3.298670959472656250e+02,
3.277122192382812500e+02,
3.308502502441406250e+02,
3.212199401855468750e+02,
3.082077026367187500e+02,
2.895882568359375000e+02,
3.113047485351562500e+02,
2.564916076660156250e+02,
2.590404663085937500e+02,
2.530665283203125000e+02,
2.498955535888671875e+02,
2.660600585937500000e+02,
2.431323394775390625e+02,
2.562102966308593750e+02,
2.848898010253906250e+02,
3.033833312988281250e+02,
3.107440490722656250e+02,
3.171510925292968750e+02,
3.143298645019531250e+02,
2.889946899414062500e+02,
2.553149871826171875e+02,
2.567411499023437500e+02,
2.439588317871093750e+02,
2.646447143554687500e+02,
2.219165344238281250e+02,
2.226959075927734375e+02,
2.097435455322265625e+02,
2.039688873291015625e+02,
2.053631439208984375e+02,
