7.935897827148437500e+02,
8.013520507812500000e+02,
7.644866943359375000e+02,
7.266287841796875000e+02,
6.540545043945312500e+02,
6.519213867187500000e+02,
6.363903808593750000e+02,
6.365806274414062500e+02,
6.531651000976562500e+02,
6.395405273437500000e+02,
6.403704223632812500e+02,
6.062187500000000000e+02,
5.998729248046875000e+02,
6.159234008789062500e+02,
5.866965942382812500e+02,
5.953828735351562500e+02,
5.685697631835937500e+02,
5.896420288085937500e+02,
5.802489624023437500e+02,
5.740307006835937500e+02,
5.921909179687500000e+02,
5.781607055664062500e+02,
5.885649414062500000e+02,
6.096853637695312500e+02,
5.882594604492187500e+02,
6.080664062500000000e+02,
6.163956298828125000e+02,
6.218575439453125000e+02,
6.219449462890625000e+02,
6.500979003906250000e+02,
6.455205078125000000e+02,
6.669400024414062500e+02,
6.809791259765625000e+02,
7.503158569335937500e+02,
7.365321044921875000e+02,
7.646295166015625000e+02,
7.603049926757812500e+02,
7.384809570312500000e+02,
7.226054687500000000e+02,
7.073010253906250000e+02,
6.955033569335937500e+02,
7.208449707031250000e+02,
6.654970703125000000e+02,
6.584042358398437500e+02,
6.682497558593750000e+02,
6.425901489257812500e+02,
6.731260986328125000e+02,
6.755096435546875000e+02,
6.744698486328125000e+02,
6.760687866210937500e+02,
6.242586059570312500e+02,
5.951661987304687500e+02,
5.704163818359375000e+02,
5.450199584960937500e+02,
5.936917724609375000e+02,
5.862159423828125000e+02,
5.890582885742187500e+02,
6.273879394531250000e+02,
6.143464965820312500e+02,
6.144487304687500000e+02,
6.108200683593750000e+02,
5.911207275390625000e+02,
5.794291381835937500e+02,
6.056672363281250000e+02,
5.953458862304687500e+02,
5.539472045898437500e+02,
5.537543945312500000e+02,
5.652608032226562500e+02,
5.846201171875000000e+02,
5.536892089843750000e+02,
5.661409301757812500e+02,
5.731792602539062500e+02,
5.281467285156250000e+02,
5.080544433593750000e+02,
4.636476440429687500e+02,
4.635003967285156250e+02,
4.649972534179687500e+02,
4.256824951171875000e+02,
4.127841491699218750e+02,
4.283227844238281250e+02,
4.367908630371093750e+02,
4.532431335449218750e+02,
4.523213806152343750e+02,
4.872069702148437500e+02,
5.017421569824218750e+02,
5.255055541992187500e+02,
5.250403442382812500e+02,
5.501022949218750000e+02,
5.232431030273437500e+02,
5.407700805664062500e+02,
5.949218139648437500e+02,
6.213087768554687500e+02,
6.634366455078125000e+02,
7.210101318359375000e+02,
7.363566894531250000e+02,
7.636459960937500000e+02,
8.649071044921875000e+02,
8.375631713867187500e+02,
8.325773315429687500e+02,
8.399854125976562500e+02,
8.168175659179687500e+02,
8.198576049804687500e+02,
9.719039916992187500e+02,
1.157029418945312500e+03,
1.239347290039062500e+03,
1.431100708007812500e+03,
1.558531005859375000e+03,
1.498953247070312500e+03,
1.417682617187500000e+03,
1.366793823242187500e+03,
1.312174316406250000e+03,
1.294578857421875000e+03,
1.332708251953125000e+03,
1.351201049804687500e+03,
1.315063720703125000e+03,
1.255337890625000000e+03,
1.210963623046875000e+03,
1.269250122070312500e+03,
1.364755371093750000e+03,
1.304272460937500000e+03,
1.242045898437500000e+03,
1.163870117187500000e+03,
1.086327514648437500e+03,
1.104583007812500000e+03,
1.077532348632812500e+03,
1.102172973632812500e+03,
1.059380004882812500e+03,
9.396017456054687500e+02,
8.767471923828125000e+02,
8.923681030273437500e+02,
8.869505004882812500e+02,
9.118941040039062500e+02,
9.545299682617187500e+02,
9.135153198242187500e+02,
9.016664428710937500e+02,
8.781765136718750000e+02,
8.810609130859375000e+02,
8.711155395507812500e+02,
8.478751831054687500e+02,
7.847199096679687500e+02,
7.541032714843750000e+02,
7.343937988281250000e+02,
7.237582397460937500e+02,
6.925604858398437500e+02,
6.977495117187500000e+02,
7.135436401367187500e+02,
7.132269897460937500e+02,
7.278016357421875000e+02,
7.486655883789062500e+02,
7.752549438476562500e+02,
7.401635131835937500e+02,
7.134882202148437500e+02,
6.758701782226562500e+02,
6.633422241210937500e+02,
6.344329223632812500e+02,
6.469243774414062500e+02,
5.963552246093750000e+02,
6.021163330078125000e+02,
5.614459838867187500e+02,
5.540170288085937500e+02,
5.400418090820312500e+02,
5.429788818359375000e+02,
5.508417358398437500e+02,
5.821694335937500000e+02,
6.249669799804687500e+02,
6.040922851562500000e+02,
6.024616699218750000e+02,
5.718032226562500000e+02,
5.992645263671875000e+02,
5.662051391601562500e+02,
5.669500732421875000e+02,
5.935090942382812500e+02,
7.875081787109375000e+02,
7.765206298828125000e+02,
7.902390747070312500e+02,
7.549071655273437500e+02,
7.048060302734375000e+02,
6.590538330078125000e+02,
6.342640991210937500e+02,
6.301132812500000000e+02,
6.205343017578125000e+02,
6.066768798828125000e+02,
6.406137084960937500e+02,
6.933863525390625000e+02,
7.041759643554687500e+02,
7.300957031250000000e+02,
7.705492553710937500e+02,
8.510545043945312500e+02,
8.622081909179687500e+02,
8.937852172851562500e+02,
8.739486694335937500e+02,
8.202902832031250000e+02,
7.735226440429687500e+02,
7.733106689453125000e+02,
7.698078002929687500e+02,
7.790930175781250000e+02,
7.551605834960937500e+02,
7.213094482421875000e+02,
6.267715454101562500e+02,
6.384045410156250000e+02,
6.365542602539062500e+02,
6.799943237304687500e+02,
6.611826171875000000e+02,
6.598305664062500000e+02,
6.314533081054687500e+02,
6.345656738281250000e+02,
6.203494873046875000e+02,
5.707322998046875000e+02,
5.172136230468750000e+02,
4.952576293945312500e+02,
4.719708251953125000e+02,
4.909787902832031250e+02,
5.052876281738281250e+02,
5.462619018554687500e+02,
5.903971557617187500e+02,
6.312000732421875000e+02,
6.998560791015625000e+02,
7.204020996093750000e+02,
8.350383300781250000e+02,
8.961931152343750000e+02,
9.743798828125000000e+02,
1.176872192382812500e+03,
1.335213745117187500e+03,
1.520424072265625000e+03,
1.695451660156250000e+03,
1.781261474609375000e+03,
1.788181030273437500e+03,
1.635638061523437500e+03,
1.582185180664062500e+03,
1.625364379882812500e+03,
1.577756103515625000e+03,
1.503754882812500000e+03,
1.486225219726562500e+03,
1.236226806640625000e+03,
1.248168457031250000e+03,
1.225923706054687500e+03,
1.117813598632812500e+03,
1.057713500976562500e+03,
1.054369995117187500e+03,
1.020176757812500000e+03,
9.335247192382812500e+02,
8.846231079101562500e+02,
8.507734985351562500e+02,
8.037684326171875000e+02,
8.546629638671875000e+02,
8.246841430664062500e+02,
7.856594238281250000e+02,
7.421243896484375000e+02,
6.720351562500000000e+02,
6.348051757812500000e+02,
6.107117919921875000e+02,
5.910266723632812500e+02,
5.835687255859375000e+02,
6.060631713867187500e+02,
6.010184936523437500e+02,
6.299669799804687500e+02,
8.293802490234375000e+02,
8.332178955078125000e+02,
8.731033325195312500e+02,
8.210134887695312500e+02,
6.747094116210937500e+02,
6.953660278320312500e+02,
7.127410888671875000e+02,
7.834412231445312500e+02,
8.595664062500000000e+02,
9.456370239257812500e+02,
9.445007324218750000e+02,
1.029323120117187500e+03,
9.826337280273437500e+02,
9.134826049804687500e+02,
8.688540649414062500e+02,
8.970190429687500000e+02,
8.515744018554687500e+02,
7.214737548828125000e+02,
7.143696899414062500e+02,
6.985302734375000000e+02,
7.039083251953125000e+02,
6.932462768554687500e+02,
6.272000732421875000e+02,
6.021124877929687500e+02,
5.551648559570312500e+02,
5.292335815429687500e+02,
5.361625366210937500e+02,
6.502670898437500000e+02,
7.407392578125000000e+02,
7.933464965820312500e+02,
8.927603149414062500e+02,
1.155348266601562500e+03,
1.465095336914062500e+03,
1.662366455078125000e+03,
1.904433105468750000e+03,
1.970663818359375000e+03,
1.982605102539062500e+03,
1.797892822265625000e+03,
1.794282348632812500e+03,
1.669478881835937500e+03,
1.563550659179687500e+03,
1.442402832031250000e+03,
1.351176391601562500e+03,
1.193142944335937500e+03,
1.085258666992187500e+03,
9.784603881835937500e+02,
9.611675415039062500e+02,
9.707908325195312500e+02,
9.175606079101562500e+02,
8.343294677734375000e+02,
7.601649780273437500e+02,
6.882960205078125000e+02,
6.765330200195312500e+02,
6.331736450195312500e+02,
6.460334472656250000e+02,
