8.306616210937500000e+02,
8.633840942382812500e+02,
8.675874633789062500e+02,
8.532237548828125000e+02,
7.767338256835937500e+02,
7.884583740234375000e+02,
8.033536987304687500e+02,
8.542670898437500000e+02,
8.802462768554687500e+02,
9.270598754882812500e+02,
1.001788269042968750e+03,
9.798127441406250000e+02,
1.016830444335937500e+03,
9.937877197265625000e+02,
9.800950317382812500e+02,
9.586144409179687500e+02,
9.154722900390625000e+02,
8.784615478515625000e+02,
8.739874877929687500e+02,
8.358400878906250000e+02,
8.175283203125000000e+02,
8.006093139648437500e+02,
7.910113525390625000e+02,
8.260951538085937500e+02,
8.641427612304687500e+02,
8.709177246093750000e+02,
9.329389038085937500e+02,
9.796087036132812500e+02,
1.003525634765625000e+03,
1.011150878906250000e+03,
1.003130554199218750e+03,
1.012371093750000000e+03,
1.019019104003906250e+03,
9.786293334960937500e+02,
9.514555664062500000e+02,
9.366337890625000000e+02,
9.684813842773437500e+02,
9.957877807617187500e+02,
1.047008056640625000e+03,
1.091123413085937500e+03,
1.124844848632812500e+03,
1.163102416992187500e+03,
1.189786499023437500e+03,
1.160880371093750000e+03,
1.156306274414062500e+03,
1.118213012695312500e+03,
1.052688720703125000e+03,
1.073010253906250000e+03,
1.065666137695312500e+03,
1.088952758789062500e+03,
1.049864257812500000e+03,
1.039582641601562500e+03,
1.069352416992187500e+03,
1.045753540039062500e+03,
1.111742797851562500e+03,
1.176822875976562500e+03,
1.253086059570312500e+03,
1.299034423828125000e+03,
1.321067993164062500e+03,
1.296851318359375000e+03,
1.243959350585937500e+03,
1.205495849609375000e+03,
1.183834228515625000e+03,
1.188580688476562500e+03,
1.231935546875000000e+03,
1.310563476562500000e+03,
1.347783081054687500e+03,
1.473396972656250000e+03,
9.562381591796875000e+02,
9.630313110351562500e+02,
1.060186523437500000e+03,
1.163571166992187500e+03,
1.063309082031250000e+03,
1.092108520507812500e+03,
1.068885009765625000e+03,
1.010336486816406250e+03,
9.406760253906250000e+02,
9.384807128906250000e+02,
1.006167785644531250e+03,
1.000356445312500000e+03,
1.052735839843750000e+03,
1.077985473632812500e+03,
1.147461547851562500e+03,
1.135457641601562500e+03,
1.151494628906250000e+03,
1.188408203125000000e+03,
1.265723754882812500e+03,
1.308340698242187500e+03,
1.328178588867187500e+03,
1.323638793945312500e+03,
1.324162231445312500e+03,
1.273856079101562500e+03,
1.294193725585937500e+03,
1.332473266601562500e+03,
1.389830078125000000e+03,
1.405848144531250000e+03,
1.426229492187500000e+03,
1.476026245117187500e+03,
1.469917968750000000e+03,
1.572557495117187500e+03,
1.125470825195312500e+03,
1.208331176757812500e+03,
1.284248413085937500e+03,
1.253588500976562500e+03,
1.138358520507812500e+03,
1.081300659179687500e+03,
1.124589965820312500e+03,
1.137264526367187500e+03,
1.213283325195312500e+03,
1.258858276367187500e+03,
1.333989013671875000e+03,
1.416909423828125000e+03,
1.465713012695312500e+03,
1.503424072265625000e+03,
1.539587036132812500e+03,
1.475831054687500000e+03,
1.563094116210937500e+03,
1.577267578125000000e+03,
1.617566894531250000e+03,
1.794022216796875000e+03,
