7.385209960937500000e+02,
7.729046630859375000e+02,
7.188272094726562500e+02,
6.717025756835937500e+02,
5.579401855468750000e+02,
5.340512695312500000e+02,
5.360823364257812500e+02,
5.720807495117187500e+02,
5.667277221679687500e+02,
5.908087158203125000e+02,
5.835549316406250000e+02,
5.714902343750000000e+02,
5.633524169921875000e+02,
5.460041503906250000e+02,
5.538692016601562500e+02,
5.514112548828125000e+02,
5.556555175781250000e+02,
5.349610595703125000e+02,
5.458467407226562500e+02,
5.300703125000000000e+02,
5.105062561035156250e+02,
5.091365051269531250e+02,
4.648572692871093750e+02,
4.854315490722656250e+02,
5.275053100585937500e+02,
5.974643554687500000e+02,
5.320103149414062500e+02,
5.442308959960937500e+02,
5.675792236328125000e+02,
5.149343872070312500e+02,
5.270939331054687500e+02,
5.077543640136718750e+02,
5.051248779296875000e+02,
5.300502319335937500e+02,
5.293320922851562500e+02,
5.115716552734375000e+02,
5.312783203125000000e+02,
5.727388916015625000e+02,
5.420983886718750000e+02,
5.469453125000000000e+02,
5.851674804687500000e+02,
5.631281738281250000e+02,
5.824329223632812500e+02,
5.801042480468750000e+02,
5.812276611328125000e+02,
5.650012207031250000e+02,
5.614007568359375000e+02,
5.660040283203125000e+02,
5.409836425781250000e+02,
5.057638854980468750e+02,
5.095554809570312500e+02,
5.007345581054687500e+02,
5.090812683105468750e+02,
4.932213439941406250e+02,
4.966003112792968750e+02,
5.709008178710937500e+02,
5.899781494140625000e+02,
6.147745971679687500e+02,
6.535366821289062500e+02,
6.457055053710937500e+02,
6.005031738281250000e+02,
5.946682128906250000e+02,
5.359935913085937500e+02,
5.206184692382812500e+02,
5.268403930664062500e+02,
5.129519042968750000e+02,
5.201588745117187500e+02,
4.845708312988281250e+02,
5.085007019042968750e+02,
4.991005859375000000e+02,
5.190551147460937500e+02,
5.047686157226562500e+02,
4.649277648925781250e+02,
4.915000305175781250e+02,
4.490625000000000000e+02,
4.378881225585937500e+02,
4.210443420410156250e+02,
4.305219116210937500e+02,
4.371930847167968750e+02,
4.580496826171875000e+02,
4.202850646972656250e+02,
4.217052307128906250e+02,
4.418654785156250000e+02,
4.173914794921875000e+02,
3.969495544433593750e+02,
3.894681396484375000e+02,
3.910529479980468750e+02,
3.906065063476562500e+02,
3.809440307617187500e+02,
3.816434631347656250e+02,
4.062775268554687500e+02,
4.286975708007812500e+02,
4.039297180175781250e+02,
4.286329956054687500e+02,
4.203359069824218750e+02,
4.062865600585937500e+02,
3.904014587402343750e+02,
3.929289245605468750e+02,
4.018583374023437500e+02,
3.961092529296875000e+02,
3.773433837890625000e+02,
3.960476989746093750e+02,
3.573931579589843750e+02,
3.702745361328125000e+02,
4.043641357421875000e+02,
3.981794433593750000e+02,
4.258720703125000000e+02,
4.631498107910156250e+02,
4.494731445312500000e+02,
4.741005859375000000e+02,
4.917964172363281250e+02,
4.876276550292968750e+02,
4.939756469726562500e+02,
5.085529479980468750e+02,
4.911839599609375000e+02,
5.209366455078125000e+02,
5.242932128906250000e+02,
5.543781738281250000e+02,
5.862379150390625000e+02,
5.755894775390625000e+02,
6.079760131835937500e+02,
5.666163940429687500e+02,
5.528241577148437500e+02,
5.436173095703125000e+02,
5.498848876953125000e+02,
5.604110717773437500e+02,
5.461091308593750000e+02,
5.747371826171875000e+02,
5.763880004882812500e+02,
5.867726440429687500e+02,
6.238154296875000000e+02,
6.181806640625000000e+02,
6.193593139648437500e+02,
6.614387207031250000e+02,
6.085229492187500000e+02,
5.997114257812500000e+02,
5.978112182617187500e+02,
5.789276733398437500e+02,
5.657932128906250000e+02,
5.433896484375000000e+02,
5.506439819335937500e+02,
5.632659301757812500e+02,
5.583246459960937500e+02,
5.613728637695312500e+02,
5.371864624023437500e+02,
5.511916503906250000e+02,
5.608914794921875000e+02,
5.863452758789062500e+02,
6.041472778320312500e+02,
6.070838012695312500e+02,
6.009060668945312500e+02,
6.195858764648437500e+02,
5.926362304687500000e+02,
6.071118164062500000e+02,
5.735863037109375000e+02,
5.574515991210937500e+02,
5.519865722656250000e+02,
5.535778198242187500e+02,
5.790596923828125000e+02,
5.565344848632812500e+02,
5.533712768554687500e+02,
5.400651245117187500e+02,
5.684408569335937500e+02,
6.013356323242187500e+02,
6.155867919921875000e+02,
6.255125122070312500e+02,
6.168393554687500000e+02,
6.265118408203125000e+02,
6.230617675781250000e+02,
6.149009399414062500e+02,
6.175671997070312500e+02,
6.056204833984375000e+02,
6.212251586914062500e+02,
6.130419311523437500e+02,
6.310216064453125000e+02,
6.434872436523437500e+02,
6.496061401367187500e+02,
7.087705078125000000e+02,
6.349173583984375000e+02,
6.101597290039062500e+02,
5.830831298828125000e+02,
5.689785156250000000e+02,
5.845570068359375000e+02,
5.796050415039062500e+02,
5.950993041992187500e+02,
6.016650390625000000e+02,
6.066713256835937500e+02,
6.275031127929687500e+02,
6.337846069335937500e+02,
6.711002197265625000e+02,
7.096824340820312500e+02,
7.463806152343750000e+02,
7.536414794921875000e+02,
7.759966430664062500e+02,
7.854945678710937500e+02,
7.893474121093750000e+02,
7.548203735351562500e+02,
7.261215209960937500e+02,
7.161697998046875000e+02,
7.535793457031250000e+02,
6.553878173828125000e+02,
6.798107299804687500e+02,
7.106074829101562500e+02,
6.955966186523437500e+02,
7.020935668945312500e+02,
6.758765869140625000e+02,
6.975071411132812500e+02,
6.657399902343750000e+02,
6.453616943359375000e+02,
6.479033203125000000e+02,
6.758832397460937500e+02,
7.119813842773437500e+02,
7.410928344726562500e+02,
7.801639404296875000e+02,
7.525660400390625000e+02,
7.628709106445312500e+02,
7.059879150390625000e+02,
7.151305541992187500e+02,
6.722811889648437500e+02,
6.285168457031250000e+02,
6.579526367187500000e+02,
6.415498657226562500e+02,
6.644266967773437500e+02,
6.441537475585937500e+02,
6.517965087890625000e+02,
6.551535644531250000e+02,
6.870637207031250000e+02,
6.492783813476562500e+02,
6.541945800781250000e+02,
6.417906494140625000e+02,
6.555327148437500000e+02,
6.487749633789062500e+02,
6.400505981445312500e+02,
6.570728149414062500e+02,
6.378544311523437500e+02,
6.554622802734375000e+02,
6.100826416015625000e+02,
6.454986572265625000e+02,
6.234760131835937500e+02,
6.061341552734375000e+02,
6.055316162109375000e+02,
6.183954467773437500e+02,
6.264878540039062500e+02,
6.058828125000000000e+02,
6.190432739257812500e+02,
6.351242065429687500e+02,
6.318463745117187500e+02,
6.316716918945312500e+02,
6.559257202148437500e+02,
6.728153076171875000e+02,
6.837185058593750000e+02,
7.264863891601562500e+02,
7.727867431640625000e+02,
7.424279174804687500e+02,
7.328174438476562500e+02,
6.297263183593750000e+02,
6.333280029296875000e+02,
6.055863647460937500e+02,
5.811098632812500000e+02,
5.561310424804687500e+02,
5.570952148437500000e+02,
5.583040771484375000e+02,
5.346062011718750000e+02,
5.543397216796875000e+02,
5.673404541015625000e+02,
5.591704711914062500e+02,
5.454992675781250000e+02,
5.573117675781250000e+02,
5.754116210937500000e+02,
6.024440917968750000e+02,
6.305640869140625000e+02,
6.333109741210937500e+02,
6.170694580078125000e+02,
6.074598999023437500e+02,
5.663461914062500000e+02,
5.416868286132812500e+02,
5.689549560546875000e+02,
6.243117675781250000e+02,
6.653188476562500000e+02,
6.772963867187500000e+02,
6.645541381835937500e+02,
6.376387329101562500e+02,
6.070895996093750000e+02,
5.784184570312500000e+02,
5.525692749023437500e+02,
5.280221557617187500e+02,
5.132025756835937500e+02,
4.960876464843750000e+02,
4.872899780273437500e+02,
4.720627136230468750e+02,
4.716286010742187500e+02,
4.663737487792968750e+02,
4.379722595214843750e+02,
4.194397888183593750e+02,
4.141968994140625000e+02,
4.551173400878906250e+02,
4.429799194335937500e+02,
4.551152954101562500e+02,
4.162224426269531250e+02,
3.990948181152343750e+02,
4.426105346679687500e+02,
4.096132507324218750e+02,
4.583089599609375000e+02,
4.582276916503906250e+02,
4.997425842285156250e+02,
5.059161376953125000e+02,
5.392474365234375000e+02,
5.739307861328125000e+02,
5.993227539062500000e+02,
6.180097045898437500e+02,
6.194935302734375000e+02,
6.629691772460937500e+02,
6.352612304687500000e+02,
6.441987304687500000e+02,
6.217916259765625000e+02,
6.492719726562500000e+02,
6.937717285156250000e+02,
6.738013916015625000e+02,
6.583251953125000000e+02,
6.357922973632812500e+02,
6.135702514648437500e+02,
6.060773925781250000e+02,
5.935835571289062500e+02,
6.030072021484375000e+02,
6.235391845703125000e+02,
6.579758911132812500e+02,
6.234796142578125000e+02,
6.662975463867187500e+02,
6.503151855468750000e+02,
6.343339233398437500e+02,
6.468527221679687500e+02,
6.258722534179687500e+02,
6.524594726562500000e+02,
6.548240966796875000e+02,
6.778455200195312500e+02,
6.876963500976562500e+02,
6.876458740234375000e+02,
6.904025268554687500e+02,
6.372380371093750000e+02,
6.294166259765625000e+02,
6.224229125976562500e+02,
6.367974243164062500e+02,
6.309710693359375000e+02,
6.536238403320312500e+02,
7.100848388671875000e+02,
7.790305175781250000e+02,
8.454547729492187500e+02,
8.717385864257812500e+02,
8.597882080078125000e+02,
7.975388793945312500e+02,
7.940978393554687500e+02,
7.605994262695312500e+02,
7.589680786132812500e+02,
7.516575317382812500e+02,
7.743322753906250000e+02,
7.793460693359375000e+02,
7.888209838867187500e+02,
7.801192626953125000e+02,
7.755758056640625000e+02,
7.277316894531250000e+02,
6.939042358398437500e+02,
7.049369506835937500e+02,
7.165395507812500000e+02,
7.000859375000000000e+02,
7.092001953125000000e+02,
7.145806274414062500e+02,
6.758685913085937500e+02,
7.022393188476562500e+02,
6.534055175781250000e+02,
6.522548828125000000e+02,
6.589704589843750000e+02,
6.311983642578125000e+02,
6.469113159179687500e+02,
6.680200805664062500e+02,
7.905241699218750000e+02,
7.794239501953125000e+02,
7.996619873046875000e+02,
7.887924804687500000e+02,
6.155325927734375000e+02,
6.001821899414062500e+02,
6.044971923828125000e+02,
6.133634033203125000e+02,
5.943386840820312500e+02,
6.011455078125000000e+02,
6.553117675781250000e+02,
6.805894165039062500e+02,
7.014368286132812500e+02,
6.692681884765625000e+02,
6.517965087890625000e+02,
6.071258544921875000e+02,
6.388173217773437500e+02,
7.110062255859375000e+02,
7.272174682617187500e+02,
6.871126708984375000e+02,
6.586962890625000000e+02,
6.100559082031250000e+02,
5.797084350585937500e+02,
5.746067504882812500e+02,
5.257824707031250000e+02,
5.217634277343750000e+02,
4.794178466796875000e+02,
4.520784912109375000e+02,
4.519333496093750000e+02,
4.527530822753906250e+02,
4.817937622070312500e+02,
4.737018432617187500e+02,
4.421888427734375000e+02,
4.490385131835937500e+02,
4.928049316406250000e+02,
5.625567016601562500e+02,
6.020272216796875000e+02,
6.818928833007812500e+02,
6.748424682617187500e+02,
7.049641723632812500e+02,
7.234547729492187500e+02,
7.256603393554687500e+02,
6.782257080078125000e+02,
6.988996582031250000e+02,
7.436715087890625000e+02,
6.753061523437500000e+02,
6.730351562500000000e+02,
7.003529663085937500e+02,
6.653551635742187500e+02,
7.041651611328125000e+02,
6.965723876953125000e+02,
7.517305908203125000e+02,
6.879533691406250000e+02,
6.901991577148437500e+02,
6.731704101562500000e+02,
7.451073608398437500e+02,
7.559141845703125000e+02,
7.548982543945312500e+02,
6.585993652343750000e+02,
6.893199462890625000e+02,
6.868820800781250000e+02,
7.599696044921875000e+02,
8.595811767578125000e+02,
8.985043945312500000e+02,
9.340035400390625000e+02,
8.893446655273437500e+02,
8.930704956054687500e+02,
8.086781616210937500e+02,
8.300427246093750000e+02,
8.194415893554687500e+02,
8.011647949218750000e+02,
7.846146850585937500e+02,
7.897079467773437500e+02,
7.794768676757812500e+02,
7.658426513671875000e+02,
7.385362548828125000e+02,
7.265046997070312500e+02,
7.563022460937500000e+02,
6.907359008789062500e+02,
6.835152587890625000e+02,
7.085175781250000000e+02,
