1.219860351562500000e+03,
1.195690429687500000e+03,
1.220468261718750000e+03,
1.208511596679687500e+03,
1.019755432128906250e+03,
1.032665649414062500e+03,
1.060960571289062500e+03,
1.138958862304687500e+03,
1.128741821289062500e+03,
1.198459716796875000e+03,
1.160872070312500000e+03,
1.136897583007812500e+03,
1.086851684570312500e+03,
1.008623962402343750e+03,
9.654353637695312500e+02,
9.826266479492187500e+02,
9.779596557617187500e+02,
1.008851196289062500e+03,
1.015212036132812500e+03,
1.037732421875000000e+03,
1.045908447265625000e+03,
1.072626708984375000e+03,
1.083263061523437500e+03,
1.062768676757812500e+03,
1.007648864746093750e+03,
9.725968017578125000e+02,
9.309973754882812500e+02,
8.524009399414062500e+02,
8.176234741210937500e+02,
8.687045898437500000e+02,
8.858862915039062500e+02,
9.195252075195312500e+02,
8.832878417968750000e+02,
8.733831787109375000e+02,
9.482781372070312500e+02,
1.012682067871093750e+03,
1.097300659179687500e+03,
1.154156494140625000e+03,
1.132344360351562500e+03,
1.115916381835937500e+03,
1.125573486328125000e+03,
1.191176025390625000e+03,
1.247293334960937500e+03,
1.293005615234375000e+03,
1.321182373046875000e+03,
1.287161987304687500e+03,
1.264043090820312500e+03,
1.281945678710937500e+03,
1.230766601562500000e+03,
1.210639526367187500e+03,
1.157855224609375000e+03,
1.110302246093750000e+03,
1.061361572265625000e+03,
1.089821655273437500e+03,
1.118018920898437500e+03,
1.162764526367187500e+03,
1.183483520507812500e+03,
1.143467529296875000e+03,
1.118612915039062500e+03,
1.122113403320312500e+03,
1.131937744140625000e+03,
1.087088745117187500e+03,
1.012898681640625000e+03,
1.038847656250000000e+03,
1.013063232421875000e+03,
9.769963378906250000e+02,
9.683533325195312500e+02,
9.913751831054687500e+02,
9.922416381835937500e+02,
9.898194580078125000e+02,
9.620441894531250000e+02,
9.486579589843750000e+02,
9.673362426757812500e+02,
9.619611816406250000e+02,
9.882431030273437500e+02,
9.916962280273437500e+02,
9.581236572265625000e+02,
8.825338134765625000e+02,
8.258202514648437500e+02,
7.997272949218750000e+02,
7.946775512695312500e+02,
8.237897949218750000e+02,
8.072930908203125000e+02,
7.862028808593750000e+02,
7.521435546875000000e+02,
7.600950317382812500e+02,
7.410340576171875000e+02,
7.411499633789062500e+02,
7.364127197265625000e+02,
7.017103881835937500e+02,
6.539851684570312500e+02,
6.194602661132812500e+02,
5.762927246093750000e+02,
5.512077026367187500e+02,
5.476289062500000000e+02,
5.174375000000000000e+02,
5.221573486328125000e+02,
5.321093750000000000e+02,
5.085576477050781250e+02,
4.791306762695312500e+02,
4.850969848632812500e+02,
4.681100158691406250e+02,
4.955897521972656250e+02,
4.366938781738281250e+02,
4.224839477539062500e+02,
4.636818237304687500e+02,
4.417186889648437500e+02,
4.667246704101562500e+02,
4.575351257324218750e+02,
4.941053771972656250e+02,
4.998274536132812500e+02,
5.101944580078125000e+02,
4.829664916992187500e+02,
4.850339965820312500e+02,
4.879604492187500000e+02,
4.873210144042968750e+02,
4.894964599609375000e+02,
4.853896179199218750e+02,
5.054261474609375000e+02,
5.133274536132812500e+02,
5.029762573242187500e+02,
5.393316650390625000e+02,
4.836364746093750000e+02,
4.673039855957031250e+02,
4.391320800781250000e+02,
4.071582641601562500e+02,
3.783256530761718750e+02,
3.533222961425781250e+02,
3.396390991210937500e+02,
3.082609252929687500e+02,
3.073847656250000000e+02,
3.101278381347656250e+02,
2.966077880859375000e+02,
2.926595153808593750e+02,
2.977523498535156250e+02,
3.190953674316406250e+02,
2.907348327636718750e+02,
2.978619995117187500e+02,
3.302776794433593750e+02,
2.638009033203125000e+02,
2.695331115722656250e+02,
2.783280944824218750e+02,
2.921678771972656250e+02,
3.200688781738281250e+02,
3.307809448242187500e+02,
4.000862426757812500e+02,
4.175295410156250000e+02,
4.788862915039062500e+02,
5.268550415039062500e+02,
5.457151489257812500e+02,
5.841333618164062500e+02,
6.381998901367187500e+02,
6.468141479492187500e+02,
6.072083740234375000e+02,
5.736645507812500000e+02,
5.498062744140625000e+02,
5.707240600585937500e+02,
6.011222534179687500e+02,
6.252660522460937500e+02,
6.162846069335937500e+02,
5.509712524414062500e+02,
5.821284790039062500e+02,
5.442412719726562500e+02,
5.501109619140625000e+02,
5.484382324218750000e+02,
5.485031127929687500e+02,
5.379876708984375000e+02,
5.007754516601562500e+02,
5.196960449218750000e+02,
4.977789306640625000e+02,
4.902728271484375000e+02,
4.716489562988281250e+02,
4.575533447265625000e+02,
4.435553894042968750e+02,
3.775712585449218750e+02,
3.529538879394531250e+02,
3.238785095214843750e+02,
2.671024780273437500e+02,
2.488662261962890625e+02,
2.509280090332031250e+02,
2.781782226562500000e+02,
3.065227966308593750e+02,
3.394019470214843750e+02,
3.395189208984375000e+02,
3.866840515136718750e+02,
3.898260498046875000e+02,
3.924925231933593750e+02,
4.001799621582031250e+02,
3.772462463378906250e+02,
3.959534301757812500e+02,
4.381431274414062500e+02,
4.223624572753906250e+02,
4.177316894531250000e+02,
4.143699951171875000e+02,
4.054889831542968750e+02,
3.722507019042968750e+02,
3.556921386718750000e+02,
4.135659790039062500e+02,
4.016725463867187500e+02,
3.903181457519531250e+02,
4.199214782714843750e+02,
4.224741210937500000e+02,
4.462391052246093750e+02,
4.378243103027343750e+02,
4.335741882324218750e+02,
4.060498046875000000e+02,
3.892817077636718750e+02,
3.786989135742187500e+02,
3.784721679687500000e+02,
3.819791564941406250e+02,
3.864745178222656250e+02,
3.479116516113281250e+02,
3.577678833007812500e+02,
3.347908630371093750e+02,
3.416873474121093750e+02,
3.438146972656250000e+02,
3.327825622558593750e+02,
3.557727966308593750e+02,
3.760870056152343750e+02,
3.829099731445312500e+02,
3.728533935546875000e+02,
3.901159667968750000e+02,
3.649328613281250000e+02,
3.451242980957031250e+02,
3.259870605468750000e+02,
3.439111938476562500e+02,
3.180563049316406250e+02,
3.298365478515625000e+02,
3.268839111328125000e+02,
3.240335083007812500e+02,
3.408100280761718750e+02,
3.789236450195312500e+02,
3.916796875000000000e+02,
4.065685729980468750e+02,
4.192330932617187500e+02,
3.867904663085937500e+02,
3.783200073242187500e+02,
3.857272338867187500e+02,
4.039501647949218750e+02,
3.883434143066406250e+02,
4.180251159667968750e+02,
4.081044311523437500e+02,
3.875478820800781250e+02,
4.133422546386718750e+02,
3.951880187988281250e+02,
4.027620239257812500e+02,
3.799987792968750000e+02,
3.493836364746093750e+02,
3.348030090332031250e+02,
2.989814453125000000e+02,
2.774040527343750000e+02,
3.020881958007812500e+02,
2.845582275390625000e+02,
3.353750000000000000e+02,
3.358077087402343750e+02,
3.554393920898437500e+02,
3.619425048828125000e+02,
3.826328430175781250e+02,
3.698834838867187500e+02,
3.881686706542968750e+02,
3.613063049316406250e+02,
3.786073913574218750e+02,
3.884020080566406250e+02,
3.835687866210937500e+02,
3.898388977050781250e+02,
4.057899475097656250e+02,
4.005975036621093750e+02,
3.769034423828125000e+02,
3.661823730468750000e+02,
3.599352111816406250e+02,
3.644997863769531250e+02,
3.731369018554687500e+02,
3.675919189453125000e+02,
3.497261962890625000e+02,
3.340878601074218750e+02,
3.124278259277343750e+02,
3.088869628906250000e+02,
3.079746093750000000e+02,
3.225194396972656250e+02,
3.683310852050781250e+02,
3.984384460449218750e+02,
4.710125427246093750e+02,
5.285923461914062500e+02,
5.518684692382812500e+02,
5.570377197265625000e+02,
6.401325073242187500e+02,
6.647412719726562500e+02,
6.587981567382812500e+02,
6.367890014648437500e+02,
5.251540527343750000e+02,
4.309891967773437500e+02,
3.870574035644531250e+02,
3.647204589843750000e+02,
3.932390136718750000e+02,
3.801837768554687500e+02,
3.687070007324218750e+02,
3.652242431640625000e+02,
3.628867187500000000e+02,
3.512568969726562500e+02,
3.670809020996093750e+02,
3.497576599121093750e+02,
3.687803955078125000e+02,
3.613103332519531250e+02,
3.366702880859375000e+02,
3.278599548339843750e+02,
3.021199035644531250e+02,
3.122971801757812500e+02,
2.977013549804687500e+02,
2.852966613769531250e+02,
2.844501953125000000e+02,
2.531461639404296875e+02,
2.550619354248046875e+02,
2.156052856445312500e+02,
1.981006317138671875e+02,
2.001221008300781250e+02,
1.885615234375000000e+02,
2.140358734130859375e+02,
2.067280426025390625e+02,
2.424575805664062500e+02,
2.228362579345703125e+02,
2.391738433837890625e+02,
2.429283599853515625e+02,
2.543768005371093750e+02,
2.697481994628906250e+02,
2.268614959716796875e+02,
2.223506927490234375e+02,
2.036200714111328125e+02,
2.262907257080078125e+02,
2.016618804931640625e+02,
1.845387878417968750e+02,
1.911898956298828125e+02,
2.146338348388671875e+02,
1.792166748046875000e+02,
1.905211486816406250e+02,
1.723270111083984375e+02,
1.904080963134765625e+02,
1.800307617187500000e+02,
1.695284271240234375e+02,
1.656012573242187500e+02,
1.669159393310546875e+02,
1.617223052978515625e+02,
1.524513092041015625e+02,
1.696162719726562500e+02,
1.380225524902343750e+02,
1.499318084716796875e+02,
1.340826263427734375e+02,
1.438723297119140625e+02,
1.202001953125000000e+02,
1.402244720458984375e+02,
1.282079010009765625e+02,
1.530234527587890625e+02,
1.376244201660156250e+02,
1.300537719726562500e+02,
1.330102233886718750e+02,
1.248043975830078125e+02,
1.487337799072265625e+02,
1.303215179443359375e+02,
1.326413726806640625e+02,
1.414558410644531250e+02,
1.358339080810546875e+02,
1.407298126220703125e+02,
1.450950927734375000e+02,
1.223889465332031250e+02,
1.080919647216796875e+02,
1.460040435791015625e+02,
1.191486206054687500e+02,
1.176917877197265625e+02,
1.552635040283203125e+02,
1.413938903808593750e+02,
1.415908966064453125e+02,
1.427334747314453125e+02,
1.912445678710937500e+02,
1.787067871093750000e+02,
1.789489898681640625e+02,
1.930455780029296875e+02,
2.042227325439453125e+02,
2.169260253906250000e+02,
2.185649108886718750e+02,
2.328431701660156250e+02,
2.625295410156250000e+02,
2.580727233886718750e+02,
2.556522521972656250e+02,
2.781033325195312500e+02,
2.523488922119140625e+02,
2.341643676757812500e+02,
2.237204895019531250e+02,
2.395223236083984375e+02,
2.560761108398437500e+02,
2.334125976562500000e+02,
2.383832397460937500e+02,
2.510063629150390625e+02,
2.428082885742187500e+02,
2.780349731445312500e+02,
2.905652465820312500e+02,
2.669281616210937500e+02,
2.511388092041015625e+02,
2.401029510498046875e+02,
2.367251739501953125e+02,
2.131859741210937500e+02,
2.182382202148437500e+02,
2.091858978271484375e+02,
2.160209197998046875e+02,
2.292595977783203125e+02,
2.184885864257812500e+02,
2.387768707275390625e+02,
2.109985504150390625e+02,
1.988380737304687500e+02,
2.081271057128906250e+02,
2.360800781250000000e+02,
2.249504241943359375e+02,
2.587569885253906250e+02,
2.354183959960937500e+02,
2.380330657958984375e+02,
2.505366973876953125e+02,
2.475752410888671875e+02,
2.616576538085937500e+02,
2.637632141113281250e+02,
2.713481445312500000e+02,
2.600810852050781250e+02,
2.716624145507812500e+02,
2.348660430908203125e+02,
2.275677337646484375e+02,
2.280616607666015625e+02,
2.352415924072265625e+02,
2.444039611816406250e+02,
2.753050537109375000e+02,
2.476405792236328125e+02,
2.678973083496093750e+02,
2.774680480957031250e+02,
2.704158935546875000e+02,
2.911883239746093750e+02,
3.109861145019531250e+02,
3.539803771972656250e+02,
3.687927551269531250e+02,
4.127574768066406250e+02,
3.957668762207031250e+02,
3.875171813964843750e+02,
3.929739074707031250e+02,
3.944310607910156250e+02,
3.813627319335937500e+02,
4.011480712890625000e+02,
3.761383666992187500e+02,
3.802654724121093750e+02,
3.791680297851562500e+02,
3.964019775390625000e+02,
3.800287780761718750e+02,
3.706166381835937500e+02,
3.534959411621093750e+02,
3.621422729492187500e+02,
3.980153808593750000e+02,
4.771494140625000000e+02,
5.927532348632812500e+02,
6.274161376953125000e+02,
6.621987304687500000e+02,
6.608554687500000000e+02,
6.215953979492187500e+02,
6.229281005859375000e+02,
5.961624755859375000e+02,
5.092318725585937500e+02,
4.577927551269531250e+02,
4.566397094726562500e+02,
4.239742736816406250e+02,
3.831193847656250000e+02,
3.490315246582031250e+02,
3.320641784667968750e+02,
3.582313842773437500e+02,
3.713709716796875000e+02,
3.619857482910156250e+02,
3.954022827148437500e+02,
3.243012695312500000e+02,
3.257781066894531250e+02,
3.546461791992187500e+02,
3.551275939941406250e+02,
3.773663024902343750e+02,
4.745568847656250000e+02,
5.209057617187500000e+02,
5.768487548828125000e+02,
6.174409790039062500e+02,
6.950150146484375000e+02,
6.601051025390625000e+02,
6.294619140625000000e+02,
6.895697021484375000e+02,
6.156119995117187500e+02,
5.868131713867187500e+02,
5.906328125000000000e+02,
6.412313842773437500e+02,
6.363417358398437500e+02,
5.998457031250000000e+02,
5.222199707031250000e+02,
4.103844604492187500e+02,
4.134141845703125000e+02,
4.045820617675781250e+02,
3.776622924804687500e+02,
4.090142822265625000e+02,
3.962590332031250000e+02,
3.849414672851562500e+02,
3.582724304199218750e+02,
3.502155456542968750e+02,
3.346401367187500000e+02,
3.370095214843750000e+02,
3.450558166503906250e+02,
3.333421020507812500e+02,
3.541320800781250000e+02,
3.824510498046875000e+02,
1.438705322265625000e+03,
1.499384155273437500e+03,
1.551566040039062500e+03,
1.574294555664062500e+03,
1.382788085937500000e+03,
1.333994262695312500e+03,
1.222591674804687500e+03,
1.175230102539062500e+03,
1.170766845703125000e+03,
1.260072509765625000e+03,
1.214353881835937500e+03,
1.172304077148437500e+03,
1.054839965820312500e+03,
9.688700561523437500e+02,
9.984685058593750000e+02,
1.084690917968750000e+03,
1.157964233398437500e+03,
1.238692138671875000e+03,
1.336297851562500000e+03,
1.443159790039062500e+03,
1.574812744140625000e+03,
1.684642700195312500e+03,
1.687691284179687500e+03,
1.574152587890625000e+03,
1.484501098632812500e+03,
1.461549926757812500e+03,
1.399180786132812500e+03,
1.434071289062500000e+03,
1.384420166015625000e+03,
1.419875366210937500e+03,
1.373875732421875000e+03,
1.356203735351562500e+03,
1.347534545898437500e+03,
1.299546508789062500e+03,
1.249359375000000000e+03,
1.203719238281250000e+03,
1.172297851562500000e+03,
1.138374389648437500e+03,
1.125259399414062500e+03,
1.045782836914062500e+03,
9.807897338867187500e+02,
9.425047607421875000e+02,
9.148980102539062500e+02,
8.586137695312500000e+02,
7.606095581054687500e+02,
6.862575683593750000e+02,
6.232739257812500000e+02,
6.101744995117187500e+02,
6.079999389648437500e+02,
5.703580932617187500e+02,
5.588908691406250000e+02,
5.343307495117187500e+02,
5.106403808593750000e+02,
5.464700927734375000e+02,
5.670308837890625000e+02,
5.811891479492187500e+02,
5.756993408203125000e+02,
5.534884033203125000e+02,
5.582395629882812500e+02,
5.614692382812500000e+02,
5.424567871093750000e+02,
5.004941101074218750e+02,
4.451846923828125000e+02,
4.087438659667968750e+02,
3.507669067382812500e+02,
3.671288452148437500e+02,
3.530894775390625000e+02,
3.090285034179687500e+02,
3.278876342773437500e+02,
3.081415405273437500e+02,
3.663931579589843750e+02,
4.205081176757812500e+02,
4.903683776855468750e+02,
5.783064575195312500e+02,
6.505766601562500000e+02,
7.448733520507812500e+02,
7.278816528320312500e+02,
7.230490722656250000e+02,
7.075954589843750000e+02,
6.829456176757812500e+02,
6.658445434570312500e+02,
6.324275512695312500e+02,
6.010859985351562500e+02,
5.935296020507812500e+02,
5.683685302734375000e+02,
4.905680847167968750e+02,
4.293153686523437500e+02,
3.987116088867187500e+02,
3.428150939941406250e+02,
3.329208679199218750e+02,
3.502241210937500000e+02,
3.845898132324218750e+02,
3.995545654296875000e+02,
4.260087280273437500e+02,
4.445618286132812500e+02,
4.436707458496093750e+02,
4.344204101562500000e+02,
4.372420349121093750e+02,
4.351676330566406250e+02,
4.669639587402343750e+02,
4.763465576171875000e+02,
4.558645324707031250e+02,
4.353377075195312500e+02,
4.133153991699218750e+02,
3.966507568359375000e+02,
3.839570312500000000e+02,
3.885455627441406250e+02,
4.118728637695312500e+02,
4.140769348144531250e+02,
3.882304077148437500e+02,
3.905306396484375000e+02,
3.929939270019531250e+02,
3.723249816894531250e+02,
3.857557067871093750e+02,
4.339328613281250000e+02,
4.432461547851562500e+02,
4.504389038085937500e+02,
4.611007080078125000e+02,
4.619540405273437500e+02,
4.638920593261718750e+02,
4.577414550781250000e+02,
4.291306152343750000e+02,
3.929743347167968750e+02,
3.575540771484375000e+02,
3.706837768554687500e+02,
3.532935791015625000e+02,
3.639089355468750000e+02,
3.996658020019531250e+02,
4.235431213378906250e+02,
4.072253417968750000e+02,
4.457190246582031250e+02,
4.577628173828125000e+02,
4.554235534667968750e+02,
4.213211669921875000e+02,
4.252838745117187500e+02,
3.935097045898437500e+02,
3.476811523437500000e+02,
3.641846618652343750e+02,
4.650166015625000000e+02,
5.644912109375000000e+02,
6.364921264648437500e+02,
7.846674804687500000e+02,
7.345433349609375000e+02,
6.435674438476562500e+02,
6.164459838867187500e+02,
4.586412048339843750e+02,
4.029518127441406250e+02,
3.960104980468750000e+02,
4.272713012695312500e+02,
3.925979309082031250e+02,
3.762607421875000000e+02,
3.778890380859375000e+02,
3.479920349121093750e+02,
3.042375183105468750e+02,
2.719367675781250000e+02,
2.478754730224609375e+02,
2.333519744873046875e+02,
2.185964508056640625e+02,
2.283886260986328125e+02,
2.363486022949218750e+02,
2.346023254394531250e+02,
2.420944671630859375e+02,
2.306962432861328125e+02,
1.984809875488281250e+02,
2.049038238525390625e+02,
1.823990936279296875e+02,
2.057738342285156250e+02,
1.700277404785156250e+02,
1.595515747070312500e+02,
1.512775878906250000e+02,
1.605158386230468750e+02,
1.307253265380859375e+02,
1.260656509399414062e+02,
1.452408752441406250e+02,
1.215644607543945312e+02,
1.620218048095703125e+02,
1.389951629638671875e+02,
1.223318099975585938e+02,
1.296094055175781250e+02,
1.509416961669921875e+02,
1.254931182861328125e+02,
1.316136627197265625e+02,
1.360925750732421875e+02,
1.503728332519531250e+02,
1.618841094970703125e+02,
1.993753356933593750e+02,
2.343453063964843750e+02,
2.254270629882812500e+02,
2.845240783691406250e+02,
2.724552612304687500e+02,
2.595370788574218750e+02,
2.663773193359375000e+02,
2.615613403320312500e+02,
2.678915100097656250e+02,
2.917709960937500000e+02,
2.956119689941406250e+02,
2.785222167968750000e+02,
2.561289367675781250e+02,
2.744668273925781250e+02,
2.256207733154296875e+02,
2.351333007812500000e+02,
2.227527160644531250e+02,
2.286715545654296875e+02,
2.614609069824218750e+02,
2.769853820800781250e+02,
2.920001525878906250e+02,
3.127888488769531250e+02,
3.003452758789062500e+02,
2.852914733886718750e+02,
2.675070190429687500e+02,
2.693977355957031250e+02,
2.931098937988281250e+02,
2.859234008789062500e+02,
3.010375366210937500e+02,
3.421587829589843750e+02,
3.602719726562500000e+02,
3.800455627441406250e+02,
3.984476318359375000e+02,
4.113928527832031250e+02,
4.378968505859375000e+02,
4.261383361816406250e+02,
3.937080078125000000e+02,
3.873308715820312500e+02,
5.601175537109375000e+02,
7.246968994140625000e+02,
7.200914916992187500e+02,
6.213804321289062500e+02,
5.868510742187500000e+02,
6.458170776367187500e+02,
5.715461425781250000e+02,
4.348110046386718750e+02,
4.129078979492187500e+02,
4.168981628417968750e+02,
4.054541015625000000e+02,
4.163505554199218750e+02,
4.571472473144531250e+02,
5.797083740234375000e+02,
6.154460449218750000e+02,
6.191406860351562500e+02,
6.635702514648437500e+02,
6.925572509765625000e+02,
7.519493408203125000e+02,
7.350867309570312500e+02,
6.525822753906250000e+02,
5.119178466796875000e+02,
4.435122985839843750e+02,
4.464997863769531250e+02,
4.080675964355468750e+02,
3.673172912597656250e+02,
3.906296691894531250e+02,
1.672126220703125000e+03,
1.741326904296875000e+03,
1.691912719726562500e+03,
1.633013061523437500e+03,
1.457748535156250000e+03,
1.412865478515625000e+03,
1.373387451171875000e+03,
1.270755126953125000e+03,
1.192411743164062500e+03,
1.270876586914062500e+03,
1.397191528320312500e+03,
1.516949462890625000e+03,
1.774484252929687500e+03,
1.881030151367187500e+03,
1.941265502929687500e+03,
1.930452270507812500e+03,
1.775441894531250000e+03,
1.688416137695312500e+03,
1.683796386718750000e+03,
1.674944458007812500e+03,
1.667806152343750000e+03,
1.629108642578125000e+03,
1.519520385742187500e+03,
1.397139892578125000e+03,
1.347027465820312500e+03,
1.342200805664062500e+03,
1.215285888671875000e+03,
1.094308593750000000e+03,
1.018958618164062500e+03,
9.014588623046875000e+02,
7.895533447265625000e+02,
7.166289672851562500e+02,
6.662053833007812500e+02,
6.461163940429687500e+02,
6.681317138671875000e+02,
6.752459716796875000e+02,
6.849325561523437500e+02,
6.527647705078125000e+02,
6.157106933593750000e+02,
6.006217041015625000e+02,
5.459197998046875000e+02,
4.967062683105468750e+02,
4.215523681640625000e+02,
4.253253479003906250e+02,
3.693005065917968750e+02,
3.678614501953125000e+02,
4.508371582031250000e+02,
5.152797851562500000e+02,
6.216235961914062500e+02,
7.526011352539062500e+02,
8.132262573242187500e+02,
8.178729248046875000e+02,
7.716306152343750000e+02,
7.354713745117187500e+02,
6.806226806640625000e+02,
6.139719848632812500e+02,
5.317921752929687500e+02,
4.805925598144531250e+02,
4.344824523925781250e+02,
4.107529296875000000e+02,
4.048936462402343750e+02,
4.524209899902343750e+02,
4.724171752929687500e+02,
4.735544433593750000e+02,
5.161688232421875000e+02,
5.078477478027343750e+02,
4.895241699218750000e+02,
4.965269775390625000e+02,
4.633477172851562500e+02,
4.384661254882812500e+02,
4.441480102539062500e+02,
4.421592407226562500e+02,
4.249794921875000000e+02,
4.374238891601562500e+02,
4.493521423339843750e+02,
4.505549621582031250e+02,
4.742669677734375000e+02,
4.812375793457031250e+02,
4.881079101562500000e+02,
4.866714172363281250e+02,
4.780721435546875000e+02,
4.360240478515625000e+02,
4.289246826171875000e+02,
4.259529418945312500e+02,
4.398313293457031250e+02,
5.017303161621093750e+02,
4.942684631347656250e+02,
5.039050292968750000e+02,
4.963920288085937500e+02,
4.658335266113281250e+02,
4.513642578125000000e+02,
5.761952514648437500e+02,
6.659920654296875000e+02,
7.993052368164062500e+02,
7.974632568359375000e+02,
6.781290893554687500e+02,
5.987807617187500000e+02,
4.649838867187500000e+02,
4.748312683105468750e+02,
4.176596679687500000e+02,
3.805234375000000000e+02,
3.582720642089843750e+02,
3.122025756835937500e+02,
2.716443176269531250e+02,
2.321505126953125000e+02,
2.273949279785156250e+02,
2.333391265869140625e+02,
2.393135528564453125e+02,
2.109270477294921875e+02,
2.339828491210937500e+02,
1.863130645751953125e+02,
1.622448272705078125e+02,
1.652021636962890625e+02,
1.446731567382812500e+02,
1.403788452148437500e+02,
1.453627166748046875e+02,
1.312108764648437500e+02,
1.275112152099609375e+02,
1.203319931030273438e+02,
1.260243225097656250e+02,
1.521197662353515625e+02,
1.657804107666015625e+02,
1.896997985839843750e+02,
2.320764160156250000e+02,
2.738847045898437500e+02,
3.290718994140625000e+02,
3.097523193359375000e+02,
3.241536865234375000e+02,
3.209199829101562500e+02,
3.360934753417968750e+02,
2.839491577148437500e+02,
2.956214904785156250e+02,
2.932849426269531250e+02,
2.383068847656250000e+02,
2.766946411132812500e+02,
3.008346252441406250e+02,
3.278120727539062500e+02,
3.386507873535156250e+02,
3.018800354003906250e+02,
3.145960998535156250e+02,
3.024785156250000000e+02,
3.606746520996093750e+02,
3.806795043945312500e+02,
4.201333923339843750e+02,
4.575038146972656250e+02,
4.904300231933593750e+02,
4.677850036621093750e+02,
5.391973876953125000e+02,
7.203139648437500000e+02,
7.507778320312500000e+02,
6.495249023437500000e+02,
6.260420532226562500e+02,
6.175232543945312500e+02,
4.690237426757812500e+02,
4.251936340332031250e+02,
5.085914611816406250e+02,
6.039454956054687500e+02,
6.136694946289062500e+02,
6.621480712890625000e+02,
7.516647949218750000e+02,
8.134650878906250000e+02,
7.281942138671875000e+02,
6.009559326171875000e+02,
4.430216979980468750e+02,
4.214286499023437500e+02,
