7.041093139648437500e+02,
7.476835327148437500e+02,
7.359023437500000000e+02,
7.081430053710937500e+02,
7.003073730468750000e+02,
6.891671752929687500e+02,
6.966911010742187500e+02,
7.608946533203125000e+02,
7.711063842773437500e+02,
7.660824584960937500e+02,
7.752337036132812500e+02,
7.666793212890625000e+02,
7.720025634765625000e+02,
7.402767333984375000e+02,
7.454541015625000000e+02,
7.588152465820312500e+02,
7.626943359375000000e+02,
7.919612426757812500e+02,
8.348355102539062500e+02,
8.232022705078125000e+02,
8.210783691406250000e+02,
8.550672607421875000e+02,
8.473116455078125000e+02,
8.677965698242187500e+02,
8.356904907226562500e+02,
8.412153320312500000e+02,
8.246850585937500000e+02,
8.591955566406250000e+02,
8.534815673828125000e+02,
8.660559692382812500e+02,
9.181421508789062500e+02,
8.931535644531250000e+02,
9.001862792968750000e+02,
8.925713500976562500e+02,
8.955112304687500000e+02,
9.439627685546875000e+02,
9.284215698242187500e+02,
9.098230590820312500e+02,
9.429799804687500000e+02,
9.497947998046875000e+02,
9.191519165039062500e+02,
8.625247192382812500e+02,
8.571930541992187500e+02,
8.313247070312500000e+02,
8.372225952148437500e+02,
8.237416992187500000e+02,
8.702136230468750000e+02,
9.025876464843750000e+02,
8.769938354492187500e+02,
8.407512207031250000e+02,
8.124640502929687500e+02,
7.844577636718750000e+02,
7.400431518554687500e+02,
7.356441650390625000e+02,
7.256821289062500000e+02,
7.343212890625000000e+02,
7.101431274414062500e+02,
6.858734741210937500e+02,
6.677940673828125000e+02,
6.481147460937500000e+02,
6.496620483398437500e+02,
6.494703369140625000e+02,
6.856025390625000000e+02,
7.153038330078125000e+02,
7.355912475585937500e+02,
7.543842163085937500e+02,
7.303547973632812500e+02,
7.026791381835937500e+02,
6.806851806640625000e+02,
6.706134033203125000e+02,
7.051848144531250000e+02,
6.932174682617187500e+02,
6.730136108398437500e+02,
6.842481079101562500e+02,
6.793487548828125000e+02,
7.270929565429687500e+02,
7.229299926757812500e+02,
7.562857055664062500e+02,
7.848092651367187500e+02,
8.258251342773437500e+02,
8.858862915039062500e+02,
9.010316162109375000e+02,
9.095517578125000000e+02,
9.188584594726562500e+02,
9.751333618164062500e+02,
1.021751708984375000e+03,
1.073357788085937500e+03,
1.128321411132812500e+03,
1.138975708007812500e+03,
1.213052978515625000e+03,
1.234795166015625000e+03,
1.333870117187500000e+03,
1.425034545898437500e+03,
1.449402832031250000e+03,
1.456729980468750000e+03,
1.392703247070312500e+03,
1.339791503906250000e+03,
1.330717285156250000e+03,
1.384114257812500000e+03,
1.387888427734375000e+03,
1.413407836914062500e+03,
1.400364135742187500e+03,
1.422286376953125000e+03,
1.467879760742187500e+03,
1.442909179687500000e+03,
1.455660644531250000e+03,
1.444498413085937500e+03,
1.426244140625000000e+03,
1.405801147460937500e+03,
1.397011352539062500e+03,
1.420060058593750000e+03,
1.407989257812500000e+03,
1.375628051757812500e+03,
1.352153808593750000e+03,
1.310526733398437500e+03,
1.392606323242187500e+03,
1.445869262695312500e+03,
1.608885375976562500e+03,
7.461564331054687500e+02,
8.089514770507812500e+02,
8.400030517578125000e+02,
8.421192626953125000e+02,
8.246265258789062500e+02,
8.440157470703125000e+02,
8.593886108398437500e+02,
8.611187744140625000e+02,
9.006416625976562500e+02,
9.396470947265625000e+02,
9.612016601562500000e+02,
9.425921020507812500e+02,
9.479310302734375000e+02,
9.763687744140625000e+02,
9.783992309570312500e+02,
1.037190795898437500e+03,
1.033961669921875000e+03,
1.008980834960937500e+03,
1.009462463378906250e+03,
1.039730224609375000e+03,
9.954839477539062500e+02,
1.004473571777343750e+03,
1.002656677246093750e+03,
9.662396850585937500e+02,
9.051881713867187500e+02,
8.372012329101562500e+02,
7.734396362304687500e+02,
7.472564697265625000e+02,
7.270217895507812500e+02,
7.671958618164062500e+02,
7.826657714843750000e+02,
7.882108154296875000e+02,
8.100862426757812500e+02,
7.611766967773437500e+02,
7.999196777343750000e+02,
8.045936889648437500e+02,
8.465485229492187500e+02,
8.997374267578125000e+02,
9.305310668945312500e+02,
1.018838806152343750e+03,
1.127955322265625000e+03,
1.302622314453125000e+03,
1.318589965820312500e+03,
1.510201416015625000e+03,
1.668964111328125000e+03,
1.637277221679687500e+03,
1.679138793945312500e+03,
1.742940429687500000e+03,
1.671737060546875000e+03,
1.704506835937500000e+03,
1.751552001953125000e+03,
1.696590942382812500e+03,
1.643063110351562500e+03,
1.661935546875000000e+03,
1.644826171875000000e+03,
1.635364868164062500e+03,
1.677429687500000000e+03,
8.862944946289062500e+02,
8.718555297851562500e+02,
9.224395141601562500e+02,
9.740704956054687500e+02,
9.829567260742187500e+02,
1.016063720703125000e+03,
1.025749145507812500e+03,
1.098064575195312500e+03,
1.067458984375000000e+03,
1.100241943359375000e+03,
1.100613647460937500e+03,
1.134891235351562500e+03,
1.116889770507812500e+03,
1.133538696289062500e+03,
1.071669921875000000e+03,
1.011275634765625000e+03,
9.466906738281250000e+02,
8.560556640625000000e+02,
8.281871337890625000e+02,
8.575467529296875000e+02,
8.277864990234375000e+02,
8.406506347656250000e+02,
8.615064086914062500e+02,
9.661848144531250000e+02,
1.038376708984375000e+03,
1.141228881835937500e+03,
1.392367797851562500e+03,
1.537627563476562500e+03,
1.790646606445312500e+03,
1.826774902343750000e+03,
1.907033813476562500e+03,
2.042177490234375000e+03,
1.958711547851562500e+03,
1.900016845703125000e+03,
1.891254882812500000e+03,
1.865274536132812500e+03,
1.935572143554687500e+03,
