4.481207275390625000e+02,
4.738416442871093750e+02,
4.834828491210937500e+02,
4.605861206054687500e+02,
4.152863464355468750e+02,
4.039969482421875000e+02,
4.123354187011718750e+02,
3.848226928710937500e+02,
3.824800109863281250e+02,
4.041926269531250000e+02,
4.526199951171875000e+02,
4.304423217773437500e+02,
4.253816223144531250e+02,
3.990050354003906250e+02,
4.060808715820312500e+02,
4.158064575195312500e+02,
4.278999023437500000e+02,
4.187089843750000000e+02,
4.486603088378906250e+02,
5.351540527343750000e+02,
5.565197753906250000e+02,
5.514166870117187500e+02,
5.414885864257812500e+02,
5.798790283203125000e+02,
5.732464599609375000e+02,
5.252492675781250000e+02,
5.327730712890625000e+02,
4.854122009277343750e+02,
4.607112731933593750e+02,
4.384988708496093750e+02,
4.229060363769531250e+02,
3.952211303710937500e+02,
3.546471252441406250e+02,
3.437257995605468750e+02,
3.352179870605468750e+02,
3.114422302246093750e+02,
2.840677185058593750e+02,
2.994535827636718750e+02,
2.899660949707031250e+02,
2.893514404296875000e+02,
3.005863647460937500e+02,
3.117324523925781250e+02,
3.001896057128906250e+02,
3.345671081542968750e+02,
3.307225341796875000e+02,
2.946116333007812500e+02,
3.180435485839843750e+02,
3.178114929199218750e+02,
3.024823303222656250e+02,
3.037707824707031250e+02,
3.367961120605468750e+02,
3.078095397949218750e+02,
2.940574645996093750e+02,
3.082427673339843750e+02,
3.151221923828125000e+02,
2.953132019042968750e+02,
3.135781555175781250e+02,
3.083330383300781250e+02,
3.238249816894531250e+02,
2.981235961914062500e+02,
3.009662780761718750e+02,
3.011014709472656250e+02,
3.105942993164062500e+02,
3.317321472167968750e+02,
2.981111145019531250e+02,
2.975776367187500000e+02,
2.859712524414062500e+02,
2.716553955078125000e+02,
2.625805664062500000e+02,
2.803420410156250000e+02,
2.558141479492187500e+02,
2.384395599365234375e+02,
2.805240478515625000e+02,
2.650792846679687500e+02,
2.850014953613281250e+02,
2.749463195800781250e+02,
2.838858032226562500e+02,
2.718901672363281250e+02,
2.400303955078125000e+02,
2.508099670410156250e+02,
2.513087768554687500e+02,
2.050371856689453125e+02,
2.202813415527343750e+02,
2.022880859375000000e+02,
2.273992462158203125e+02,
2.311932220458984375e+02,
2.207169799804687500e+02,
2.496214752197265625e+02,
2.500185089111328125e+02,
2.777701721191406250e+02,
3.286750793457031250e+02,
3.073033142089843750e+02,
2.956103515625000000e+02,
2.735785827636718750e+02,
2.792471618652343750e+02,
2.955210266113281250e+02,
2.731846618652343750e+02,
2.390703887939453125e+02,
2.116276702880859375e+02,
2.026477050781250000e+02,
1.958817443847656250e+02,
2.082481536865234375e+02,
1.981436920166015625e+02,
2.068931121826171875e+02,
1.989905395507812500e+02,
2.115423126220703125e+02,
2.001126098632812500e+02,
2.472053833007812500e+02,
2.136120758056640625e+02,
2.341818237304687500e+02,
2.097514038085937500e+02,
2.013630676269531250e+02,
2.369670257568359375e+02,
1.869979858398437500e+02,
1.976187133789062500e+02,
1.828110961914062500e+02,
2.148336029052734375e+02,
2.012422943115234375e+02,
2.064768676757812500e+02,
1.967835998535156250e+02,
1.943515777587890625e+02,
2.086249694824218750e+02,
2.122480926513671875e+02,
1.964031677246093750e+02,
1.987562408447265625e+02,
1.962845306396484375e+02,
1.962164459228515625e+02,
1.925156707763671875e+02,
1.887916717529296875e+02,
1.967411193847656250e+02,
1.899921264648437500e+02,
1.992286987304687500e+02,
2.106705627441406250e+02,
1.813291473388671875e+02,
1.747023773193359375e+02,
1.925749359130859375e+02,
1.872565002441406250e+02,
2.395618591308593750e+02,
1.901602935791015625e+02,
1.866398315429687500e+02,
2.568092041015625000e+02,
1.871334533691406250e+02,
2.134683380126953125e+02,
1.875035400390625000e+02,
1.975135498046875000e+02,
2.120303649902343750e+02,
1.612106018066406250e+02,
1.650799713134765625e+02,
1.718797607421875000e+02,
1.478497772216796875e+02,
1.518448333740234375e+02,
1.431568145751953125e+02,
1.510048675537109375e+02,
1.634010314941406250e+02,
1.526243591308593750e+02,
1.452060089111328125e+02,
1.782210845947265625e+02,
1.701920623779296875e+02,
1.559151611328125000e+02,
1.873898162841796875e+02,
1.616585998535156250e+02,
1.707303466796875000e+02,
1.497012176513671875e+02,
1.625345764160156250e+02,
1.425567169189453125e+02,
1.289039154052734375e+02,
1.229408416748046875e+02,
1.355551605224609375e+02,
1.258089599609375000e+02,
1.265447921752929688e+02,
1.184335556030273438e+02,
1.336069641113281250e+02,
1.466221008300781250e+02,
1.147158584594726562e+02,
1.218845672607421875e+02,
1.595982055664062500e+02,
1.486006317138671875e+02,
1.690227508544921875e+02,
1.334556579589843750e+02,
1.518407440185546875e+02,
2.022975158691406250e+02,
1.440776367187500000e+02,
1.297010498046875000e+02,
1.387276763916015625e+02,
1.292024383544921875e+02,
1.292705688476562500e+02,
1.388382415771484375e+02,
1.483432769775390625e+02,
1.507294616699218750e+02,
1.372808990478515625e+02,
1.478358917236328125e+02,
1.713991851806640625e+02,
2.137054901123046875e+02,
2.853281250000000000e+02,
6.055498046875000000e+02,
1.064019775390625000e+03,
1.666467529296875000e+03,
1.896338623046875000e+03,
1.796029663085937500e+03,
1.580348754882812500e+03,
1.582293457031250000e+03,
1.246161132812500000e+03,
6.617509155273437500e+02,
3.269086303710937500e+02,
2.578182067871093750e+02,
2.526439056396484375e+02,
2.430254516601562500e+02,
2.751917724609375000e+02,
2.655628356933593750e+02,
2.671144714355468750e+02,
2.583616027832031250e+02,
2.894662170410156250e+02,
3.029359130859375000e+02,
2.648976440429687500e+02,
2.635036315917968750e+02,
2.713203430175781250e+02,
2.991506958007812500e+02,
2.670728149414062500e+02,
2.980736694335937500e+02,
2.860106201171875000e+02,
2.651582946777343750e+02,
2.891845092773437500e+02,
2.743571777343750000e+02,
3.176098327636718750e+02,
3.112790832519531250e+02,
3.282719421386718750e+02,
3.345222778320312500e+02,
3.692791442871093750e+02,
3.350527343750000000e+02,
3.287134704589843750e+02,
2.869780883789062500e+02,
2.525662536621093750e+02,
2.341273193359375000e+02,
2.303726654052734375e+02,
2.303416595458984375e+02,
2.229636993408203125e+02,
2.473742065429687500e+02,
2.642922363281250000e+02,
2.997513427734375000e+02,
2.785058288574218750e+02,
2.957060241699218750e+02,
2.920968017578125000e+02,
2.929078369140625000e+02,
3.117449035644531250e+02,
3.223956604003906250e+02,
3.337812194824218750e+02,
2.829747009277343750e+02,
2.785135803222656250e+02,
2.750449829101562500e+02,
2.858517761230468750e+02,
2.650583190917968750e+02,
2.596620483398437500e+02,
2.759281616210937500e+02,
2.974313354492187500e+02,
2.705799865722656250e+02,
2.819479064941406250e+02,
2.840039062500000000e+02,
2.845501403808593750e+02,
3.030032653808593750e+02,
3.173878784179687500e+02,
3.009920959472656250e+02,
3.441155090332031250e+02,
2.900222167968750000e+02,
2.934205322265625000e+02,
2.990842285156250000e+02,
3.018795471191406250e+02,
2.914897155761718750e+02,
2.783057556152343750e+02,
2.810058593750000000e+02,
2.830863952636718750e+02,
2.916568298339843750e+02,
2.962878417968750000e+02,
2.689389953613281250e+02,
2.637418823242187500e+02,
3.069385986328125000e+02,
2.434719696044921875e+02,
2.365497589111328125e+02,
2.567290649414062500e+02,
2.320003051757812500e+02,
2.270897064208984375e+02,
2.105286102294921875e+02,
2.226434326171875000e+02,
2.196827697753906250e+02,
2.270501708984375000e+02,
2.448703613281250000e+02,
2.410938568115234375e+02,
2.265556488037109375e+02,
2.262886810302734375e+02,
2.380676727294921875e+02,
2.627099609375000000e+02,
2.452342529296875000e+02,
2.344530487060546875e+02,
2.490719604492187500e+02,
2.360155639648437500e+02,
2.492308044433593750e+02,
2.460653839111328125e+02,
2.333607482910156250e+02,
2.832125549316406250e+02,
2.575941772460937500e+02,
2.635209655761718750e+02,
3.183392028808593750e+02,
2.907959594726562500e+02,
3.020247802734375000e+02,
2.998259582519531250e+02,
3.018824157714843750e+02,
3.120193481445312500e+02,
2.963212890625000000e+02,
2.969403686523437500e+02,
2.944627685546875000e+02,
3.106137084960937500e+02,
3.101080627441406250e+02,
2.974810485839843750e+02,
3.025185852050781250e+02,
3.411640625000000000e+02,
3.284440002441406250e+02,
3.072561645507812500e+02,
3.130938110351562500e+02,
3.042630004882812500e+02,
3.129631042480468750e+02,
3.355689697265625000e+02,
3.329845886230468750e+02,
3.529111022949218750e+02,
3.498649902343750000e+02,
3.721923522949218750e+02,
3.324799804687500000e+02,
3.594184570312500000e+02,
3.364297485351562500e+02,
3.219762573242187500e+02,
2.982223510742187500e+02,
3.002185668945312500e+02,
3.400583496093750000e+02,
2.946225280761718750e+02,
2.862220153808593750e+02,
3.003013000488281250e+02,
3.223654174804687500e+02,
3.042415466308593750e+02,
3.023629150390625000e+02,
3.545168457031250000e+02,
3.209262084960937500e+02,
3.229008483886718750e+02,
3.360315551757812500e+02,
3.363969421386718750e+02,
3.368533020019531250e+02,
3.198812255859375000e+02,
3.261055297851562500e+02,
3.444993286132812500e+02,
3.661482238769531250e+02,
3.732450256347656250e+02,
3.798143310546875000e+02,
3.857737731933593750e+02,
3.609043579101562500e+02,
3.525148925781250000e+02,
3.587407531738281250e+02,
3.565615234375000000e+02,
3.715933227539062500e+02,
3.736512451171875000e+02,
3.639873962402343750e+02,
3.626800537109375000e+02,
3.693479003906250000e+02,
3.698642578125000000e+02,
3.770072631835937500e+02,
3.677644042968750000e+02,
3.568042297363281250e+02,
3.950862121582031250e+02,
3.662652587890625000e+02,
3.578294677734375000e+02,
3.829757080078125000e+02,
3.824401550292968750e+02,
3.752740478515625000e+02,
3.830587463378906250e+02,
4.271107788085937500e+02,
3.991278076171875000e+02,
4.390113830566406250e+02,
4.180772705078125000e+02,
4.060542602539062500e+02,
3.917059936523437500e+02,
3.860457763671875000e+02,
3.825919189453125000e+02,
3.761000061035156250e+02,
3.848642883300781250e+02,
3.769404296875000000e+02,
3.935238647460937500e+02,
3.741499023437500000e+02,
4.075383300781250000e+02,
4.160051574707031250e+02,
4.856989135742187500e+02,
5.483223266601562500e+02,
6.464028930664062500e+02,
7.226912231445312500e+02,
7.278904418945312500e+02,
6.863522949218750000e+02,
6.356719970703125000e+02,
5.756661376953125000e+02,
5.346646728515625000e+02,
4.640723571777343750e+02,
4.295871582031250000e+02,
4.158387145996093750e+02,
3.982244262695312500e+02,
3.652160034179687500e+02,
3.807412109375000000e+02,
4.058522949218750000e+02,
4.326735229492187500e+02,
4.357109375000000000e+02,
4.317978820800781250e+02,
4.750871582031250000e+02,
4.592348022460937500e+02,
4.906879577636718750e+02,
5.055681762695312500e+02,
5.109862060546875000e+02,
5.015384826660156250e+02,
5.150803833007812500e+02,
5.122933349609375000e+02,
4.594293518066406250e+02,
4.588781738281250000e+02,
4.676205444335937500e+02,
4.354401550292968750e+02,
4.373280944824218750e+02,
4.057386779785156250e+02,
3.966939392089843750e+02,
3.582924499511718750e+02,
3.680222167968750000e+02,
3.900966491699218750e+02,
4.175457153320312500e+02,
4.153790588378906250e+02,
3.929066467285156250e+02,
3.848930053710937500e+02,
3.939232177734375000e+02,
3.526744079589843750e+02,
3.471352844238281250e+02,
3.314889221191406250e+02,
3.517622070312500000e+02,
3.618047790527343750e+02,
3.247920227050781250e+02,
3.113500976562500000e+02,
3.056152954101562500e+02,
3.066928100585937500e+02,
3.297503356933593750e+02,
3.389134826660156250e+02,
3.415175781250000000e+02,
3.612763977050781250e+02,
3.369984741210937500e+02,
3.279855041503906250e+02,
3.245588989257812500e+02,
3.251995544433593750e+02,
3.055533752441406250e+02,
3.048852844238281250e+02,
3.534915771484375000e+02,
3.294203186035156250e+02,
3.516519165039062500e+02,
3.280920104980468750e+02,
3.309393615722656250e+02,
3.584337768554687500e+02,
3.226213684082031250e+02,
3.411356201171875000e+02,
3.653904724121093750e+02,
3.474281921386718750e+02,
3.214745483398437500e+02,
2.985811462402343750e+02,
2.927908020019531250e+02,
2.828792724609375000e+02,
2.854372558593750000e+02,
2.819024353027343750e+02,
2.917305908203125000e+02,
3.006227416992187500e+02,
3.104549255371093750e+02,
3.042415161132812500e+02,
3.069132995605468750e+02,
3.158720703125000000e+02,
3.002241210937500000e+02,
3.093713684082031250e+02,
3.418157043457031250e+02,
3.192763977050781250e+02,
3.232428894042968750e+02,
3.565094909667968750e+02,
3.412156982421875000e+02,
3.658421936035156250e+02,
4.039602661132812500e+02,
3.646006774902343750e+02,
3.490852355957031250e+02,
3.426286621093750000e+02,
3.171164245605468750e+02,
3.381264343261718750e+02,
3.427557983398437500e+02,
3.573152465820312500e+02,
3.713811645507812500e+02,
3.732315368652343750e+02,
3.787543640136718750e+02,
3.691643676757812500e+02,
3.905932006835937500e+02,
4.328289489746093750e+02,
4.367637634277343750e+02,
4.291333312988281250e+02,
4.453746948242187500e+02,
4.407149963378906250e+02,
4.528755187988281250e+02,
4.537724609375000000e+02,
4.207083129882812500e+02,
4.317434387207031250e+02,
4.459767456054687500e+02,
4.367759399414062500e+02,
4.545198059082031250e+02,
4.414162292480468750e+02,
4.331298828125000000e+02,
4.384006652832031250e+02,
4.517277832031250000e+02,
4.535103454589843750e+02,
4.356086425781250000e+02,
3.917424926757812500e+02,
4.202893981933593750e+02,
4.132199096679687500e+02,
4.053432922363281250e+02,
4.267013244628906250e+02,
4.039800109863281250e+02,
4.267259521484375000e+02,
4.164038391113281250e+02,
4.266035461425781250e+02,
4.348761291503906250e+02,
4.186388854980468750e+02,
4.088050842285156250e+02,
4.124039001464843750e+02,
4.320601196289062500e+02,
3.871305847167968750e+02,
3.720024108886718750e+02,
3.552131652832031250e+02,
3.389126892089843750e+02,
3.176252441406250000e+02,
3.406889343261718750e+02,
3.413499450683593750e+02,
3.580542907714843750e+02,
3.574616088867187500e+02,
3.690757751464843750e+02,
3.927485656738281250e+02,
4.135938415527343750e+02,
4.087581176757812500e+02,
3.980130310058593750e+02,
4.081060485839843750e+02,
3.885584716796875000e+02,
3.890473937988281250e+02,
3.836819458007812500e+02,
3.772977905273437500e+02,
3.280207824707031250e+02,
3.359825134277343750e+02,
3.478591003417968750e+02,
3.235476989746093750e+02,
3.140322265625000000e+02,
3.292731933593750000e+02,
3.228504028320312500e+02,
3.225107116699218750e+02,
3.034782714843750000e+02,
3.041062011718750000e+02,
3.150717773437500000e+02,
3.264185791015625000e+02,
3.392326660156250000e+02,
3.303328247070312500e+02,
3.334776916503906250e+02,
3.273994445800781250e+02,
3.548858032226562500e+02,
3.261372070312500000e+02,
3.090765991210937500e+02,
2.969892883300781250e+02,
3.073121948242187500e+02,
2.894223327636718750e+02,
2.789822387695312500e+02,
3.039727478027343750e+02,
3.276535949707031250e+02,
3.185136108398437500e+02,
3.187210693359375000e+02,
3.379463500976562500e+02,
3.486233520507812500e+02,
3.711089782714843750e+02,
3.924926147460937500e+02,
3.447039489746093750e+02,
3.548367004394531250e+02,
3.370564880371093750e+02,
3.461549987792968750e+02,
3.334843444824218750e+02,
3.685163574218750000e+02,
3.185202941894531250e+02,
3.264291992187500000e+02,
3.159869689941406250e+02,
3.156253662109375000e+02,
3.208258056640625000e+02,
2.810695495605468750e+02,
3.031042175292968750e+02,
2.800013732910156250e+02,
2.586566162109375000e+02,
2.734507751464843750e+02,
2.968172607421875000e+02,
3.093074645996093750e+02,
3.265039062500000000e+02,
3.136881713867187500e+02,
3.186540527343750000e+02,
3.325089416503906250e+02,
3.009067382812500000e+02,
3.104189453125000000e+02,
2.735369567871093750e+02,
2.809433898925781250e+02,
2.644305419921875000e+02,
2.533738098144531250e+02,
2.538352203369140625e+02,
2.368775787353515625e+02,
2.195180816650390625e+02,
2.026951293945312500e+02,
2.206462707519531250e+02,
2.160913085937500000e+02,
2.123703155517578125e+02,
2.543435516357421875e+02,
2.207309722900390625e+02,
2.498410491943359375e+02,
2.370319366455078125e+02,
2.468541412353515625e+02,
2.467188262939453125e+02,
2.821962280273437500e+02,
3.361629028320312500e+02,
2.936274414062500000e+02,
2.737151489257812500e+02,
2.734448547363281250e+02,
2.878018188476562500e+02,
2.792121582031250000e+02,
2.972922973632812500e+02,
2.743118896484375000e+02,
2.798012390136718750e+02,
2.578919677734375000e+02,
2.477386779785156250e+02,
2.572458801269531250e+02,
2.482666778564453125e+02,
2.465395660400390625e+02,
2.223052215576171875e+02,
2.091519317626953125e+02,
1.949451141357421875e+02,
2.205190429687500000e+02,
2.076257781982421875e+02,
2.436037292480468750e+02,
2.274113922119140625e+02,
2.184740600585937500e+02,
2.230194702148437500e+02,
2.359774780273437500e+02,
2.367395782470703125e+02,
2.487537994384765625e+02,
2.501191864013671875e+02,
2.460788726806640625e+02,
2.668400268554687500e+02,
2.397286682128906250e+02,
2.488219909667968750e+02,
2.960598144531250000e+02,
2.721140441894531250e+02,
2.839601440429687500e+02,
2.746943664550781250e+02,
2.809300537109375000e+02,
2.910399169921875000e+02,
2.787509155273437500e+02,
2.796871032714843750e+02,
2.710073852539062500e+02,
2.836471862792968750e+02,
2.679475708007812500e+02,
2.677649841308593750e+02,
2.680288696289062500e+02,
2.641239929199218750e+02,
2.489694671630859375e+02,
2.465543060302734375e+02,
2.816547546386718750e+02,
2.755454101562500000e+02,
2.603306274414062500e+02,
2.847109680175781250e+02,
2.893233947753906250e+02,
3.123472595214843750e+02,
3.631554870605468750e+02,
3.437650451660156250e+02,
3.272260131835937500e+02,
3.245787658691406250e+02,
3.505444641113281250e+02,
3.645057067871093750e+02,
3.530928955078125000e+02,
3.572597961425781250e+02,
3.507302551269531250e+02,
3.591716613769531250e+02,
3.692230529785156250e+02,
3.748416442871093750e+02,
3.847898864746093750e+02,
3.726067199707031250e+02,
3.449695434570312500e+02,
3.301736145019531250e+02,
3.504717407226562500e+02,
3.449178466796875000e+02,
3.320669250488281250e+02,
3.390572814941406250e+02,
3.419919433593750000e+02,
3.097096557617187500e+02,
3.424932556152343750e+02,
3.481972351074218750e+02,
3.298664855957031250e+02,
3.632310791015625000e+02,
4.021992797851562500e+02,
3.882952270507812500e+02,
3.776672973632812500e+02,
3.636273193359375000e+02,
3.456780090332031250e+02,
3.798593750000000000e+02,
3.453418273925781250e+02,
3.345261535644531250e+02,
4.141401977539062500e+02,
4.319807739257812500e+02,
3.773911132812500000e+02,
4.112298889160156250e+02,
3.832061157226562500e+02,
4.011716918945312500e+02,
4.081213073730468750e+02,
3.892046813964843750e+02,
4.101156921386718750e+02,
4.390744934082031250e+02,
4.440549316406250000e+02,
4.329695129394531250e+02,
4.881452636718750000e+02,
5.217647705078125000e+02,
5.600772094726562500e+02,
5.974269409179687500e+02,
6.144921264648437500e+02,
6.082558593750000000e+02,
6.654843139648437500e+02,
6.578844604492187500e+02,
6.570484008789062500e+02,
6.816541748046875000e+02,
6.749157104492187500e+02,
6.722106933593750000e+02,
6.944238281250000000e+02,
6.827732543945312500e+02,
6.946039428710937500e+02,
7.535806274414062500e+02,
7.937454833984375000e+02,
8.345309448242187500e+02,
9.755404052734375000e+02,
9.225801391601562500e+02,
9.159820556640625000e+02,
9.225778198242187500e+02,
9.102034912109375000e+02,
8.771723022460937500e+02,
8.768287963867187500e+02,
9.770900878906250000e+02,
1.064989868164062500e+03,
4.879555053710937500e+02,
4.750740051269531250e+02,
4.914461364746093750e+02,
5.131681518554687500e+02,
4.698991088867187500e+02,
4.824109802246093750e+02,
5.180748901367187500e+02,
5.165660400390625000e+02,
5.378325805664062500e+02,
5.575921020507812500e+02,
6.260651245117187500e+02,
5.721358032226562500e+02,
5.509537963867187500e+02,
4.803827514648437500e+02,
4.518396301269531250e+02,
3.938083801269531250e+02,
3.684666442871093750e+02,
3.351046142578125000e+02,
3.262939453125000000e+02,
3.321531677246093750e+02,
3.208212585449218750e+02,
3.638917541503906250e+02,
3.609770507812500000e+02,
3.294823608398437500e+02,
3.638951416015625000e+02,
3.883967590332031250e+02,
3.533164672851562500e+02,
4.028095703125000000e+02,
3.882899475097656250e+02,
3.494216613769531250e+02,
3.563038330078125000e+02,
3.640355224609375000e+02,
3.352677612304687500e+02,
3.079684448242187500e+02,
3.238990173339843750e+02,
3.141861572265625000e+02,
2.878298645019531250e+02,
3.095151062011718750e+02,
2.858156738281250000e+02,
2.472806854248046875e+02,
2.764556274414062500e+02,
2.446958160400390625e+02,
2.911329345703125000e+02,
3.103418884277343750e+02,
3.056446838378906250e+02,
3.075085449218750000e+02,
3.044108276367187500e+02,
2.663951416015625000e+02,
2.333545837402343750e+02,
2.968825073242187500e+02,
2.327667999267578125e+02,
2.498365631103515625e+02,
2.225181121826171875e+02,
2.602152099609375000e+02,
2.474920501708984375e+02,
2.003311004638671875e+02,
2.309583129882812500e+02,
2.183927917480468750e+02,
2.344577026367187500e+02,
2.464013671875000000e+02,
2.310314025878906250e+02,
2.394565277099609375e+02,
2.272384948730468750e+02,
2.101087493896484375e+02,
2.174924316406250000e+02,
2.056638641357421875e+02,
2.216060791015625000e+02,
2.078010253906250000e+02,
2.343532257080078125e+02,
2.197191772460937500e+02,
2.179303894042968750e+02,
2.094503631591796875e+02,
1.841342315673828125e+02,
1.579981689453125000e+02,
1.517164306640625000e+02,
1.724911346435546875e+02,
2.213681640625000000e+02,
1.980443725585937500e+02,
1.750292358398437500e+02,
1.781810760498046875e+02,
1.696634063720703125e+02,
1.758216400146484375e+02,
1.374409637451171875e+02,
1.312541198730468750e+02,
1.396645355224609375e+02,
1.245568466186523438e+02,
1.461422119140625000e+02,
1.374091339111328125e+02,
1.266601181030273438e+02,
1.270671691894531250e+02,
1.425973663330078125e+02,
1.410657043457031250e+02,
1.520717468261718750e+02,
1.629137268066406250e+02,
1.924722747802734375e+02,
6.528740234375000000e+02,
1.641406860351562500e+03,
1.809881591796875000e+03,
1.642852416992187500e+03,
1.334285888671875000e+03,
1.217374877929687500e+03,
5.448359375000000000e+02,
2.478427429199218750e+02,
2.817372131347656250e+02,
2.678590698242187500e+02,
2.702528991699218750e+02,
2.920242919921875000e+02,
2.842435913085937500e+02,
3.288080749511718750e+02,
2.986795654296875000e+02,
3.276123962402343750e+02,
3.574902954101562500e+02,
3.435810546875000000e+02,
3.378953552246093750e+02,
3.253906555175781250e+02,
2.675849609375000000e+02,
2.796215209960937500e+02,
2.739425964355468750e+02,
2.855250244140625000e+02,
3.254937133789062500e+02,
3.455781860351562500e+02,
3.084930419921875000e+02,
3.170114135742187500e+02,
2.984131774902343750e+02,
3.166972351074218750e+02,
3.096911315917968750e+02,
3.034836120605468750e+02,
3.341959838867187500e+02,
3.617719421386718750e+02,
3.275484313964843750e+02,
3.370951232910156250e+02,
3.244654846191406250e+02,
3.219265136718750000e+02,
3.024991455078125000e+02,
3.035961608886718750e+02,
2.917274780273437500e+02,
2.692625122070312500e+02,
2.851203918457031250e+02,
2.709841003417968750e+02,
2.414416351318359375e+02,
2.351877136230468750e+02,
2.594780578613281250e+02,
2.490485229492187500e+02,
2.398142395019531250e+02,
2.532315063476562500e+02,
2.618420715332031250e+02,
2.802952270507812500e+02,
3.140697631835937500e+02,
2.942733459472656250e+02,
3.199897460937500000e+02,
3.298770751953125000e+02,
3.607776794433593750e+02,
3.666644897460937500e+02,
3.325310058593750000e+02,
3.566632080078125000e+02,
3.557908020019531250e+02,
4.165934753417968750e+02,
3.407922363281250000e+02,
3.502037353515625000e+02,
3.758255615234375000e+02,
3.693458862304687500e+02,
4.044240722656250000e+02,
3.797286682128906250e+02,
3.618838806152343750e+02,
3.490585327148437500e+02,
3.255350646972656250e+02,
3.397884216308593750e+02,
3.415307006835937500e+02,
3.261473083496093750e+02,
3.341307373046875000e+02,
3.683179931640625000e+02,
3.833234252929687500e+02,
3.872704467773437500e+02,
4.257791748046875000e+02,
4.154339599609375000e+02,
4.268418273925781250e+02,
4.348393859863281250e+02,
4.235038452148437500e+02,
4.421173400878906250e+02,
4.223833312988281250e+02,
4.184414367675781250e+02,
4.580204772949218750e+02,
4.091462402343750000e+02,
4.436323852539062500e+02,
4.636412963867187500e+02,
4.414199523925781250e+02,
4.403792724609375000e+02,
4.490869750976562500e+02,
3.996524963378906250e+02,
4.203872985839843750e+02,
4.788604431152343750e+02,
5.751359863281250000e+02,
6.679562377929687500e+02,
7.345427856445312500e+02,
7.560741577148437500e+02,
6.499440307617187500e+02,
5.499473266601562500e+02,
4.949413146972656250e+02,
4.895002746582031250e+02,
4.625764770507812500e+02,
4.652652893066406250e+02,
4.887168579101562500e+02,
5.129092407226562500e+02,
5.128760986328125000e+02,
5.269384765625000000e+02,
5.424260864257812500e+02,
4.874071350097656250e+02,
4.370259704589843750e+02,
4.335620422363281250e+02,
4.107960510253906250e+02,
3.864933471679687500e+02,
4.066844177246093750e+02,
4.074845886230468750e+02,
3.815386657714843750e+02,
3.385929260253906250e+02,
3.420493469238281250e+02,
3.724006347656250000e+02,
3.609490661621093750e+02,
3.586796264648437500e+02,
3.802277832031250000e+02,
3.562108154296875000e+02,
3.869441528320312500e+02,
3.325978088378906250e+02,
3.235405578613281250e+02,
3.449202270507812500e+02,
3.366381225585937500e+02,
3.369242858886718750e+02,
3.320001220703125000e+02,
3.024559631347656250e+02,
3.017862548828125000e+02,
3.016320495605468750e+02,
2.810826721191406250e+02,
3.287770996093750000e+02,
3.177916259765625000e+02,
3.378160400390625000e+02,
3.473985900878906250e+02,
3.760617980957031250e+02,
3.903929443359375000e+02,
3.696962585449218750e+02,
3.788881225585937500e+02,
4.063504638671875000e+02,
3.670409851074218750e+02,
4.094894409179687500e+02,
4.585435791015625000e+02,
4.841264038085937500e+02,
4.873399353027343750e+02,
5.234249877929687500e+02,
5.002893066406250000e+02,
4.859660034179687500e+02,
5.131702270507812500e+02,
5.158755493164062500e+02,
4.661012878417968750e+02,
4.471285095214843750e+02,
4.667731628417968750e+02,
4.521874084472656250e+02,
4.757679748535156250e+02,
4.813366699218750000e+02,
4.708133544921875000e+02,
4.548683471679687500e+02,
4.135414123535156250e+02,
3.805501098632812500e+02,
3.695447387695312500e+02,
3.523382568359375000e+02,
3.910180969238281250e+02,
4.270982666015625000e+02,
4.290118408203125000e+02,
4.443409118652343750e+02,
4.221518554687500000e+02,
4.051177978515625000e+02,
3.594106140136718750e+02,
3.508598022460937500e+02,
3.328491516113281250e+02,
3.357774047851562500e+02,
3.280790710449218750e+02,
3.455310668945312500e+02,
3.679327392578125000e+02,
3.449861145019531250e+02,
3.544185485839843750e+02,
3.153118896484375000e+02,
3.144995117187500000e+02,
3.173123474121093750e+02,
3.158929443359375000e+02,
3.603041992187500000e+02,
3.683008117675781250e+02,
3.772113037109375000e+02,
3.768901062011718750e+02,
3.763952941894531250e+02,
3.495020446777343750e+02,
3.359898681640625000e+02,
3.376582336425781250e+02,
3.129049377441406250e+02,
3.155585021972656250e+02,
3.046166381835937500e+02,
3.051508483886718750e+02,
3.436234130859375000e+02,
3.308013610839843750e+02,
3.092413024902343750e+02,
3.015391540527343750e+02,
2.664587707519531250e+02,
2.465304412841796875e+02,
2.329559631347656250e+02,
2.472019500732421875e+02,
2.472771606445312500e+02,
2.539477233886718750e+02,
2.598301086425781250e+02,
2.679443359375000000e+02,
3.006986694335937500e+02,
2.898153076171875000e+02,
3.016729431152343750e+02,
2.743676757812500000e+02,
2.699371337890625000e+02,
2.937559814453125000e+02,
2.941609802246093750e+02,
2.411536560058593750e+02,
2.377174377441406250e+02,
2.461024932861328125e+02,
2.449394531250000000e+02,
2.407493286132812500e+02,
2.736252746582031250e+02,
2.588560180664062500e+02,
3.342822570800781250e+02,
3.118629760742187500e+02,
3.037029418945312500e+02,
3.163447875976562500e+02,
3.219062500000000000e+02,
2.991958923339843750e+02,
3.135177001953125000e+02,
3.074955139160156250e+02,
2.815378112792968750e+02,
2.900084228515625000e+02,
3.403689575195312500e+02,
3.192119750976562500e+02,
3.722491455078125000e+02,
3.490108642578125000e+02,
3.640903015136718750e+02,
3.892099304199218750e+02,
4.057210998535156250e+02,
3.834279479980468750e+02,
3.954902038574218750e+02,
3.758200378417968750e+02,
3.874762878417968750e+02,
3.780583190917968750e+02,
3.783322753906250000e+02,
3.937306518554687500e+02,
3.790877685546875000e+02,
3.824331970214843750e+02,
3.837308044433593750e+02,
3.931463623046875000e+02,
4.005167846679687500e+02,
4.123316955566406250e+02,
4.493292541503906250e+02,
4.260759582519531250e+02,
4.406520996093750000e+02,
4.530161132812500000e+02,
5.165756835937500000e+02,
6.005253295898437500e+02,
6.747423706054687500e+02,
6.835272827148437500e+02,
6.878587646484375000e+02,
7.036393432617187500e+02,
6.993558959960937500e+02,
7.247681274414062500e+02,
7.900529174804687500e+02,
8.468784790039062500e+02,
8.894851684570312500e+02,
8.971103515625000000e+02,
9.316203613281250000e+02,
1.066392578125000000e+03,
4.929204711914062500e+02,
5.414262084960937500e+02,
5.384923095703125000e+02,
5.761296386718750000e+02,
5.736242675781250000e+02,
5.662640380859375000e+02,
5.923933105468750000e+02,
5.722891845703125000e+02,
5.364511718750000000e+02,
4.483223571777343750e+02,
4.159347839355468750e+02,
3.804387817382812500e+02,
3.531480712890625000e+02,
3.612742919921875000e+02,
3.779556884765625000e+02,
3.882120056152343750e+02,
3.890060119628906250e+02,
4.410556640625000000e+02,
4.276600036621093750e+02,
4.590609741210937500e+02,
4.177984619140625000e+02,
4.177370605468750000e+02,
3.832490844726562500e+02,
3.608695678710937500e+02,
2.995583190917968750e+02,
3.766029663085937500e+02,
2.769721069335937500e+02,
2.873667602539062500e+02,
3.216364440917968750e+02,
3.440655212402343750e+02,
2.973883056640625000e+02,
2.773143310546875000e+02,
2.696353759765625000e+02,
2.438877563476562500e+02,
2.477030487060546875e+02,
2.378087463378906250e+02,
2.527473449707031250e+02,
2.473988342285156250e+02,
2.657680969238281250e+02,
2.433130035400390625e+02,
2.753515319824218750e+02,
2.312133026123046875e+02,
2.286043853759765625e+02,
2.330432891845703125e+02,
2.564122314453125000e+02,
2.548603210449218750e+02,
2.341660003662109375e+02,
2.126204071044921875e+02,
1.841888122558593750e+02,
2.002421875000000000e+02,
1.729007263183593750e+02,
1.928244781494140625e+02,
1.935880126953125000e+02,
1.611857147216796875e+02,
1.748958740234375000e+02,
1.488759155273437500e+02,
1.316239166259765625e+02,
1.231293029785156250e+02,
1.168587417602539062e+02,
1.396556549072265625e+02,
1.208924560546875000e+02,
1.891891632080078125e+02,
7.325992431640625000e+02,
1.544207885742187500e+03,
1.571324218750000000e+03,
1.361822875976562500e+03,
1.062316284179687500e+03,
8.627529296875000000e+02,
3.012026672363281250e+02,
2.730939636230468750e+02,
2.926096191406250000e+02,
2.956046752929687500e+02,
3.161372375488281250e+02,
3.416386108398437500e+02,
3.546412963867187500e+02,
3.220431518554687500e+02,
3.287228393554687500e+02,
3.134397888183593750e+02,
3.229533386230468750e+02,
3.264743041992187500e+02,
3.209751892089843750e+02,
3.429675292968750000e+02,
3.299447631835937500e+02,
3.387456665039062500e+02,
3.718904724121093750e+02,
3.370554199218750000e+02,
3.544282836914062500e+02,
3.871101989746093750e+02,
3.356681213378906250e+02,
3.302902832031250000e+02,
2.849476623535156250e+02,
2.965365905761718750e+02,
2.951486816406250000e+02,
2.562729492187500000e+02,
2.768522338867187500e+02,
2.817911987304687500e+02,
2.905950622558593750e+02,
3.140128784179687500e+02,
3.177214660644531250e+02,
3.437727050781250000e+02,
4.061037597656250000e+02,
4.002073059082031250e+02,
3.909475097656250000e+02,
4.153031921386718750e+02,
4.333697814941406250e+02,
4.227136535644531250e+02,
4.171838073730468750e+02,
4.259501647949218750e+02,
4.127949218750000000e+02,
3.511473999023437500e+02,
3.581503601074218750e+02,
3.524770202636718750e+02,
3.769310913085937500e+02,
3.918861083984375000e+02,
4.297198181152343750e+02,
4.608935241699218750e+02,
4.623099975585937500e+02,
4.665531005859375000e+02,
4.860603942871093750e+02,
5.165332641601562500e+02,
4.777966003417968750e+02,
4.923860168457031250e+02,
4.739007263183593750e+02,
4.616369018554687500e+02,
4.573363342285156250e+02,
4.816618041992187500e+02,
6.187484741210937500e+02,
6.738916015625000000e+02,
7.177028808593750000e+02,
7.146650390625000000e+02,
6.695504760742187500e+02,
5.594578247070312500e+02,
5.182886962890625000e+02,
5.040391235351562500e+02,
5.191954345703125000e+02,
5.400212402343750000e+02,
5.128901977539062500e+02,
4.928481750488281250e+02,
4.734021606445312500e+02,
4.312720031738281250e+02,
4.272075195312500000e+02,
4.095875549316406250e+02,
3.871934814453125000e+02,
3.679848937988281250e+02,
3.795597229003906250e+02,
3.561324157714843750e+02,
3.804168090820312500e+02,
3.872433776855468750e+02,
3.560782165527343750e+02,
3.360920715332031250e+02,
3.162447814941406250e+02,
3.242268371582031250e+02,
3.177020874023437500e+02,
3.234894714355468750e+02,
3.599060974121093750e+02,
3.448941955566406250e+02,
3.786562194824218750e+02,
3.834440002441406250e+02,
3.920700988769531250e+02,
4.135361328125000000e+02,
4.250229187011718750e+02,
4.730090026855468750e+02,
5.191187133789062500e+02,
5.683209228515625000e+02,
5.203881835937500000e+02,
5.410742187500000000e+02,
4.939508056640625000e+02,
5.323006591796875000e+02,
4.822947692871093750e+02,
4.988842468261718750e+02,
5.126951293945312500e+02,
4.637978210449218750e+02,
4.443849792480468750e+02,
4.038231201171875000e+02,
4.123087463378906250e+02,
4.272256774902343750e+02,
4.758294372558593750e+02,
4.720727844238281250e+02,
4.209789733886718750e+02,
3.835560913085937500e+02,
3.669802551269531250e+02,
3.591784362792968750e+02,
3.848245239257812500e+02,
3.696863403320312500e+02,
3.490590209960937500e+02,
3.519010925292968750e+02,
3.607800598144531250e+02,
3.762780761718750000e+02,
3.651114196777343750e+02,
3.867006835937500000e+02,
4.005926208496093750e+02,
3.857939453125000000e+02,
3.636650390625000000e+02,
3.279251708984375000e+02,
3.399395141601562500e+02,
3.266371765136718750e+02,
3.226991882324218750e+02,
3.040888977050781250e+02,
2.824678649902343750e+02,
2.524638366699218750e+02,
2.482624664306640625e+02,
2.634163513183593750e+02,
2.945837707519531250e+02,
2.986159667968750000e+02,
3.115431823730468750e+02,
3.020825195312500000e+02,
2.917908630371093750e+02,
2.870505065917968750e+02,
2.784803771972656250e+02,
2.654692382812500000e+02,
2.500621337890625000e+02,
2.723516845703125000e+02,
2.928902587890625000e+02,
3.391011352539062500e+02,
3.153914794921875000e+02,
3.452717285156250000e+02,
3.534020080566406250e+02,
3.323300170898437500e+02,
3.011257629394531250e+02,
3.384788513183593750e+02,
3.567164916992187500e+02,
3.939717712402343750e+02,
3.903106689453125000e+02,
4.161922912597656250e+02,
4.403249816894531250e+02,
4.078779602050781250e+02,
4.148450927734375000e+02,
4.257842712402343750e+02,
4.101557006835937500e+02,
4.260223999023437500e+02,
4.636775512695312500e+02,
4.445126647949218750e+02,
4.232682495117187500e+02,
4.550727844238281250e+02,
4.860764770507812500e+02,
6.447331542968750000e+02,
7.338813476562500000e+02,
7.599067993164062500e+02,
7.728453369140625000e+02,
7.738635864257812500e+02,
8.262662963867187500e+02,
8.933234252929687500e+02,
9.061974487304687500e+02,
1.058816772460937500e+03,
