2.643151855468750000e+02,
2.686476745605468750e+02,
2.412973480224609375e+02,
2.459648132324218750e+02,
1.958916320800781250e+02,
1.967836456298828125e+02,
2.098093872070312500e+02,
2.042514953613281250e+02,
1.994349365234375000e+02,
2.276104125976562500e+02,
2.128531799316406250e+02,
2.174912872314453125e+02,
2.004825744628906250e+02,
2.087065734863281250e+02,
2.140007324218750000e+02,
2.020597381591796875e+02,
1.987329711914062500e+02,
1.990742492675781250e+02,
2.029069519042968750e+02,
2.034752044677734375e+02,
1.998387451171875000e+02,
2.085718231201171875e+02,
2.054113769531250000e+02,
2.164387512207031250e+02,
1.805662994384765625e+02,
2.036090545654296875e+02,
2.213489532470703125e+02,
2.330491943359375000e+02,
2.507943115234375000e+02,
2.819708251953125000e+02,
2.693804016113281250e+02,
2.723182067871093750e+02,
2.842871398925781250e+02,
2.394035186767578125e+02,
2.380128479003906250e+02,
2.732051391601562500e+02,
2.730230712890625000e+02,
2.937545471191406250e+02,
3.305951538085937500e+02,
3.175462036132812500e+02,
3.197117919921875000e+02,
3.392830505371093750e+02,
3.492836608886718750e+02,
3.557608947753906250e+02,
3.370680236816406250e+02,
3.532901611328125000e+02,
3.520917663574218750e+02,
3.173161315917968750e+02,
3.161806335449218750e+02,
3.084112243652343750e+02,
3.152019653320312500e+02,
3.379763183593750000e+02,
2.968430480957031250e+02,
2.828929748535156250e+02,
2.786127624511718750e+02,
2.725344848632812500e+02,
2.582249755859375000e+02,
2.886821289062500000e+02,
2.803671875000000000e+02,
2.591970214843750000e+02,
2.545011291503906250e+02,
2.505739440917968750e+02,
2.333521118164062500e+02,
2.386909942626953125e+02,
2.118743133544921875e+02,
1.930389556884765625e+02,
2.047622680664062500e+02,
2.301694946289062500e+02,
1.995301055908203125e+02,
2.267699432373046875e+02,
1.993704833984375000e+02,
2.045864562988281250e+02,
1.984083862304687500e+02,
1.729141082763671875e+02,
1.864180450439453125e+02,
1.935760650634765625e+02,
1.718278503417968750e+02,
1.905514984130859375e+02,
1.623446807861328125e+02,
1.640955047607421875e+02,
1.703277740478515625e+02,
1.550755310058593750e+02,
1.513328857421875000e+02,
1.588517761230468750e+02,
1.493331298828125000e+02,
1.380752258300781250e+02,
1.492415466308593750e+02,
1.427945861816406250e+02,
1.494423370361328125e+02,
1.430902709960937500e+02,
1.517554779052734375e+02,
1.628928680419921875e+02,
1.523886566162109375e+02,
1.532803497314453125e+02,
1.781210937500000000e+02,
1.550567169189453125e+02,
1.788340148925781250e+02,
1.550339202880859375e+02,
1.591464996337890625e+02,
1.399561309814453125e+02,
1.401976318359375000e+02,
1.593696594238281250e+02,
1.495855712890625000e+02,
1.510121002197265625e+02,
1.529129333496093750e+02,
1.533450775146484375e+02,
1.663423156738281250e+02,
1.452532348632812500e+02,
1.513133239746093750e+02,
1.447151794433593750e+02,
1.665302886962890625e+02,
1.496862945556640625e+02,
1.638863372802734375e+02,
1.616020660400390625e+02,
2.165640411376953125e+02,
1.625438690185546875e+02,
1.709757385253906250e+02,
1.783655548095703125e+02,
1.569631805419921875e+02,
1.830497283935546875e+02,
1.555611724853515625e+02,
1.533804473876953125e+02,
1.600685577392578125e+02,
1.757385406494140625e+02,
1.967033081054687500e+02,
2.284169464111328125e+02,
2.112196502685546875e+02,
2.372477111816406250e+02,
2.440902557373046875e+02,
2.496647338867187500e+02,
2.368568725585937500e+02,
2.267742309570312500e+02,
2.308738403320312500e+02,
2.265155334472656250e+02,
2.339471740722656250e+02,
2.354760589599609375e+02,
2.488348236083984375e+02,
2.818415527343750000e+02,
2.726594543457031250e+02,
2.825625610351562500e+02,
2.987217712402343750e+02,
2.980027160644531250e+02,
3.176407775878906250e+02,
3.249977416992187500e+02,
3.122540893554687500e+02,
3.129919738769531250e+02,
2.897901611328125000e+02,
3.141239318847656250e+02,
3.078266296386718750e+02,
3.193063964843750000e+02,
3.073930358886718750e+02,
3.081994934082031250e+02,
3.232873229980468750e+02,
3.305423278808593750e+02,
3.023195800781250000e+02,
2.753272705078125000e+02,
2.967682800292968750e+02,
2.861855773925781250e+02,
3.046896972656250000e+02,
3.383013305664062500e+02,
3.324881591796875000e+02,
3.571463317871093750e+02,
3.088475952148437500e+02,
3.240174560546875000e+02,
3.230229187011718750e+02,
3.344981384277343750e+02,
3.207502746582031250e+02,
2.928226318359375000e+02,
2.827138977050781250e+02,
2.888238525390625000e+02,
2.784834899902343750e+02,
2.864897460937500000e+02,
2.632019348144531250e+02,
2.425542297363281250e+02,
2.398501892089843750e+02,
2.660647583007812500e+02,
2.405910644531250000e+02,
2.274114074707031250e+02,
2.368908843994140625e+02,
2.433892669677734375e+02,
2.464217224121093750e+02,
2.696784362792968750e+02,
2.664956359863281250e+02,
2.643970947265625000e+02,
2.918628845214843750e+02,
2.978092956542968750e+02,
3.271258850097656250e+02,
3.000736999511718750e+02,
2.811083679199218750e+02,
2.681891784667968750e+02,
2.618329162597656250e+02,
2.717314453125000000e+02,
2.417592315673828125e+02,
2.457149047851562500e+02,
2.332332458496093750e+02,
2.267882537841796875e+02,
2.402007598876953125e+02,
2.389631347656250000e+02,
2.167274169921875000e+02,
2.368521728515625000e+02,
1.838364257812500000e+02,
1.855981140136718750e+02,
1.858752899169921875e+02,
1.954958038330078125e+02,
2.069791564941406250e+02,
2.075693817138671875e+02,
2.068104400634765625e+02,
2.109510650634765625e+02,
2.154107055664062500e+02,
2.240398406982421875e+02,
2.233785552978515625e+02,
2.585801086425781250e+02,
2.359281005859375000e+02,
2.437847290039062500e+02,
2.471342773437500000e+02,
2.285754241943359375e+02,
2.217495574951171875e+02,
2.228238372802734375e+02,
2.171785125732421875e+02,
2.408289031982421875e+02,
2.241967620849609375e+02,
2.599197387695312500e+02,
2.526919403076171875e+02,
2.225989990234375000e+02,
2.161474914550781250e+02,
2.308757476806640625e+02,
2.391388397216796875e+02,
2.596229248046875000e+02,
2.583926696777343750e+02,
2.441047515869140625e+02,
2.382377319335937500e+02,
2.302023162841796875e+02,
2.406198425292968750e+02,
2.575641784667968750e+02,
2.702743225097656250e+02,
2.861853332519531250e+02,
2.869440612792968750e+02,
3.095918884277343750e+02,
3.019275512695312500e+02,
3.224119873046875000e+02,
2.985583801269531250e+02,
3.139791870117187500e+02,
3.011318969726562500e+02,
2.756665039062500000e+02,
3.120584411621093750e+02,
2.932344360351562500e+02,
2.901069335937500000e+02,
2.663253173828125000e+02,
2.810567016601562500e+02,
3.079077148437500000e+02,
3.170543823242187500e+02,
3.323198242187500000e+02,
3.345006713867187500e+02,
3.504261779785156250e+02,
3.505264892578125000e+02,
3.585119628906250000e+02,
3.496534729003906250e+02,
3.408125610351562500e+02,
3.795306396484375000e+02,
3.763000793457031250e+02,
3.919277038574218750e+02,
3.540913391113281250e+02,
3.889257507324218750e+02,
3.557772521972656250e+02,
3.219172668457031250e+02,
3.337178039550781250e+02,
3.026302490234375000e+02,
2.864248962402343750e+02,
2.855810852050781250e+02,
2.369878082275390625e+02,
2.147502899169921875e+02,
2.104650573730468750e+02,
2.176505126953125000e+02,
1.766975708007812500e+02,
1.770131988525390625e+02,
1.753116912841796875e+02,
1.852494049072265625e+02,
1.900869293212890625e+02,
1.828494720458984375e+02,
1.901464385986328125e+02,
2.116338958740234375e+02,
2.257451934814453125e+02,
2.009656219482421875e+02,
1.772354736328125000e+02,
1.766658630371093750e+02,
1.807877960205078125e+02,
1.628572235107421875e+02,
1.810338439941406250e+02,
1.866591644287109375e+02,
1.740348510742187500e+02,
2.055491790771484375e+02,
2.257120056152343750e+02,
2.103804016113281250e+02,
2.233579406738281250e+02,
2.186010284423828125e+02,
2.105261993408203125e+02,
2.491964569091796875e+02,
2.254319763183593750e+02,
2.305400848388671875e+02,
2.202843170166015625e+02,
2.264966430664062500e+02,
2.359286804199218750e+02,
2.224430236816406250e+02,
1.927209167480468750e+02,
2.028208770751953125e+02,
1.937362365722656250e+02,
1.968061828613281250e+02,
1.811389617919921875e+02,
1.956807403564453125e+02,
2.340166931152343750e+02,
2.108153228759765625e+02,
2.341351470947265625e+02,
2.386195831298828125e+02,
2.696936950683593750e+02,
2.840711975097656250e+02,
2.678442687988281250e+02,
2.669635314941406250e+02,
2.658143615722656250e+02,
2.612550354003906250e+02,
2.868573913574218750e+02,
2.624154663085937500e+02,
2.778007202148437500e+02,
2.406707305908203125e+02,
2.531798095703125000e+02,
2.181438140869140625e+02,
2.424393920898437500e+02,
2.371890106201171875e+02,
2.104051666259765625e+02,
2.328545227050781250e+02,
2.146730194091796875e+02,
2.016160736083984375e+02,
2.212626647949218750e+02,
1.815289611816406250e+02,
1.645909271240234375e+02,
1.875716857910156250e+02,
2.031234893798828125e+02,
1.774219970703125000e+02,
1.960845184326171875e+02,
2.165959472656250000e+02,
2.298834228515625000e+02,
2.424376678466796875e+02,
2.623268737792968750e+02,
2.782172851562500000e+02,
3.003167724609375000e+02,
2.801362915039062500e+02,
2.671177368164062500e+02,
2.777574462890625000e+02,
2.807434387207031250e+02,
2.651151123046875000e+02,
2.516069946289062500e+02,
2.172767944335937500e+02,
2.358242187500000000e+02,
2.359618377685546875e+02,
2.222283782958984375e+02,
2.548131713867187500e+02,
2.634940795898437500e+02,
2.434113006591796875e+02,
2.561929016113281250e+02,
2.887385559082031250e+02,
3.110561523437500000e+02,
2.717977905273437500e+02,
2.563021545410156250e+02,
2.573904418945312500e+02,
2.432438049316406250e+02,
2.267943725585937500e+02,
2.322263031005859375e+02,
2.104594726562500000e+02,
2.236252288818359375e+02,
1.922275543212890625e+02,
1.908582763671875000e+02,
1.833715515136718750e+02,
1.892217254638671875e+02,
2.264755859375000000e+02,
1.853545989990234375e+02,
1.815888061523437500e+02,
1.910477600097656250e+02,
1.742124176025390625e+02,
1.707452239990234375e+02,
1.706067504882812500e+02,
1.756028594970703125e+02,
1.734986877441406250e+02,
1.851104888916015625e+02,
1.763243255615234375e+02,
1.911124267578125000e+02,
1.884853973388671875e+02,
1.822313537597656250e+02,
1.866446990966796875e+02,
1.994891357421875000e+02,
2.074409637451171875e+02,
2.116615753173828125e+02,
2.090218048095703125e+02,
2.238296966552734375e+02,
2.092416534423828125e+02,
2.090626220703125000e+02,
2.500388946533203125e+02,
2.057235260009765625e+02,
2.047121582031250000e+02,
2.214672241210937500e+02,
2.199744110107421875e+02,
2.002373046875000000e+02,
2.036027832031250000e+02,
1.921488189697265625e+02,
1.898931121826171875e+02,
1.765149688720703125e+02,
2.040560455322265625e+02,
2.029628295898437500e+02,
2.008492431640625000e+02,
1.990183105468750000e+02,
2.180856628417968750e+02,
2.418664703369140625e+02,
2.350886688232421875e+02,
2.340831146240234375e+02,
2.307625732421875000e+02,
2.185474853515625000e+02,
2.270425109863281250e+02,
2.155394592285156250e+02,
2.289611816406250000e+02,
2.187101593017578125e+02,
2.310428924560546875e+02,
2.354703826904296875e+02,
2.222762145996093750e+02,
2.166781005859375000e+02,
2.191083221435546875e+02,
2.333564300537109375e+02,
2.253223571777343750e+02,
2.379957580566406250e+02,
2.638417358398437500e+02,
2.405140228271484375e+02,
2.324031677246093750e+02,
2.463051300048828125e+02,
2.509391479492187500e+02,
2.677453002929687500e+02,
2.409139099121093750e+02,
2.647998352050781250e+02,
2.740502929687500000e+02,
2.462558898925781250e+02,
2.889468688964843750e+02,
2.669158935546875000e+02,
2.665874023437500000e+02,
2.518989715576171875e+02,
2.735757751464843750e+02,
2.888636474609375000e+02,
3.058059692382812500e+02,
2.727616577148437500e+02,
2.561283874511718750e+02,
2.400144805908203125e+02,
2.547747955322265625e+02,
2.344356842041015625e+02,
2.642140197753906250e+02,
2.443046264648437500e+02,
2.537803192138671875e+02,
2.108020172119140625e+02,
2.109640655517578125e+02,
2.061537017822265625e+02,
1.605938873291015625e+02,
1.477161560058593750e+02,
1.885501098632812500e+02,
2.179496612548828125e+02,
2.101765899658203125e+02,
2.137787628173828125e+02,
2.321305389404296875e+02,
2.538271789550781250e+02,
2.288350830078125000e+02,
2.056920471191406250e+02,
2.121027069091796875e+02,
1.973964233398437500e+02,
1.869904785156250000e+02,
1.813243865966796875e+02,
1.980932617187500000e+02,
2.067011566162109375e+02,
2.084361419677734375e+02,
2.285708465576171875e+02,
2.235980072021484375e+02,
2.544857025146484375e+02,
2.509907836914062500e+02,
2.653098449707031250e+02,
2.947870788574218750e+02,
3.149211730957031250e+02,
2.998345031738281250e+02,
3.135770874023437500e+02,
3.321670837402343750e+02,
3.207418823242187500e+02,
3.354794921875000000e+02,
3.484532775878906250e+02,
3.383150024414062500e+02,
3.698427429199218750e+02,
3.497659301757812500e+02,
3.227864685058593750e+02,
3.180241394042968750e+02,
3.146696777343750000e+02,
2.940271606445312500e+02,
2.756832885742187500e+02,
2.905195617675781250e+02,
3.108399353027343750e+02,
3.166320800781250000e+02,
3.361802062988281250e+02,
3.294860534667968750e+02,
3.418043212890625000e+02,
3.138520507812500000e+02,
3.077911682128906250e+02,
3.093040161132812500e+02,
2.955593566894531250e+02,
2.853090820312500000e+02,
3.017685241699218750e+02,
2.990201416015625000e+02,
3.193350524902343750e+02,
2.786762084960937500e+02,
2.635367431640625000e+02,
2.658876647949218750e+02,
2.751496582031250000e+02,
2.714044189453125000e+02,
3.067063293457031250e+02,
3.078338928222656250e+02,
2.966566772460937500e+02,
3.278988647460937500e+02,
3.408497924804687500e+02,
3.314862670898437500e+02,
3.646014404296875000e+02,
4.118284606933593750e+02,
4.097339782714843750e+02,
4.175467834472656250e+02,
4.183876953125000000e+02,
4.137831726074218750e+02,
3.912808532714843750e+02,
3.889106140136718750e+02,
3.749880065917968750e+02,
3.743252563476562500e+02,
3.729184570312500000e+02,
3.520888366699218750e+02,
3.821249389648437500e+02,
4.096766662597656250e+02,
4.039068908691406250e+02,
4.118789367675781250e+02,
4.111618041992187500e+02,
4.221089782714843750e+02,
4.381363830566406250e+02,
4.451414184570312500e+02,
4.776214294433593750e+02,
5.396706542968750000e+02,
5.688097534179687500e+02,
5.544946289062500000e+02,
5.591378173828125000e+02,
5.359072875976562500e+02,
5.306422729492187500e+02,
5.254043579101562500e+02,
5.702426147460937500e+02,
5.136517333984375000e+02,
5.029670410156250000e+02,
5.014361572265625000e+02,
5.384715576171875000e+02,
5.515614013671875000e+02,
5.599395141601562500e+02,
5.933438720703125000e+02,
5.531973266601562500e+02,
5.739519653320312500e+02,
5.995020141601562500e+02,
6.015641479492187500e+02,
5.876136474609375000e+02,
5.783419189453125000e+02,
5.983014526367187500e+02,
6.076297607421875000e+02,
5.890123291015625000e+02,
6.045609741210937500e+02,
5.799175415039062500e+02,
5.990388183593750000e+02,
5.733081665039062500e+02,
5.366327514648437500e+02,
5.607135620117187500e+02,
5.867624511718750000e+02,
5.629602661132812500e+02,
5.559478149414062500e+02,
5.593473510742187500e+02,
6.225823364257812500e+02,
6.939220581054687500e+02,
6.901996459960937500e+02,
6.924921875000000000e+02,
6.898554077148437500e+02,
6.443828125000000000e+02,
5.596478271484375000e+02,
5.035399169921875000e+02,
5.076935119628906250e+02,
4.478404541015625000e+02,
4.422323913574218750e+02,
4.519291076660156250e+02,
5.519835205078125000e+02,
5.675362548828125000e+02,
5.565338134765625000e+02,
5.195980834960937500e+02,
5.495905151367187500e+02,
5.190592041015625000e+02,
4.635031433105468750e+02,
3.657394104003906250e+02,
3.648912658691406250e+02,
3.515710754394531250e+02,
3.403581542968750000e+02,
3.255678405761718750e+02,
3.527562561035156250e+02,
3.645069274902343750e+02,
3.790085449218750000e+02,
3.772622375488281250e+02,
4.027060852050781250e+02,
3.875211486816406250e+02,
3.776192016601562500e+02,
3.913203125000000000e+02,
3.634878234863281250e+02,
3.907869873046875000e+02,
4.200859069824218750e+02,
4.171023864746093750e+02,
4.366370544433593750e+02,
4.226824645996093750e+02,
4.226220397949218750e+02,
4.289086914062500000e+02,
4.621692199707031250e+02,
4.840672302246093750e+02,
5.306326904296875000e+02,
6.354287109375000000e+02,
6.613074340820312500e+02,
6.801783447265625000e+02,
7.028095092773437500e+02,
7.143568115234375000e+02,
6.305365600585937500e+02,
6.446582641601562500e+02,
6.332562866210937500e+02,
6.222662963867187500e+02,
6.000828247070312500e+02,
5.377163696289062500e+02,
4.920234069824218750e+02,
4.737087097167968750e+02,
4.860333557128906250e+02,
4.615412902832031250e+02,
4.430794982910156250e+02,
4.606746520996093750e+02,
4.326426696777343750e+02,
4.406218261718750000e+02,
4.276589050292968750e+02,
4.123112792968750000e+02,
4.169443359375000000e+02,
3.738601074218750000e+02,
3.415278930664062500e+02,
3.663029785156250000e+02,
3.413282165527343750e+02,
3.484597473144531250e+02,
3.382795104980468750e+02,
3.129721679687500000e+02,
3.572634582519531250e+02,
3.624698181152343750e+02,
3.690182189941406250e+02,
3.874302978515625000e+02,
3.650290832519531250e+02,
3.764562072753906250e+02,
3.787911987304687500e+02,
3.563841857910156250e+02,
3.454270019531250000e+02,
3.329301452636718750e+02,
3.447695007324218750e+02,
3.270528564453125000e+02,
3.078186645507812500e+02,
3.163960571289062500e+02,
3.380987548828125000e+02,
3.182462768554687500e+02,
3.404863281250000000e+02,
3.357642211914062500e+02,
3.307722167968750000e+02,
3.106435241699218750e+02,
3.539824523925781250e+02,
3.483448486328125000e+02,
3.539531250000000000e+02,
3.894319152832031250e+02,
3.512286682128906250e+02,
3.607786865234375000e+02,
3.558305053710937500e+02,
3.735033264160156250e+02,
3.453952636718750000e+02,
3.293785705566406250e+02,
3.278454284667968750e+02,
3.257509155273437500e+02,
3.505358581542968750e+02,
3.441377258300781250e+02,
3.453923034667968750e+02,
3.371337585449218750e+02,
3.553077087402343750e+02,
3.865184936523437500e+02,
3.862310180664062500e+02,
3.212565917968750000e+02,
3.074102172851562500e+02,
3.370222167968750000e+02,
3.796414794921875000e+02,
3.926546936035156250e+02,
4.023794555664062500e+02,
4.125663757324218750e+02,
3.758428039550781250e+02,
2.408014831542968750e+02,
2.626605224609375000e+02,
2.558328552246093750e+02,
2.613534240722656250e+02,
2.151687774658203125e+02,
2.224348297119140625e+02,
2.127536010742187500e+02,
2.029582214355468750e+02,
2.231669311523437500e+02,
2.067194519042968750e+02,
2.501599121093750000e+02,
2.251148071289062500e+02,
2.600096130371093750e+02,
2.716596984863281250e+02,
2.803030090332031250e+02,
2.870827941894531250e+02,
3.162075195312500000e+02,
3.366774902343750000e+02,
3.503432617187500000e+02,
3.562325744628906250e+02,
3.915295104980468750e+02,
3.667720031738281250e+02,
3.756271057128906250e+02,
3.543896789550781250e+02,
3.488206481933593750e+02,
3.254169921875000000e+02,
3.352643432617187500e+02,
3.010970764160156250e+02,
2.987337341308593750e+02,
2.740545043945312500e+02,
2.430558624267578125e+02,
2.183593597412109375e+02,
1.953944702148437500e+02,
2.132771911621093750e+02,
2.266751251220703125e+02,
1.953007507324218750e+02,
1.934682312011718750e+02,
1.884606475830078125e+02,
1.773925628662109375e+02,
1.608660278320312500e+02,
1.732670593261718750e+02,
1.490573272705078125e+02,
1.652397155761718750e+02,
1.560655517578125000e+02,
1.569874114990234375e+02,
1.645498199462890625e+02,
1.576873016357421875e+02,
1.493210754394531250e+02,
1.637276916503906250e+02,
1.575844879150390625e+02,
1.763083190917968750e+02,
1.528912200927734375e+02,
1.483066711425781250e+02,
1.458600463867187500e+02,
1.496572875976562500e+02,
1.558926391601562500e+02,
1.696889801025390625e+02,
1.580047454833984375e+02,
1.670692596435546875e+02,
1.724630279541015625e+02,
1.975319519042968750e+02,
2.024195709228515625e+02,
2.567436828613281250e+02,
2.730528869628906250e+02,
2.681762695312500000e+02,
2.790706176757812500e+02,
3.097564697265625000e+02,
2.840397949218750000e+02,
3.256264038085937500e+02,
3.550171203613281250e+02,
3.562269592285156250e+02,
3.690339050292968750e+02,
3.772338256835937500e+02,
3.774188232421875000e+02,
3.770588989257812500e+02,
3.578035583496093750e+02,
3.798958129882812500e+02,
3.698994140625000000e+02,
4.013959655761718750e+02,
4.124500732421875000e+02,
3.916853942871093750e+02,
3.854283447265625000e+02,
3.530151062011718750e+02,
3.449961853027343750e+02,
3.041668701171875000e+02,
2.892650756835937500e+02,
2.639914855957031250e+02,
2.567595520019531250e+02,
2.671343078613281250e+02,
2.886670227050781250e+02,
2.908858947753906250e+02,
3.125080871582031250e+02,
3.037391967773437500e+02,
2.988232727050781250e+02,
2.685749206542968750e+02,
2.461971282958984375e+02,
2.346577301025390625e+02,
2.208437652587890625e+02,
2.217474975585937500e+02,
2.251706542968750000e+02,
2.192538604736328125e+02,
2.196084594726562500e+02,
2.349989624023437500e+02,
2.333789367675781250e+02,
2.433107910156250000e+02,
2.612073059082031250e+02,
2.519074707031250000e+02,
2.586365356445312500e+02,
2.536740570068359375e+02,
2.329794006347656250e+02,
2.344138793945312500e+02,
2.471962280273437500e+02,
2.620067138671875000e+02,
2.375630798339843750e+02,
2.858140563964843750e+02,
2.945111389160156250e+02,
3.038921813964843750e+02,
3.334680175781250000e+02,
3.435264282226562500e+02,
3.510614929199218750e+02,
3.148519287109375000e+02,
3.226964721679687500e+02,
3.174750061035156250e+02,
3.409102783203125000e+02,
3.819073791503906250e+02,
3.792062072753906250e+02,
4.265886840820312500e+02,
4.483125305175781250e+02,
4.230673828125000000e+02,
4.446689453125000000e+02,
4.368952331542968750e+02,
3.858047790527343750e+02,
3.438635559082031250e+02,
3.121024169921875000e+02,
2.378598785400390625e+02,
2.337144622802734375e+02,
2.023042602539062500e+02,
2.171459350585937500e+02,
2.118616180419921875e+02,
2.147065277099609375e+02,
2.101833648681640625e+02,
2.035296783447265625e+02,
2.044099578857421875e+02,
1.976355285644531250e+02,
2.163317108154296875e+02,
2.326502227783203125e+02,
2.302987670898437500e+02,
2.181597900390625000e+02,
2.206739654541015625e+02,
2.208254089355468750e+02,
2.349133758544921875e+02,
2.129837646484375000e+02,
2.185185852050781250e+02,
2.171643524169921875e+02,
2.376692657470703125e+02,
2.656629638671875000e+02,
3.020647277832031250e+02,
2.934443969726562500e+02,
3.226177368164062500e+02,
2.858187255859375000e+02,
2.774454345703125000e+02,
2.515345916748046875e+02,
2.426598815917968750e+02,
2.542783508300781250e+02,
2.220044708251953125e+02,
1.875799865722656250e+02,
1.950196380615234375e+02,
2.163595733642578125e+02,
2.576855468750000000e+02,
2.664457092285156250e+02,
2.930174865722656250e+02,
2.964244384765625000e+02,
2.988001098632812500e+02,
2.863350524902343750e+02,
2.954549560546875000e+02,
2.703414916992187500e+02,
2.745506591796875000e+02,
3.134023132324218750e+02,
2.855725097656250000e+02,
3.028040466308593750e+02,
3.048869018554687500e+02,
2.621636047363281250e+02,
2.453762969970703125e+02,
2.159148559570312500e+02,
2.782842102050781250e+02,
1.989938354492187500e+02,
1.996464996337890625e+02,
1.936913452148437500e+02,
1.966453857421875000e+02,
1.676585845947265625e+02,
1.756209106445312500e+02,
2.198522338867187500e+02,
1.927586975097656250e+02,
2.119255218505859375e+02,
2.057464904785156250e+02,
2.272170410156250000e+02,
2.145343933105468750e+02,
2.260751953125000000e+02,
2.223374481201171875e+02,
1.966621704101562500e+02,
2.254553222656250000e+02,
2.367759094238281250e+02,
2.467289276123046875e+02,
2.464074096679687500e+02,
2.357419891357421875e+02,
2.464177551269531250e+02,
2.348699798583984375e+02,
2.580371093750000000e+02,
2.641392822265625000e+02,
2.590346679687500000e+02,
2.549682006835937500e+02,
2.727405395507812500e+02,
2.569055175781250000e+02,
2.770370483398437500e+02,
2.851631774902343750e+02,
3.095598754882812500e+02,
2.873417358398437500e+02,
2.794696044921875000e+02,
3.070867919921875000e+02,
3.229545288085937500e+02,
2.970983886718750000e+02,
3.016993408203125000e+02,
3.001600952148437500e+02,
2.623482055664062500e+02,
2.429721679687500000e+02,
2.061789398193359375e+02,
2.175415344238281250e+02,
2.180578002929687500e+02,
2.356852874755859375e+02,
2.429732513427734375e+02,
2.400695495605468750e+02,
2.240064849853515625e+02,
2.045655212402343750e+02,
2.499453277587890625e+02,
2.303919067382812500e+02,
2.785447998046875000e+02,
3.003294067382812500e+02,
3.291258239746093750e+02,
3.727525939941406250e+02,
3.781249084472656250e+02,
3.982544250488281250e+02,
4.054601440429687500e+02,
3.772187805175781250e+02,
3.758837585449218750e+02,
3.823066101074218750e+02,
3.886251831054687500e+02,
3.708762207031250000e+02,
3.687935485839843750e+02,
3.937769165039062500e+02,
3.664833984375000000e+02,
3.244032897949218750e+02,
3.441150512695312500e+02,
3.133979492187500000e+02,
3.100626220703125000e+02,
3.153979187011718750e+02,
3.239548950195312500e+02,
3.615415954589843750e+02,
4.170541076660156250e+02,
4.662602233886718750e+02,
4.671077575683593750e+02,
4.790996398925781250e+02,
4.242074279785156250e+02,
4.094747924804687500e+02,
4.263056030273437500e+02,
4.364079895019531250e+02,
4.686408996582031250e+02,
5.189598999023437500e+02,
5.389525756835937500e+02,
5.751225585937500000e+02,
6.110422973632812500e+02,
6.133629150390625000e+02,
6.059755859375000000e+02,
6.186553344726562500e+02,
5.867197875976562500e+02,
6.142415161132812500e+02,
6.485652465820312500e+02,
6.698367309570312500e+02,
6.617223510742187500e+02,
6.889074096679687500e+02,
6.516695556640625000e+02,
6.638233032226562500e+02,
6.904904785156250000e+02,
6.776505126953125000e+02,
6.511514282226562500e+02,
7.035377197265625000e+02,
7.128647460937500000e+02,
6.696179199218750000e+02,
6.883269653320312500e+02,
6.760977172851562500e+02,
5.469999389648437500e+02,
5.664174804687500000e+02,
5.621538085937500000e+02,
5.707840576171875000e+02,
5.848720703125000000e+02,
5.423434448242187500e+02,
4.262036743164062500e+02,
3.457966308593750000e+02,
3.985922851562500000e+02,
4.167872314453125000e+02,
3.798237304687500000e+02,
4.111839294433593750e+02,
3.897708129882812500e+02,
4.265304260253906250e+02,
4.190028686523437500e+02,
4.570023803710937500e+02,
5.499271240234375000e+02,
5.729372558593750000e+02,
6.484330444335937500e+02,
6.627014160156250000e+02,
6.618915405273437500e+02,
6.370924072265625000e+02,
6.327704467773437500e+02,
5.907127685546875000e+02,
5.266159057617187500e+02,
4.942999267578125000e+02,
4.590911865234375000e+02,
4.759728698730468750e+02,
4.420161437988281250e+02,
4.008085327148437500e+02,
3.819605712890625000e+02,
3.897369995117187500e+02,
3.885208129882812500e+02,
3.919013061523437500e+02,
4.257169189453125000e+02,
3.888341064453125000e+02,
3.830523376464843750e+02,
3.487841186523437500e+02,
3.422539062500000000e+02,
3.292575988769531250e+02,
3.426881713867187500e+02,
3.642226562500000000e+02,
3.646034851074218750e+02,
3.570596618652343750e+02,
4.063203735351562500e+02,
4.133457336425781250e+02,
3.758966979980468750e+02,
3.661854248046875000e+02,
3.322806396484375000e+02,
3.764812316894531250e+02,
4.447172851562500000e+02,
4.825966186523437500e+02,
4.591848449707031250e+02,
4.005007019042968750e+02,
3.800438842773437500e+02,
2.508560333251953125e+02,
2.605823669433593750e+02,
2.777334899902343750e+02,
2.589474792480468750e+02,
2.197813110351562500e+02,
2.263198699951171875e+02,
2.715556640625000000e+02,
2.867565307617187500e+02,
3.212273559570312500e+02,
3.378995666503906250e+02,
3.599104003906250000e+02,
3.800508117675781250e+02,
3.741934204101562500e+02,
4.212859497070312500e+02,
3.923429260253906250e+02,
3.883179321289062500e+02,
3.819821472167968750e+02,
3.167687377929687500e+02,
3.080740051269531250e+02,
2.614559020996093750e+02,
2.510825653076171875e+02,
2.225171966552734375e+02,
2.127485961914062500e+02,
1.930940399169921875e+02,
1.934612731933593750e+02,
1.804545288085937500e+02,
1.670092010498046875e+02,
1.651081085205078125e+02,
1.625958404541015625e+02,
2.097155609130859375e+02,
1.842012023925781250e+02,
1.600420989990234375e+02,
1.584399108886718750e+02,
1.637552337646484375e+02,
1.588163452148437500e+02,
1.683202209472656250e+02,
1.726114654541015625e+02,
1.762321319580078125e+02,
1.817421569824218750e+02,
2.416208801269531250e+02,
2.456746520996093750e+02,
2.675387268066406250e+02,
2.950333557128906250e+02,
3.410377197265625000e+02,
3.483952331542968750e+02,
4.033726501464843750e+02,
4.176804504394531250e+02,
4.466564941406250000e+02,
4.930206604003906250e+02,
4.476073608398437500e+02,
4.826643676757812500e+02,
4.606771850585937500e+02,
4.118520507812500000e+02,
4.140945129394531250e+02,
3.631908264160156250e+02,
3.287350769042968750e+02,
3.312855834960937500e+02,
3.111800231933593750e+02,
3.133976440429687500e+02,
3.423941040039062500e+02,
3.468718566894531250e+02,
2.943129882812500000e+02,
2.893493347167968750e+02,
2.579947814941406250e+02,
2.440013732910156250e+02,
2.376649169921875000e+02,
2.304515075683593750e+02,
2.508434143066406250e+02,
2.465838623046875000e+02,
2.615120239257812500e+02,
2.778948059082031250e+02,
2.469436340332031250e+02,
2.628524780273437500e+02,
2.844047851562500000e+02,
2.586276855468750000e+02,
2.877353210449218750e+02,
3.484175415039062500e+02,
3.399523925781250000e+02,
3.753997802734375000e+02,
3.490013427734375000e+02,
3.852724304199218750e+02,
3.743962097167968750e+02,
4.395280761718750000e+02,
4.484935913085937500e+02,
4.914237365722656250e+02,
4.789780883789062500e+02,
4.354427795410156250e+02,
4.043156127929687500e+02,
3.128835144042968750e+02,
2.671781921386718750e+02,
2.406317138671875000e+02,
2.174953613281250000e+02,
2.247524719238281250e+02,
2.102608489990234375e+02,
2.697241821289062500e+02,
2.232069854736328125e+02,
2.376283721923828125e+02,
2.454848632812500000e+02,
2.417782897949218750e+02,
2.364261779785156250e+02,
2.519759063720703125e+02,
2.715071105957031250e+02,
2.641078796386718750e+02,
3.194950866699218750e+02,
3.225976257324218750e+02,
3.283506469726562500e+02,
2.939449768066406250e+02,
2.584562377929687500e+02,
2.367858581542968750e+02,
2.415951232910156250e+02,
2.334111480712890625e+02,
2.596795043945312500e+02,
2.840197448730468750e+02,
3.035608825683593750e+02,
2.959134216308593750e+02,
3.015671691894531250e+02,
2.863902587890625000e+02,
3.196491088867187500e+02,
3.009177551269531250e+02,
3.059841308593750000e+02,
2.681797790527343750e+02,
2.565784301757812500e+02,
2.274780120849609375e+02,
2.155355072021484375e+02,
2.207241516113281250e+02,
1.930537872314453125e+02,
1.981510467529296875e+02,
2.039104156494140625e+02,
2.029004364013671875e+02,
2.396523437500000000e+02,
2.232841949462890625e+02,
2.431134948730468750e+02,
2.280659332275390625e+02,
2.282884979248046875e+02,
2.424981079101562500e+02,
2.547898864746093750e+02,
2.439982604980468750e+02,
2.855407104492187500e+02,
3.004005432128906250e+02,
2.938937683105468750e+02,
2.905769348144531250e+02,
2.910139770507812500e+02,
3.396101684570312500e+02,
3.344264526367187500e+02,
3.332949523925781250e+02,
3.565423583984375000e+02,
3.272525024414062500e+02,
3.162015991210937500e+02,
2.936322021484375000e+02,
2.332184295654296875e+02,
2.614062500000000000e+02,
2.370862579345703125e+02,
2.302732391357421875e+02,
2.409818572998046875e+02,
2.655374450683593750e+02,
2.703757629394531250e+02,
3.159047851562500000e+02,
3.636009826660156250e+02,
4.104514770507812500e+02,
4.367468566894531250e+02,
4.396209411621093750e+02,
4.227423095703125000e+02,
4.350180053710937500e+02,
4.220713195800781250e+02,
4.044583740234375000e+02,
3.922405700683593750e+02,
3.513238220214843750e+02,
3.431021728515625000e+02,
3.585075988769531250e+02,
3.719071350097656250e+02,
4.166408386230468750e+02,
4.558278503417968750e+02,
5.029813842773437500e+02,
4.860913391113281250e+02,
5.181502685546875000e+02,
5.048572387695312500e+02,
5.361489257812500000e+02,
6.017351684570312500e+02,
6.061438598632812500e+02,
6.456694946289062500e+02,
6.742503051757812500e+02,
6.762448730468750000e+02,
6.586226806640625000e+02,
6.845016479492187500e+02,
6.846580200195312500e+02,
7.174969482421875000e+02,
7.097299194335937500e+02,
7.348790283203125000e+02,
8.125868530273437500e+02,
7.196677246093750000e+02,
6.807147216796875000e+02,
6.846794433593750000e+02,
6.970147705078125000e+02,
5.844242553710937500e+02,
5.637866821289062500e+02,
5.320363769531250000e+02,
5.384505004882812500e+02,
4.097185058593750000e+02,
4.197720642089843750e+02,
4.398702392578125000e+02,
4.405874023437500000e+02,
4.591857299804687500e+02,
5.455408935546875000e+02,
6.237991333007812500e+02,
6.036087036132812500e+02,
6.213593139648437500e+02,
6.876668701171875000e+02,
6.616605834960937500e+02,
6.222946777343750000e+02,
5.558684082031250000e+02,
5.124424438476562500e+02,
4.477985229492187500e+02,
4.340690612792968750e+02,
4.194659729003906250e+02,
4.394763488769531250e+02,
4.366119384765625000e+02,
4.348824768066406250e+02,
3.930336303710937500e+02,
3.738128356933593750e+02,
3.958992309570312500e+02,
4.015199584960937500e+02,
4.511524658203125000e+02,
4.489223937988281250e+02,
4.444495849609375000e+02,
4.066268005371093750e+02,
4.340752563476562500e+02,
5.333469848632812500e+02,
4.802806091308593750e+02,
