5.606322631835937500e+02,
5.454057617187500000e+02,
5.497430419921875000e+02,
5.373278808593750000e+02,
5.050982360839843750e+02,
5.424559936523437500e+02,
5.469840698242187500e+02,
5.609745483398437500e+02,
5.931083984375000000e+02,
5.881915283203125000e+02,
5.604187622070312500e+02,
5.264245605468750000e+02,
4.848717041015625000e+02,
4.789414062500000000e+02,
4.552653808593750000e+02,
4.700818481445312500e+02,
4.983370361328125000e+02,
4.807138366699218750e+02,
4.667174987792968750e+02,
4.984351501464843750e+02,
4.767181701660156250e+02,
4.711990966796875000e+02,
4.491769409179687500e+02,
4.314216918945312500e+02,
4.442173767089843750e+02,
4.263086547851562500e+02,
4.530335083007812500e+02,
4.450252990722656250e+02,
4.236559753417968750e+02,
4.443587951660156250e+02,
4.097348632812500000e+02,
4.355362854003906250e+02,
4.455580139160156250e+02,
4.169055786132812500e+02,
4.213509216308593750e+02,
4.442779235839843750e+02,
4.427312011718750000e+02,
4.303765258789062500e+02,
4.338735351562500000e+02,
4.178939819335937500e+02,
4.358784790039062500e+02,
3.857835388183593750e+02,
3.866846923828125000e+02,
3.860385131835937500e+02,
3.856288146972656250e+02,
4.324356384277343750e+02,
4.310257873535156250e+02,
4.648168945312500000e+02,
4.764000854492187500e+02,
4.885889892578125000e+02,
4.700108642578125000e+02,
4.486159667968750000e+02,
4.472766418457031250e+02,
4.200241394042968750e+02,
3.748822326660156250e+02,
3.478097839355468750e+02,
3.179922485351562500e+02,
3.393246154785156250e+02,
3.323935241699218750e+02,
3.566255187988281250e+02,
3.829331665039062500e+02,
3.865706176757812500e+02,
4.031423034667968750e+02,
3.895164794921875000e+02,
3.974294128417968750e+02,
3.716354370117187500e+02,
3.607955932617187500e+02,
3.415972595214843750e+02,
3.559361267089843750e+02,
3.218437500000000000e+02,
3.247107849121093750e+02,
3.372981872558593750e+02,
3.774212341308593750e+02,
3.903622131347656250e+02,
3.987993774414062500e+02,
4.009766235351562500e+02,
4.166168518066406250e+02,
3.694391784667968750e+02,
3.968262329101562500e+02,
3.993179626464843750e+02,
3.858132629394531250e+02,
4.136363830566406250e+02,
4.429250183105468750e+02,
4.377428588867187500e+02,
4.696689453125000000e+02,
5.173948974609375000e+02,
5.032728576660156250e+02,
5.039047546386718750e+02,
4.894562072753906250e+02,
4.999134216308593750e+02,
4.783569030761718750e+02,
5.147669067382812500e+02,
4.916678466796875000e+02,
4.967931213378906250e+02,
5.315227661132812500e+02,
4.851946716308593750e+02,
4.561807861328125000e+02,
4.722322998046875000e+02,
4.551008911132812500e+02,
5.008854064941406250e+02,
4.563482360839843750e+02,
4.415087280273437500e+02,
4.312684936523437500e+02,
4.218637390136718750e+02,
4.161187438964843750e+02,
4.152602844238281250e+02,
3.575429992675781250e+02,
3.600968933105468750e+02,
3.322061157226562500e+02,
3.236513061523437500e+02,
3.429339904785156250e+02,
3.541120300292968750e+02,
3.478558044433593750e+02,
3.712792053222656250e+02,
3.833824462890625000e+02,
3.892032165527343750e+02,
4.099322509765625000e+02,
3.941195373535156250e+02,
4.117628784179687500e+02,
4.051571655273437500e+02,
4.097949523925781250e+02,
3.894249267578125000e+02,
4.032579650878906250e+02,
4.243377075195312500e+02,
3.997124328613281250e+02,
4.047846984863281250e+02,
4.041579589843750000e+02,
4.129275512695312500e+02,
3.913399963378906250e+02,
3.746376037597656250e+02,
3.930648498535156250e+02,
4.002156677246093750e+02,
3.801058959960937500e+02,
3.798325805664062500e+02,
3.764182739257812500e+02,
3.751956176757812500e+02,
3.461481323242187500e+02,
3.580633850097656250e+02,
3.663690795898437500e+02,
3.600676269531250000e+02,
3.387121887207031250e+02,
3.131578369140625000e+02,
3.098040771484375000e+02,
2.735848999023437500e+02,
2.803217773437500000e+02,
2.732282409667968750e+02,
2.716551818847656250e+02,
2.801703186035156250e+02,
2.636697387695312500e+02,
2.624705505371093750e+02,
2.803301391601562500e+02,
2.988800048828125000e+02,
3.224318237304687500e+02,
3.403653869628906250e+02,
3.526903991699218750e+02,
3.698148193359375000e+02,
3.689025878906250000e+02,
3.887803039550781250e+02,
4.222990722656250000e+02,
4.712830505371093750e+02,
4.652318725585937500e+02,
4.673494567871093750e+02,
4.623981933593750000e+02,
4.740082092285156250e+02,
4.766482849121093750e+02,
4.736257324218750000e+02,
5.070494079589843750e+02,
4.894668273925781250e+02,
5.279031982421875000e+02,
5.476446533203125000e+02,
5.323696899414062500e+02,
5.318275146484375000e+02,
5.218049316406250000e+02,
4.884902648925781250e+02,
4.959949645996093750e+02,
4.390242004394531250e+02,
4.487773132324218750e+02,
4.408703918457031250e+02,
4.224429321289062500e+02,
4.418970031738281250e+02,
4.415253906250000000e+02,
4.853539428710937500e+02,
4.908346252441406250e+02,
5.071900634765625000e+02,
5.344348144531250000e+02,
5.449444580078125000e+02,
5.300579833984375000e+02,
5.240837402343750000e+02,
5.195354003906250000e+02,
4.965883483886718750e+02,
4.862933959960937500e+02,
4.817043457031250000e+02,
4.952301635742187500e+02,
5.123981323242187500e+02,
4.941055297851562500e+02,
4.600803833007812500e+02,
4.641635131835937500e+02,
4.565331420898437500e+02,
4.691121826171875000e+02,
4.744812011718750000e+02,
5.145296020507812500e+02,
4.920963745117187500e+02,
4.986957702636718750e+02,
5.174396362304687500e+02,
5.107174682617187500e+02,
5.333837280273437500e+02,
5.205334472656250000e+02,
5.566170654296875000e+02,
5.164736938476562500e+02,
5.458775024414062500e+02,
5.549478759765625000e+02,
5.894938964843750000e+02,
6.412576293945312500e+02,
5.846363525390625000e+02,
5.753183593750000000e+02,
5.385068359375000000e+02,
5.344321899414062500e+02,
5.275918579101562500e+02,
5.622034301757812500e+02,
5.307332153320312500e+02,
5.294821777343750000e+02,
5.425394287109375000e+02,
5.165255737304687500e+02,
5.005419921875000000e+02,
5.192437744140625000e+02,
5.623037719726562500e+02,
5.324001464843750000e+02,
5.367328491210937500e+02,
5.069988098144531250e+02,
4.814066772460937500e+02,
4.877756347656250000e+02,
5.137926025390625000e+02,
5.234427490234375000e+02,
5.068028259277343750e+02,
5.017042236328125000e+02,
4.792916870117187500e+02,
4.640412292480468750e+02,
4.911759338378906250e+02,
4.961387939453125000e+02,
5.318876953125000000e+02,
5.025129089355468750e+02,
4.863598327636718750e+02,
4.857383117675781250e+02,
4.485705871582031250e+02,
4.782157592773437500e+02,
4.974926147460937500e+02,
5.118463745117187500e+02,
4.979659118652343750e+02,
5.016777648925781250e+02,
4.822077026367187500e+02,
4.480591430664062500e+02,
4.576569213867187500e+02,
4.636310729980468750e+02,
4.825393066406250000e+02,
5.116929931640625000e+02,
5.190256347656250000e+02,
5.093356018066406250e+02,
5.071907043457031250e+02,
4.993333435058593750e+02,
4.946278991699218750e+02,
4.742150573730468750e+02,
4.876170349121093750e+02,
5.450748901367187500e+02,
5.064215698242187500e+02,
5.015092773437500000e+02,
5.047282104492187500e+02,
4.828005676269531250e+02,
4.853123474121093750e+02,
4.811572265625000000e+02,
5.010462646484375000e+02,
5.132088012695312500e+02,
5.119324340820312500e+02,
5.242706909179687500e+02,
5.065448608398437500e+02,
4.915726623535156250e+02,
4.948644104003906250e+02,
5.014947814941406250e+02,
5.247654418945312500e+02,
5.380703125000000000e+02,
5.388920898437500000e+02,
5.656862792968750000e+02,
5.848773803710937500e+02,
5.605524291992187500e+02,
5.852740478515625000e+02,
5.939328613281250000e+02,
6.180736083984375000e+02,
6.012921752929687500e+02,
5.922765502929687500e+02,
5.975479125976562500e+02,
6.263640747070312500e+02,
6.361801147460937500e+02,
6.349348144531250000e+02,
6.515629882812500000e+02,
6.620275268554687500e+02,
6.932500610351562500e+02,
6.850973510742187500e+02,
6.479101562500000000e+02,
6.524265136718750000e+02,
6.139139404296875000e+02,
5.975489501953125000e+02,
5.841770019531250000e+02,
5.603921508789062500e+02,
5.408971557617187500e+02,
4.851567687988281250e+02,
5.072194824218750000e+02,
5.513126831054687500e+02,
5.035391540527343750e+02,
5.206936645507812500e+02,
5.139468383789062500e+02,
5.153294677734375000e+02,
5.646394653320312500e+02,
5.425932006835937500e+02,
5.526692504882812500e+02,
5.862362670898437500e+02,
5.917414550781250000e+02,
5.937167358398437500e+02,
5.856045532226562500e+02,
5.784353027343750000e+02,
5.843823852539062500e+02,
5.749505615234375000e+02,
5.994586791992187500e+02,
5.998147583007812500e+02,
5.573800048828125000e+02,
5.577231445312500000e+02,
5.499667358398437500e+02,
5.326296386718750000e+02,
5.360993041992187500e+02,
5.198931884765625000e+02,
5.100015563964843750e+02,
5.435341186523437500e+02,
5.403370971679687500e+02,
5.372487182617187500e+02,
5.616084594726562500e+02,
5.556188354492187500e+02,
5.934498291015625000e+02,
5.898703002929687500e+02,
6.093485717773437500e+02,
5.830203857421875000e+02,
5.704279785156250000e+02,
5.699976196289062500e+02,
5.492002563476562500e+02,
5.647363891601562500e+02,
5.408189697265625000e+02,
5.336099243164062500e+02,
5.206886596679687500e+02,
5.106185913085937500e+02,
5.285438842773437500e+02,
5.117997741699218750e+02,
5.283459472656250000e+02,
5.279560546875000000e+02,
4.959362487792968750e+02,
5.364909667968750000e+02,
5.187875366210937500e+02,
5.082725524902343750e+02,
5.037481994628906250e+02,
4.794957275390625000e+02,
4.639910583496093750e+02,
4.942256469726562500e+02,
4.580082702636718750e+02,
4.512940673828125000e+02,
4.650020141601562500e+02,
4.698157348632812500e+02,
4.840274963378906250e+02,
4.763600158691406250e+02,
4.651020812988281250e+02,
4.471695861816406250e+02,
4.706797790527343750e+02,
4.680796508789062500e+02,
4.909760742187500000e+02,
5.037198181152343750e+02,
5.043123168945312500e+02,
4.851938171386718750e+02,
4.753413696289062500e+02,
4.697621154785156250e+02,
4.506369018554687500e+02,
4.569221496582031250e+02,
4.675281982421875000e+02,
4.719321594238281250e+02,
4.951172485351562500e+02,
4.739169921875000000e+02,
4.881308593750000000e+02,
5.182369384765625000e+02,
4.989219665527343750e+02,
4.862448425292968750e+02,
5.016304321289062500e+02,
5.154149780273437500e+02,
5.303746948242187500e+02,
4.837404479980468750e+02,
4.936291809082031250e+02,
4.724774780273437500e+02,
4.422151489257812500e+02,
4.189079895019531250e+02,
4.258422546386718750e+02,
3.952674865722656250e+02,
3.968091125488281250e+02,
3.924711303710937500e+02,
3.866437377929687500e+02,
4.138877868652343750e+02,
4.295910949707031250e+02,
4.638096923828125000e+02,
4.678446044921875000e+02,
4.850158081054687500e+02,
4.750892944335937500e+02,
4.573417968750000000e+02,
4.383645629882812500e+02,
4.237719116210937500e+02,
4.226896972656250000e+02,
4.274977111816406250e+02,
4.295770568847656250e+02,
4.366552429199218750e+02,
3.959102478027343750e+02,
4.227175598144531250e+02,
3.909946594238281250e+02,
3.964718322753906250e+02,
3.867306213378906250e+02,
3.879881896972656250e+02,
3.801485290527343750e+02,
3.864928283691406250e+02,
3.755788574218750000e+02,
3.740818481445312500e+02,
3.753949890136718750e+02,
3.773341674804687500e+02,
3.820951843261718750e+02,
3.903699340820312500e+02,
4.118455810546875000e+02,
3.979835205078125000e+02,
3.954289550781250000e+02,
3.593412170410156250e+02,
3.481646118164062500e+02,
3.611971435546875000e+02,
3.466863708496093750e+02,
3.025505676269531250e+02,
3.093901977539062500e+02,
3.152276916503906250e+02,
3.166372985839843750e+02,
3.252114257812500000e+02,
3.516023864746093750e+02,
3.573563232421875000e+02,
3.664534606933593750e+02,
3.599545288085937500e+02,
3.635545043945312500e+02,
3.381031494140625000e+02,
3.516341857910156250e+02,
3.546150207519531250e+02,
3.487619934082031250e+02,
3.415091247558593750e+02,
3.330722351074218750e+02,
3.196914672851562500e+02,
3.246967468261718750e+02,
3.311843566894531250e+02,
3.266337585449218750e+02,
3.070895690917968750e+02,
3.126237487792968750e+02,
3.078328857421875000e+02,
3.075423889160156250e+02,
3.366647644042968750e+02,
3.319589538574218750e+02,
3.608007812500000000e+02,
3.224004211425781250e+02,
3.353086547851562500e+02,
3.218064880371093750e+02,
3.114459228515625000e+02,
2.800513916015625000e+02,
2.671905822753906250e+02,
2.669794921875000000e+02,
2.584626464843750000e+02,
2.420219116210937500e+02,
2.073099212646484375e+02,
2.013202514648437500e+02,
1.691218414306640625e+02,
1.788449859619140625e+02,
1.847179718017578125e+02,
1.978589324951171875e+02,
2.089858856201171875e+02,
2.670564880371093750e+02,
2.424764404296875000e+02,
2.557813568115234375e+02,
2.669661254882812500e+02,
2.547382812500000000e+02,
2.639792175292968750e+02,
2.466266784667968750e+02,
2.356328582763671875e+02,
2.209716949462890625e+02,
2.216282806396484375e+02,
2.154738311767578125e+02,
2.103789672851562500e+02,
2.373620147705078125e+02,
2.449181365966796875e+02,
2.193823242187500000e+02,
2.409602355957031250e+02,
2.219228363037109375e+02,
2.216371459960937500e+02,
2.045072021484375000e+02,
2.098620758056640625e+02,
2.233749694824218750e+02,
2.416589965820312500e+02,
2.512476501464843750e+02,
2.527845458984375000e+02,
2.463221282958984375e+02,
2.397002258300781250e+02,
2.198606414794921875e+02,
2.590073852539062500e+02,
2.283514862060546875e+02,
2.436139526367187500e+02,
2.657357788085937500e+02,
2.796158142089843750e+02,
2.945394592285156250e+02,
3.143180236816406250e+02,
3.213110046386718750e+02,
3.109648132324218750e+02,
3.143492126464843750e+02,
3.063934020996093750e+02,
2.709550170898437500e+02,
2.445537414550781250e+02,
2.665544433593750000e+02,
2.496605682373046875e+02,
2.698587341308593750e+02,
2.968842468261718750e+02,
3.048133850097656250e+02,
2.950330810546875000e+02,
3.375509338378906250e+02,
3.375004577636718750e+02,
3.184491882324218750e+02,
2.921471557617187500e+02,
2.987240295410156250e+02,
2.952263488769531250e+02,
3.087671813964843750e+02,
3.177236022949218750e+02,
3.306839294433593750e+02,
3.468683776855468750e+02,
3.597522888183593750e+02,
3.806683044433593750e+02,
3.578453369140625000e+02,
4.091620483398437500e+02,
3.997854614257812500e+02,
4.050390930175781250e+02,
4.067345581054687500e+02,
3.934063110351562500e+02,
4.131036987304687500e+02,
3.732104797363281250e+02,
3.717907409667968750e+02,
3.562043457031250000e+02,
3.490506286621093750e+02,
3.645667419433593750e+02,
3.600264892578125000e+02,
3.357907409667968750e+02,
3.314120788574218750e+02,
3.152527465820312500e+02,
3.252786865234375000e+02,
3.131763610839843750e+02,
2.923151550292968750e+02,
2.905812683105468750e+02,
2.750198059082031250e+02,
2.581656799316406250e+02,
2.908304748535156250e+02,
3.194078674316406250e+02,
3.412209167480468750e+02,
3.968453063964843750e+02,
4.013621520996093750e+02,
3.871918029785156250e+02,
3.581000671386718750e+02,
3.517340698242187500e+02,
3.673421325683593750e+02,
3.412953796386718750e+02,
3.384063720703125000e+02,
3.464181213378906250e+02,
3.567022094726562500e+02,
3.674386291503906250e+02,
3.329232177734375000e+02,
3.330265808105468750e+02,
3.535049133300781250e+02,
3.408290100097656250e+02,
3.584630126953125000e+02,
3.728374023437500000e+02,
3.850213317871093750e+02,
3.410969848632812500e+02,
2.841748352050781250e+02,
2.846432800292968750e+02,
2.677814941406250000e+02,
2.998586425781250000e+02,
3.155880737304687500e+02,
3.341341247558593750e+02,
3.575176696777343750e+02,
3.794241027832031250e+02,
3.849106750488281250e+02,
3.973601074218750000e+02,
3.893185729980468750e+02,
4.134132995605468750e+02,
4.205347595214843750e+02,
3.955784912109375000e+02,
3.782293090820312500e+02,
3.695197753906250000e+02,
3.508300781250000000e+02,
3.326407775878906250e+02,
3.311797180175781250e+02,
3.409545288085937500e+02,
3.274172058105468750e+02,
3.075682373046875000e+02,
3.109584045410156250e+02,
3.027476501464843750e+02,
3.227943725585937500e+02,
3.124346618652343750e+02,
2.625480346679687500e+02,
2.521966247558593750e+02,
2.761317138671875000e+02,
2.485418243408203125e+02,
2.623658447265625000e+02,
5.632108764648437500e+02,
5.903906250000000000e+02,
6.264380493164062500e+02,
6.378042602539062500e+02,
6.002803344726562500e+02,
5.520112915039062500e+02,
5.474267578125000000e+02,
5.246795043945312500e+02,
5.454565429687500000e+02,
5.129791870117187500e+02,
4.881793212890625000e+02,
4.783463134765625000e+02,
4.797510070800781250e+02,
4.754717102050781250e+02,
4.753764343261718750e+02,
4.685419921875000000e+02,
4.473343200683593750e+02,
4.811728515625000000e+02,
4.795928344726562500e+02,
4.370215148925781250e+02,
4.842480163574218750e+02,
4.901098327636718750e+02,
4.948236389160156250e+02,
4.977228088378906250e+02,
4.809103088378906250e+02,
4.538327941894531250e+02,
3.934780578613281250e+02,
3.844795837402343750e+02,
4.111735534667968750e+02,
4.493534545898437500e+02,
4.275218200683593750e+02,
4.205775146484375000e+02,
3.924411010742187500e+02,
3.930932312011718750e+02,
3.881687316894531250e+02,
4.251237487792968750e+02,
4.340543212890625000e+02,
4.205764465332031250e+02,
4.451842651367187500e+02,
4.977200317382812500e+02,
4.989776000976562500e+02,
5.057542419433593750e+02,
5.495698242187500000e+02,
5.369838867187500000e+02,
5.491804199218750000e+02,
5.432182617187500000e+02,
5.361867675781250000e+02,
5.383346557617187500e+02,
5.106701965332031250e+02,
5.006625671386718750e+02,
4.883219604492187500e+02,
4.471297912597656250e+02,
4.348070678710937500e+02,
3.884279479980468750e+02,
3.845162353515625000e+02,
4.020487670898437500e+02,
4.494750061035156250e+02,
4.456022338867187500e+02,
4.487343444824218750e+02,
4.459044799804687500e+02,
4.519825439453125000e+02,
4.471835021972656250e+02,
4.311901245117187500e+02,
4.445494384765625000e+02,
4.383999938964843750e+02,
4.204996948242187500e+02,
4.815627746582031250e+02,
3.926006164550781250e+02,
3.784040222167968750e+02,
3.557570800781250000e+02,
3.482508239746093750e+02,
3.065630187988281250e+02,
3.088562622070312500e+02,
2.978074035644531250e+02,
3.255519409179687500e+02,
3.821286315917968750e+02,
4.024878540039062500e+02,
4.247405700683593750e+02,
4.800017700195312500e+02,
5.244946899414062500e+02,
5.443685302734375000e+02,
5.532088623046875000e+02,
6.050537109375000000e+02,
6.105529174804687500e+02,
5.674291992187500000e+02,
5.719622192382812500e+02,
5.325872192382812500e+02,
4.982315063476562500e+02,
5.001059265136718750e+02,
5.080953063964843750e+02,
5.383361206054687500e+02,
5.674994506835937500e+02,
5.789168701171875000e+02,
5.575952148437500000e+02,
5.400977172851562500e+02,
5.307107543945312500e+02,
5.528063964843750000e+02,
5.426262207031250000e+02,
5.319529418945312500e+02,
6.100541381835937500e+02,
6.059948120117187500e+02,
6.502929077148437500e+02,
6.428088989257812500e+02,
6.664806518554687500e+02,
6.517803344726562500e+02,
6.485672607421875000e+02,
6.677590942382812500e+02,
6.714346923828125000e+02,
6.257413330078125000e+02,
6.316644287109375000e+02,
6.507089233398437500e+02,
6.367174072265625000e+02,
6.254533081054687500e+02,
6.075684814453125000e+02,
5.784977416992187500e+02,
6.083742675781250000e+02,
5.667521362304687500e+02,
5.660917358398437500e+02,
5.489343261718750000e+02,
5.828579101562500000e+02,
5.576301879882812500e+02,
5.644502563476562500e+02,
5.462393798828125000e+02,
5.598297119140625000e+02,
5.843512573242187500e+02,
6.000756835937500000e+02,
5.581461791992187500e+02,
5.836623535156250000e+02,
5.721627807617187500e+02,
5.555098876953125000e+02,
5.701366577148437500e+02,
5.533129272460937500e+02,
5.735982055664062500e+02,
5.583627319335937500e+02,
5.584063720703125000e+02,
6.089589843750000000e+02,
5.808713989257812500e+02,
6.102172241210937500e+02,
6.219605102539062500e+02,
6.297703247070312500e+02,
6.636424560546875000e+02,
6.599274902343750000e+02,
6.794065551757812500e+02,
6.893722534179687500e+02,
6.815819091796875000e+02,
7.144507446289062500e+02,
7.149396972656250000e+02,
7.278875122070312500e+02,
6.964954833984375000e+02,
6.205940551757812500e+02,
6.021530151367187500e+02,
5.551160278320312500e+02,
5.668020019531250000e+02,
5.661018676757812500e+02,
5.694468383789062500e+02,
6.095459594726562500e+02,
6.209750366210937500e+02,
6.539710083007812500e+02,
6.169904785156250000e+02,
6.036694335937500000e+02,
6.212811279296875000e+02,
5.991942138671875000e+02,
5.935615234375000000e+02,
5.937168579101562500e+02,
5.774611816406250000e+02,
6.068361206054687500e+02,
6.062750854492187500e+02,
6.318981323242187500e+02,
6.055930175781250000e+02,
6.142827148437500000e+02,
5.877280883789062500e+02,
5.778181762695312500e+02,
5.553543701171875000e+02,
5.714885864257812500e+02,
5.678850708007812500e+02,
5.574151611328125000e+02,
5.462707519531250000e+02,
5.082113952636718750e+02,
5.092511596679687500e+02,
5.216831054687500000e+02,
5.456475830078125000e+02,
5.245089111328125000e+02,
5.463779296875000000e+02,
5.663694458007812500e+02,
5.736430664062500000e+02,
5.660300903320312500e+02,
5.207386474609375000e+02,
5.284025268554687500e+02,
5.296119995117187500e+02,
5.539444580078125000e+02,
5.302370605468750000e+02,
5.321342163085937500e+02,
5.263355712890625000e+02,
5.090397644042968750e+02,
4.704411010742187500e+02,
4.745235900878906250e+02,
4.790319824218750000e+02,
4.586929321289062500e+02,
4.915669555664062500e+02,
5.120345458984375000e+02,
5.068139343261718750e+02,
5.017366943359375000e+02,
4.959650573730468750e+02,
4.646679992675781250e+02,
4.580748596191406250e+02,
4.481474609375000000e+02,
4.536033935546875000e+02,
4.512713012695312500e+02,
4.363647155761718750e+02,
4.446549987792968750e+02,
4.158109741210937500e+02,
4.197881774902343750e+02,
3.936235351562500000e+02,
3.852482910156250000e+02,
3.815668334960937500e+02,
3.570788879394531250e+02,
3.657439880371093750e+02,
3.669262084960937500e+02,
4.116401367187500000e+02,
3.815256652832031250e+02,
3.643484802246093750e+02,
3.839512329101562500e+02,
3.826377258300781250e+02,
3.919685363769531250e+02,
3.478736877441406250e+02,
3.652848205566406250e+02,
3.588270568847656250e+02,
3.711751403808593750e+02,
3.440553283691406250e+02,
3.659167175292968750e+02,
3.116923828125000000e+02,
2.645491333007812500e+02,
2.573510437011718750e+02,
2.284578399658203125e+02,
2.158375244140625000e+02,
2.359359588623046875e+02,
2.457291564941406250e+02,
2.925151672363281250e+02,
2.679317321777343750e+02,
3.082848205566406250e+02,
2.595301513671875000e+02,
2.397556152343750000e+02,
2.449557189941406250e+02,
2.388764190673828125e+02,
2.409101409912109375e+02,
2.500628356933593750e+02,
2.474280242919921875e+02,
2.627194213867187500e+02,
2.669388732910156250e+02,
2.630548095703125000e+02,
2.920328369140625000e+02,
2.723617248535156250e+02,
3.107423400878906250e+02,
3.271998291015625000e+02,
2.989302062988281250e+02,
2.917423706054687500e+02,
3.057994995117187500e+02,
3.082010803222656250e+02,
3.352207946777343750e+02,
3.325304260253906250e+02,
3.266311950683593750e+02,
3.340321044921875000e+02,
3.622497253417968750e+02,
3.937786865234375000e+02,
4.112466125488281250e+02,
4.546365966796875000e+02,
4.593933105468750000e+02,
4.554360656738281250e+02,
4.373290100097656250e+02,
4.208112182617187500e+02,
3.837557983398437500e+02,
3.919517211914062500e+02,
3.614729309082031250e+02,
3.359409790039062500e+02,
3.391130065917968750e+02,
3.445603027343750000e+02,
3.646832580566406250e+02,
3.978300476074218750e+02,
4.577723388671875000e+02,
4.833226928710937500e+02,
4.681902770996093750e+02,
4.501610717773437500e+02,
4.147669982910156250e+02,
4.297185974121093750e+02,
4.218726196289062500e+02,
3.966054077148437500e+02,
3.810755004882812500e+02,
3.654066772460937500e+02,
3.741402893066406250e+02,
3.916007080078125000e+02,
4.089401855468750000e+02,
4.595409851074218750e+02,
4.787386779785156250e+02,
4.470203247070312500e+02,
4.619006347656250000e+02,
4.127113037109375000e+02,
3.977924499511718750e+02,
3.621219482421875000e+02,
3.455440063476562500e+02,
3.299520874023437500e+02,
2.934738769531250000e+02,
3.033056030273437500e+02,
6.859517822265625000e+02,
6.446054687500000000e+02,
6.686170043945312500e+02,
6.705176391601562500e+02,
6.042501220703125000e+02,
5.605463867187500000e+02,
5.363126831054687500e+02,
5.438869018554687500e+02,
4.986455993652343750e+02,
5.154025878906250000e+02,
4.922249755859375000e+02,
4.840190734863281250e+02,
4.797322692871093750e+02,
5.293280639648437500e+02,
5.345670166015625000e+02,
5.008333435058593750e+02,
4.882872009277343750e+02,
4.632607727050781250e+02,
4.516720886230468750e+02,
4.382087707519531250e+02,
4.492588195800781250e+02,
4.616807861328125000e+02,
4.496052856445312500e+02,
4.804367065429687500e+02,
4.910228271484375000e+02,
5.179409790039062500e+02,
5.286408691406250000e+02,
5.583454589843750000e+02,
6.250175170898437500e+02,
5.897435302734375000e+02,
5.744271240234375000e+02,
5.484153442382812500e+02,
5.045559997558593750e+02,
4.733607788085937500e+02,
4.642700805664062500e+02,
4.445809631347656250e+02,
4.604695434570312500e+02,
4.841336364746093750e+02,
4.998076782226562500e+02,
4.810505981445312500e+02,
4.740873107910156250e+02,
4.868198852539062500e+02,
4.830811462402343750e+02,
4.796787414550781250e+02,
4.425590515136718750e+02,
4.593611755371093750e+02,
3.790028686523437500e+02,
3.539653015136718750e+02,
3.478318786621093750e+02,
3.630143127441406250e+02,
4.484866943359375000e+02,
4.965173645019531250e+02,
5.695124511718750000e+02,
6.301685791015625000e+02,
6.833967895507812500e+02,
6.409030151367187500e+02,
6.142096557617187500e+02,
6.004870605468750000e+02,
5.667298583984375000e+02,
5.936950683593750000e+02,
5.851556396484375000e+02,
6.128381958007812500e+02,
6.203782348632812500e+02,
6.065841674804687500e+02,
6.107861328125000000e+02,
6.265982666015625000e+02,
6.706282958984375000e+02,
6.609577026367187500e+02,
6.919839477539062500e+02,
6.875184326171875000e+02,
6.753101196289062500e+02,
6.693820800781250000e+02,
6.812739868164062500e+02,
6.564873657226562500e+02,
6.661619262695312500e+02,
6.536824340820312500e+02,
6.347017211914062500e+02,
6.324111938476562500e+02,
6.148768920898437500e+02,
6.367231445312500000e+02,
6.292304687500000000e+02,
6.109608154296875000e+02,
6.739539184570312500e+02,
6.357771606445312500e+02,
6.143994750976562500e+02,
6.301783447265625000e+02,
5.984177246093750000e+02,
6.444852905273437500e+02,
6.394074707031250000e+02,
6.112583618164062500e+02,
6.650869750976562500e+02,
6.857820434570312500e+02,
6.959914550781250000e+02,
7.408135375976562500e+02,
7.127105102539062500e+02,
7.534526977539062500e+02,
7.332984008789062500e+02,
7.631900024414062500e+02,
7.489536743164062500e+02,
6.932231445312500000e+02,
6.664725952148437500e+02,
6.281541748046875000e+02,
6.557792358398437500e+02,
6.417665405273437500e+02,
6.515902099609375000e+02,
6.273966064453125000e+02,
6.453579711914062500e+02,
6.476290893554687500e+02,
6.615726928710937500e+02,
6.265565795898437500e+02,
6.508638305664062500e+02,
6.441713256835937500e+02,
6.087767944335937500e+02,
6.005570068359375000e+02,
5.806372680664062500e+02,
6.102239379882812500e+02,
5.857860717773437500e+02,
5.747747802734375000e+02,
5.575211791992187500e+02,
5.652292480468750000e+02,
5.872274169921875000e+02,
6.052676391601562500e+02,
5.993416137695312500e+02,
6.558286743164062500e+02,
5.936258544921875000e+02,
5.868858032226562500e+02,
5.638377075195312500e+02,
5.464375610351562500e+02,
5.191558227539062500e+02,
5.114272460937500000e+02,
4.936961364746093750e+02,
5.473428344726562500e+02,
5.651117553710937500e+02,
5.408145141601562500e+02,
5.254563598632812500e+02,
5.074182128906250000e+02,
4.961800231933593750e+02,
4.698917846679687500e+02,
4.632590637207031250e+02,
4.731255493164062500e+02,
4.369441528320312500e+02,
4.129020690917968750e+02,
4.040625915527343750e+02,
3.961969299316406250e+02,
3.952854614257812500e+02,
4.105958251953125000e+02,
4.142837524414062500e+02,
4.241130981445312500e+02,
4.004985351562500000e+02,
3.833017883300781250e+02,
4.048934020996093750e+02,
3.778727111816406250e+02,
3.651436767578125000e+02,
3.116081848144531250e+02,
2.772886962890625000e+02,
2.868923950195312500e+02,
2.664285888671875000e+02,
2.722483520507812500e+02,
2.825558166503906250e+02,
3.311317138671875000e+02,
2.793978881835937500e+02,
2.826276855468750000e+02,
2.936510925292968750e+02,
2.820268249511718750e+02,
2.818825378417968750e+02,
2.977771911621093750e+02,
2.993400573730468750e+02,
3.142273559570312500e+02,
3.026027832031250000e+02,
3.444112854003906250e+02,
3.583790283203125000e+02,
3.613284912109375000e+02,
3.938482360839843750e+02,
4.074277343750000000e+02,
4.199432678222656250e+02,
4.676168518066406250e+02,
4.864507446289062500e+02,
4.613860473632812500e+02,
4.764068908691406250e+02,
4.582428588867187500e+02,
4.038430175781250000e+02,
3.845396423339843750e+02,
4.139380798339843750e+02,
4.331141357421875000e+02,
4.649266967773437500e+02,
4.927726440429687500e+02,
5.219344482421875000e+02,
4.979510192871093750e+02,
4.744699096679687500e+02,
4.511007080078125000e+02,
3.945885009765625000e+02,
4.437141113281250000e+02,
4.686805725097656250e+02,
4.910414733886718750e+02,
5.226037597656250000e+02,
5.024161376953125000e+02,
4.702457885742187500e+02,
4.123576354980468750e+02,
3.892348022460937500e+02,
3.537248229980468750e+02,
