5.676732177734375000e+02,
5.679670410156250000e+02,
5.673537597656250000e+02,
5.592994995117187500e+02,
4.992724304199218750e+02,
4.976905822753906250e+02,
5.089843750000000000e+02,
5.227199096679687500e+02,
5.415552368164062500e+02,
5.553869018554687500e+02,
5.647924804687500000e+02,
5.735933837890625000e+02,
5.608678588867187500e+02,
5.429157714843750000e+02,
5.279487304687500000e+02,
5.079019165039062500e+02,
4.937134704589843750e+02,
4.755957336425781250e+02,
4.609625244140625000e+02,
4.483101196289062500e+02,
4.420717773437500000e+02,
4.379598388671875000e+02,
4.482991333007812500e+02,
4.614455261230468750e+02,
4.736478271484375000e+02,
4.822468261718750000e+02,
4.877303161621093750e+02,
4.937947998046875000e+02,
4.880456542968750000e+02,
4.911809997558593750e+02,
4.997419128417968750e+02,
4.927617492675781250e+02,
4.900363464355468750e+02,
4.895861816406250000e+02,
4.822420654296875000e+02,
4.897843322753906250e+02,
4.882162475585937500e+02,
4.938400878906250000e+02,
5.045143432617187500e+02,
5.088664550781250000e+02,
5.230664672851562500e+02,
5.339152221679687500e+02,
5.468511352539062500e+02,
5.544128417968750000e+02,
5.504406127929687500e+02,
5.386753540039062500e+02,
5.450982055664062500e+02,
5.479228515625000000e+02,
5.434537353515625000e+02,
5.520476684570312500e+02,
5.506777954101562500e+02,
5.519998168945312500e+02,
5.439282226562500000e+02,
5.564765014648437500e+02,
5.677879028320312500e+02,
5.831496582031250000e+02,
5.923662719726562500e+02,
6.055464477539062500e+02,
6.104672851562500000e+02,
5.975095214843750000e+02,
5.860647583007812500e+02,
5.757687377929687500e+02,
5.755433959960937500e+02,
5.887199096679687500e+02,
5.941345825195312500e+02,
5.935388793945312500e+02,
6.135415039062500000e+02,
6.345332641601562500e+02,
6.618707275390625000e+02,
6.631055297851562500e+02,
6.824372558593750000e+02,
6.757608642578125000e+02,
6.263738403320312500e+02,
6.264632568359375000e+02,
6.125526733398437500e+02,
5.772150268554687500e+02,
5.475736694335937500e+02,
5.344748535156250000e+02,
5.381932983398437500e+02,
5.436487426757812500e+02,
5.560336914062500000e+02,
5.706602783203125000e+02,
5.733284912109375000e+02,
5.606810302734375000e+02,
5.728037719726562500e+02,
5.821184082031250000e+02,
6.020441894531250000e+02,
6.306320800781250000e+02,
6.388353271484375000e+02,
6.449962158203125000e+02,
6.449594726562500000e+02,
6.393655395507812500e+02,
6.392007446289062500e+02,
6.594443969726562500e+02,
6.694936523437500000e+02,
6.812183227539062500e+02,
6.994452514648437500e+02,
6.995487670898437500e+02,
7.021417846679687500e+02,
6.953358154296875000e+02,
7.788461303710937500e+02,
7.717937011718750000e+02,
7.675645141601562500e+02,
7.375167236328125000e+02,
6.467053833007812500e+02,
6.296362304687500000e+02,
6.132459106445312500e+02,
6.147640991210937500e+02,
6.362858886718750000e+02,
6.401317749023437500e+02,
6.486488037109375000e+02,
6.914321899414062500e+02,
7.145889892578125000e+02,
7.421631469726562500e+02,
7.424860229492187500e+02,
7.355728759765625000e+02,
7.544195556640625000e+02,
7.665508422851562500e+02,
7.945871582031250000e+02,
8.218319091796875000e+02,
