3.079897766113281250e+02,
2.830466003417968750e+02,
2.705460510253906250e+02,
2.548780517578125000e+02,
2.077447357177734375e+02,
2.038013000488281250e+02,
2.015754852294921875e+02,
1.961448516845703125e+02,
1.935911254882812500e+02,
1.865673828125000000e+02,
1.797823028564453125e+02,
1.736225128173828125e+02,
1.738612060546875000e+02,
1.800919647216796875e+02,
1.874981689453125000e+02,
1.852845001220703125e+02,
1.932436981201171875e+02,
1.994732666015625000e+02,
2.069301147460937500e+02,
2.131768646240234375e+02,
2.199724884033203125e+02,
2.303840026855468750e+02,
2.415103607177734375e+02,
2.580049743652343750e+02,
2.728324279785156250e+02,
2.777622985839843750e+02,
2.751663818359375000e+02,
2.570882873535156250e+02,
2.442435455322265625e+02,
2.310668029785156250e+02,
2.201063385009765625e+02,
2.169108886718750000e+02,
2.168321380615234375e+02,
2.172707824707031250e+02,
2.157659759521484375e+02,
2.138531646728515625e+02,
2.128248596191406250e+02,
2.100005187988281250e+02,
2.064596862792968750e+02,
2.043153839111328125e+02,
1.918849792480468750e+02,
1.749602661132812500e+02,
1.667447967529296875e+02,
1.661617889404296875e+02,
1.641599578857421875e+02,
1.681187438964843750e+02,
1.731022338867187500e+02,
1.689128417968750000e+02,
1.648028259277343750e+02,
1.648878021240234375e+02,
1.637946319580078125e+02,
1.612349548339843750e+02,
1.610539398193359375e+02,
1.549892578125000000e+02,
1.489713745117187500e+02,
1.457179412841796875e+02,
1.430900421142578125e+02,
1.376407775878906250e+02,
1.372771301269531250e+02,
1.342312316894531250e+02,
1.317722320556640625e+02,
1.298666839599609375e+02,
1.322132720947265625e+02,
1.335442810058593750e+02,
1.321690368652343750e+02,
1.300830841064453125e+02,
1.283033447265625000e+02,
1.257453460693359375e+02,
1.247677307128906250e+02,
1.273905410766601562e+02,
1.262286224365234375e+02,
1.249848403930664062e+02,
1.229160461425781250e+02,
1.213949050903320312e+02,
1.179951934814453125e+02,
1.170139541625976562e+02,
1.159965133666992188e+02,
1.134774017333984375e+02,
1.122121734619140625e+02,
1.125205154418945312e+02,
1.121386184692382812e+02,
1.140737686157226562e+02,
1.152576980590820312e+02,
1.139274673461914062e+02,
1.122629241943359375e+02,
1.107332839965820312e+02,
1.089458236694335938e+02,
1.054828109741210938e+02,
1.020757598876953125e+02,
9.900948333740234375e+01,
9.690886688232421875e+01,
9.675111389160156250e+01,
9.904224395751953125e+01,
1.001051254272460938e+02,
1.017464447021484375e+02,
1.016002578735351562e+02,
1.010329513549804688e+02,
1.029309463500976562e+02,
1.051134567260742188e+02,
1.047749481201171875e+02,
1.041367187500000000e+02,
1.052170257568359375e+02,
1.045529708862304688e+02,
1.045376281738281250e+02,
1.056466445922851562e+02,
1.045613861083984375e+02,
1.050596389770507812e+02,
1.038444290161132812e+02,
1.034286422729492188e+02,
1.029548950195312500e+02,
1.019041748046875000e+02,
1.010588150024414062e+02,
9.950543975830078125e+01,
1.002291641235351562e+02,
1.018207473754882812e+02,
1.042345504760742188e+02,
1.055785140991210938e+02,
1.063450698852539062e+02,
1.063255615234375000e+02,
1.062893676757812500e+02,
1.071730346679687500e+02,
1.099817352294921875e+02,
1.107859725952148438e+02,
1.102124252319335938e+02,
1.113763198852539062e+02,
1.099743957519531250e+02,
1.118809280395507812e+02,
1.138516235351562500e+02,
1.160466232299804688e+02,
1.174883117675781250e+02,
1.180545501708984375e+02,
1.151065521240234375e+02,
1.105925750732421875e+02,
1.067714004516601562e+02,
1.019562911987304688e+02,
9.865080261230468750e+01,
9.320281982421875000e+01,
9.035604858398437500e+01,
8.850516510009765625e+01,
8.808770751953125000e+01,
8.914654541015625000e+01,
9.120326995849609375e+01,
9.120568084716796875e+01,
9.164500427246093750e+01,
9.478872680664062500e+01,
9.997205352783203125e+01,
1.067579574584960938e+02,
1.136777877807617188e+02,
1.182821655273437500e+02,
1.211292343139648438e+02,
1.253795776367187500e+02,
1.276719207763671875e+02,
1.291607208251953125e+02,
1.317258911132812500e+02,
1.334304199218750000e+02,
1.318539886474609375e+02,
1.283694763183593750e+02,
1.220771789550781250e+02,
1.158519897460937500e+02,
1.093117370605468750e+02,
1.066091384887695312e+02,
1.038038558959960938e+02,
1.017167892456054688e+02,
1.036241531372070312e+02,
1.051125335693359375e+02,
1.031901550292968750e+02,
1.020258636474609375e+02,
1.007844314575195312e+02,
9.956322479248046875e+01,
9.648799133300781250e+01,
9.450238037109375000e+01,
9.139250183105468750e+01,
9.119775390625000000e+01,
9.209902954101562500e+01,
9.409027099609375000e+01,
9.873715209960937500e+01,
1.033264465332031250e+02,
1.054467086791992188e+02,
1.076373214721679688e+02,
1.065717544555664062e+02,
1.058884429931640625e+02,
1.056672363281250000e+02,
1.111076278686523438e+02,
1.118405609130859375e+02,
1.114750823974609375e+02,
1.104649047851562500e+02,
1.080792694091796875e+02,
1.019625091552734375e+02,
1.008777999877929688e+02,
1.024756240844726562e+02,
1.030095520019531250e+02,
1.059248886108398438e+02,
1.079184570312500000e+02,
1.137749404907226562e+02,
1.167450637817382812e+02,
1.214633102416992188e+02,
1.275270614624023438e+02,
1.351663665771484375e+02,
1.386457977294921875e+02,
1.355901489257812500e+02,
1.307861633300781250e+02,
1.260221862792968750e+02,
1.222701187133789062e+02,
1.190208511352539062e+02,
1.214513168334960938e+02,
1.219346389770507812e+02,
1.217488098144531250e+02,
1.238975067138671875e+02,
1.269703140258789062e+02,
1.270692901611328125e+02,
1.239515304565429688e+02,
1.207584609985351562e+02,
1.180791015625000000e+02,
1.167325897216796875e+02,
1.172240066528320312e+02,
1.204230880737304688e+02,
1.240093154907226562e+02,
1.263248672485351562e+02,
1.279131698608398438e+02,
1.275541305541992188e+02,
1.284032135009765625e+02,
1.251325912475585938e+02,
1.261000595092773438e+02,
1.241250076293945312e+02,
1.246364974975585938e+02,
1.243820953369140625e+02,
1.242522277832031250e+02,
1.244523162841796875e+02,
1.282995910644531250e+02,
1.294014434814453125e+02,
1.369523468017578125e+02,
1.390940551757812500e+02,
1.419967346191406250e+02,
1.456062469482421875e+02,
1.486276092529296875e+02,
1.536835632324218750e+02,
1.519295654296875000e+02,
1.490399475097656250e+02,
1.453156433105468750e+02,
1.399585723876953125e+02,
1.370348052978515625e+02,
1.339392700195312500e+02,
1.327105712890625000e+02,
1.348005065917968750e+02,
1.357918243408203125e+02,
1.381242980957031250e+02,
1.381342468261718750e+02,
1.416546325683593750e+02,
1.435202178955078125e+02,
1.444681091308593750e+02,
1.484530792236328125e+02,
1.471726226806640625e+02,
1.465667877197265625e+02,
1.466940155029296875e+02,
1.487493286132812500e+02,
1.475241851806640625e+02,
1.460302734375000000e+02,
1.457498016357421875e+02,
1.489125823974609375e+02,
1.515193176269531250e+02,
1.526719970703125000e+02,
1.561334228515625000e+02,
1.580759887695312500e+02,
1.575258026123046875e+02,
1.558126983642578125e+02,
1.577208251953125000e+02,
1.599019622802734375e+02,
1.611741790771484375e+02,
1.599160614013671875e+02,
1.611431732177734375e+02,
1.591423034667968750e+02,
1.558152465820312500e+02,
1.537265777587890625e+02,
1.505377197265625000e+02,
1.445168304443359375e+02,
1.415700988769531250e+02,
1.405517120361328125e+02,
1.427342681884765625e+02,
1.465617980957031250e+02,
1.482471923828125000e+02,
1.494932556152343750e+02,
1.474898376464843750e+02,
1.478862152099609375e+02,
1.476132812500000000e+02,
1.503098602294921875e+02,
1.531244506835937500e+02,
1.573295593261718750e+02,
1.593790740966796875e+02,
1.588656463623046875e+02,
1.575704650878906250e+02,
1.580105133056640625e+02,
1.569855499267578125e+02,
1.565311431884765625e+02,
1.521642456054687500e+02,
1.486509094238281250e+02,
1.472419738769531250e+02,
1.477917327880859375e+02,
1.455380554199218750e+02,
1.479618072509765625e+02,
1.489003295898437500e+02,
1.505894622802734375e+02,
1.484969329833984375e+02,
1.459494171142578125e+02,
1.432633361816406250e+02,
1.410829010009765625e+02,
1.403596649169921875e+02,
1.346038970947265625e+02,
1.329657897949218750e+02,
1.279053955078125000e+02,
1.239829330444335938e+02,
1.186150360107421875e+02,
1.123130493164062500e+02,
1.097970199584960938e+02,
1.069999237060546875e+02,
1.052437133789062500e+02,
1.053177261352539062e+02,
1.078142700195312500e+02,
1.102138900756835938e+02,
1.127769851684570312e+02,
1.146200637817382812e+02,
1.169224014282226562e+02,
1.201065521240234375e+02,
1.242966918945312500e+02,
1.257406082153320312e+02,
1.301366577148437500e+02,
1.348874664306640625e+02,
1.371757202148437500e+02,
1.367124481201171875e+02,
1.381675415039062500e+02,
1.359398345947265625e+02,
1.368704833984375000e+02,
1.364924163818359375e+02,
1.386949615478515625e+02,
1.451052703857421875e+02,
1.512837524414062500e+02,
1.545202636718750000e+02,
1.583629455566406250e+02,
1.621662139892578125e+02,
1.605725097656250000e+02,
1.539756469726562500e+02,
1.466487121582031250e+02,
1.410099029541015625e+02,
1.341377105712890625e+02,
1.295676422119140625e+02,
1.271390304565429688e+02,
1.299468536376953125e+02,
1.336476898193359375e+02,
1.375157775878906250e+02,
1.404314270019531250e+02,
1.423199005126953125e+02,
1.467606506347656250e+02,
1.450847778320312500e+02,
1.446331176757812500e+02,
1.410152587890625000e+02,
1.374194030761718750e+02,
1.354336853027343750e+02,
1.306942901611328125e+02,
1.263623428344726562e+02,
1.247287597656250000e+02,
1.236062622070312500e+02,
1.249249343872070312e+02,
1.266466293334960938e+02,
1.256002578735351562e+02,
1.249153518676757812e+02,
1.209804458618164062e+02,
1.173751525878906250e+02,
2.056292572021484375e+02,
4.384820251464843750e+02,
7.221954345703125000e+02,
1.046333740234375000e+03,
1.448285400390625000e+03,
1.783233398437500000e+03,
2.065688964843750000e+03,
2.261519531250000000e+03,
2.317956542968750000e+03,
2.186539062500000000e+03,
1.870437377929687500e+03,
1.559475219726562500e+03,
1.332546386718750000e+03,
1.146086181640625000e+03,
1.047189453125000000e+03,
1.030898559570312500e+03,
1.032974731445312500e+03,
1.034274047851562500e+03,
9.740722656250000000e+02,
8.717668457031250000e+02,
8.189551391601562500e+02,
7.823045043945312500e+02,
7.137820434570312500e+02,
6.720504150390625000e+02,
6.424744262695312500e+02,
6.614836425781250000e+02,
6.772095947265625000e+02,
7.018818359375000000e+02,
6.937483520507812500e+02,
6.800234985351562500e+02,
6.315241088867187500e+02,
5.865993041992187500e+02,
5.472279052734375000e+02,
5.150961914062500000e+02,
4.970237426757812500e+02,
4.691225280761718750e+02,
4.668651428222656250e+02,
4.558737792968750000e+02,
4.501845092773437500e+02,
4.494037780761718750e+02,
4.388112792968750000e+02,
4.331824340820312500e+02,
4.105635375976562500e+02,
3.968795166015625000e+02,
3.770482482910156250e+02,
3.755381469726562500e+02,
3.641768188476562500e+02,
3.623559875488281250e+02,
3.695054931640625000e+02,
3.618292236328125000e+02,
3.565871276855468750e+02,
3.845735778808593750e+02,
3.959944152832031250e+02,
3.846323852539062500e+02,
3.691961364746093750e+02,
3.463924560546875000e+02,
3.396810913085937500e+02,
3.457013854980468750e+02,
3.859511413574218750e+02,
4.044733276367187500e+02,
4.235053710937500000e+02,
4.127973022460937500e+02,
3.957927856445312500e+02,
3.673914794921875000e+02,
3.409426269531250000e+02,
3.170166625976562500e+02,
2.914235229492187500e+02,
2.736050415039062500e+02,
2.689798889160156250e+02,
2.743942871093750000e+02,
3.004837646484375000e+02,
3.024985046386718750e+02,
3.087525939941406250e+02,
3.125878906250000000e+02,
3.144489135742187500e+02,
2.980288696289062500e+02,
3.039805603027343750e+02,
3.039794006347656250e+02,
3.001675415039062500e+02,
2.996902160644531250e+02,
2.995165710449218750e+02,
2.856104431152343750e+02,
2.796624755859375000e+02,
2.746278381347656250e+02,
2.796718750000000000e+02,
2.884379882812500000e+02,
3.088222045898437500e+02,
3.191598205566406250e+02,
3.217949218750000000e+02,
3.066028137207031250e+02,
2.894005126953125000e+02,
2.805570983886718750e+02,
2.880003356933593750e+02,
2.942288208007812500e+02,
3.176436462402343750e+02,
3.448751220703125000e+02,
3.545177917480468750e+02,
3.599610900878906250e+02,
3.617614440917968750e+02,
3.537950744628906250e+02,
3.582051391601562500e+02,
3.806430664062500000e+02,
4.086023864746093750e+02,
4.528704223632812500e+02,
5.086247253417968750e+02,
5.430012207031250000e+02,
5.574403076171875000e+02,
5.460611572265625000e+02,
4.970936279296875000e+02,
4.375326843261718750e+02,
3.769414367675781250e+02,
3.247591247558593750e+02,
2.972303466796875000e+02,
3.047170715332031250e+02,
3.251521911621093750e+02,
3.485872802734375000e+02,
3.827378845214843750e+02,
4.052143249511718750e+02,
4.118452148437500000e+02,
4.144183349609375000e+02,
4.032760925292968750e+02,
3.839169616699218750e+02,
3.631732177734375000e+02,
3.435664978027343750e+02,
3.249634094238281250e+02,
3.340743103027343750e+02,
3.684244995117187500e+02,
4.077752990722656250e+02,
4.483779296875000000e+02,
4.791109313964843750e+02,
4.654801940917968750e+02,
4.241322631835937500e+02,
3.729192504882812500e+02,
3.210063781738281250e+02,
2.826957397460937500e+02,
2.556815795898437500e+02,
2.361916809082031250e+02,
2.283333129882812500e+02,
2.268649291992187500e+02,
2.265954742431640625e+02,
2.291806640625000000e+02,
2.333182067871093750e+02,
2.355301055908203125e+02,
2.349179534912109375e+02,
2.219792175292968750e+02,
2.067151489257812500e+02,
1.887075500488281250e+02,
1.851344757080078125e+02,
1.797027282714843750e+02,
1.802732391357421875e+02,
1.751988220214843750e+02,
1.748575286865234375e+02,
1.716449432373046875e+02,
1.701567382812500000e+02,
1.749136047363281250e+02,
1.844439392089843750e+02,
1.920931549072265625e+02,
2.029256286621093750e+02,
2.105201873779296875e+02,
2.151280517578125000e+02,
2.184287261962890625e+02,
2.213741455078125000e+02,
2.177258453369140625e+02,
2.170827026367187500e+02,
2.111103515625000000e+02,
2.051283569335937500e+02,
2.030881347656250000e+02,
2.007411956787109375e+02,
1.971374511718750000e+02,
1.962816925048828125e+02,
1.944480285644531250e+02,
1.958415222167968750e+02,
1.985137786865234375e+02,
2.004230651855468750e+02,
1.977463989257812500e+02,
1.932213134765625000e+02,
1.887260437011718750e+02,
1.863164062500000000e+02,
1.812514343261718750e+02,
3.488524780273437500e+02,
3.334025878906250000e+02,
3.074783630371093750e+02,
2.736627502441406250e+02,
2.238481597900390625e+02,
2.212741241455078125e+02,
2.239796752929687500e+02,
2.363252868652343750e+02,
2.576380615234375000e+02,
2.768226013183593750e+02,
2.926786499023437500e+02,
3.044460449218750000e+02,
3.043647155761718750e+02,
3.003207702636718750e+02,
2.815941162109375000e+02,
2.587390441894531250e+02,
2.558628234863281250e+02,
2.494573364257812500e+02,
2.358922576904296875e+02,
2.252600708007812500e+02,
2.149500579833984375e+02,
2.012093811035156250e+02,
2.002495880126953125e+02,
1.951246185302734375e+02,
1.903055419921875000e+02,
1.822410430908203125e+02,
1.746863098144531250e+02,
1.655669097900390625e+02,
1.590810852050781250e+02,
1.550542907714843750e+02,
1.530795135498046875e+02,
1.502328491210937500e+02,
1.480722198486328125e+02,
1.460462341308593750e+02,
1.414055328369140625e+02,
1.373807830810546875e+02,
1.332540283203125000e+02,
1.298362579345703125e+02,
1.263895645141601562e+02,
1.226030197143554688e+02,
1.214192428588867188e+02,
1.202912826538085938e+02,
1.161929931640625000e+02,
1.103512344360351562e+02,
1.073919677734375000e+02,
1.061174545288085938e+02,
1.073885498046875000e+02,
1.098234939575195312e+02,
1.115592651367187500e+02,
1.129558029174804688e+02,
1.124019165039062500e+02,
1.113370666503906250e+02,
1.116377410888671875e+02,
1.122349700927734375e+02,
1.110879211425781250e+02,
1.132874069213867188e+02,
1.144219589233398438e+02,
1.140674591064453125e+02,
1.171797561645507812e+02,
1.207340850830078125e+02,
1.230708923339843750e+02,
1.266975555419921875e+02,
1.291202850341796875e+02,
1.273978042602539062e+02,
1.258329696655273438e+02,
1.209314804077148438e+02,
1.127509384155273438e+02,
1.049499664306640625e+02,
9.931134033203125000e+01,
9.770359039306640625e+01,
1.022789001464843750e+02,
1.141169891357421875e+02,
1.220898818969726562e+02,
1.331074676513671875e+02,
1.433141326904296875e+02,
1.514928894042968750e+02,
1.501124114990234375e+02,
1.430498809814453125e+02,
1.376925354003906250e+02,
1.287879486083984375e+02,
1.194692153930664062e+02,
1.149816970825195312e+02,
1.139288635253906250e+02,
1.094609222412109375e+02,
1.080680694580078125e+02,
1.076777114868164062e+02,
1.113893127441406250e+02,
1.125818939208984375e+02,
1.152216415405273438e+02,
1.212799148559570312e+02,
1.202708740234375000e+02,
1.208612747192382812e+02,
1.208008956909179688e+02,
1.232260818481445312e+02,
1.236446380615234375e+02,
1.297110900878906250e+02,
1.401582946777343750e+02,
1.475518188476562500e+02,
1.472021789550781250e+02,
1.505914459228515625e+02,
1.541680603027343750e+02,
1.514696350097656250e+02,
1.496638031005859375e+02,
1.507792510986328125e+02,
1.503720550537109375e+02,
1.491239929199218750e+02,
1.501882476806640625e+02,
1.494441528320312500e+02,
1.520867767333984375e+02,
1.511049194335937500e+02,
1.482751159667968750e+02,
1.497220306396484375e+02,
1.527183380126953125e+02,
1.580661163330078125e+02,
1.670903472900390625e+02,
1.767708892822265625e+02,
1.788590393066406250e+02,
1.787363128662109375e+02,
1.741148223876953125e+02,
1.668975372314453125e+02,
1.608512573242187500e+02,
1.612252655029296875e+02,
1.660790100097656250e+02,
1.682050781250000000e+02,
1.730574645996093750e+02,
1.756646270751953125e+02,
1.729863739013671875e+02,
1.795216217041015625e+02,
1.854395141601562500e+02,
1.897527160644531250e+02,
1.959671783447265625e+02,
1.961238250732421875e+02,
1.959666137695312500e+02,
1.950417327880859375e+02,
1.952346954345703125e+02,
1.899288940429687500e+02,
1.884492187500000000e+02,
1.838431396484375000e+02,
1.833229675292968750e+02,
1.851712951660156250e+02,
1.921706390380859375e+02,
1.904764404296875000e+02,
1.929716186523437500e+02,
1.970431671142578125e+02,
1.950832214355468750e+02,
1.863538208007812500e+02,
1.853324737548828125e+02,
1.819362945556640625e+02,
1.807200775146484375e+02,
1.774427795410156250e+02,
1.788273468017578125e+02,
1.729857177734375000e+02,
1.654042816162109375e+02,
1.524445343017578125e+02,
1.436516723632812500e+02,
1.323189697265625000e+02,
1.289919586181640625e+02,
1.286388854980468750e+02,
1.336557464599609375e+02,
1.434706726074218750e+02,
1.539627532958984375e+02,
1.599034118652343750e+02,
1.648899993896484375e+02,
1.695314331054687500e+02,
1.733153228759765625e+02,
1.772517700195312500e+02,
1.850846862792968750e+02,
1.869643096923828125e+02,
1.859447174072265625e+02,
1.801644592285156250e+02,
1.710453796386718750e+02,
1.681591033935546875e+02,
1.659209594726562500e+02,
1.695041961669921875e+02,
1.738747253417968750e+02,
1.736634979248046875e+02,
1.684192504882812500e+02,
1.614098663330078125e+02,
1.590597839355468750e+02,
1.508423461914062500e+02,
1.483344421386718750e+02,
3.298540039062500000e+02,
8.485253906250000000e+02,
1.575097412109375000e+03,
2.183793457031250000e+03,
2.853375000000000000e+03,
2.926105957031250000e+03,
2.792968017578125000e+03,
2.496033203125000000e+03,
2.021161010742187500e+03,
1.722194213867187500e+03,
1.535168945312500000e+03,
1.305699707031250000e+03,
1.034532226562500000e+03,
1.013167541503906250e+03,
9.741534423828125000e+02,
9.200786132812500000e+02,
8.994934082031250000e+02,
7.599923706054687500e+02,
6.319903564453125000e+02,
5.728432006835937500e+02,
5.719326171875000000e+02,
5.138055419921875000e+02,
4.994446411132812500e+02,
4.780402832031250000e+02,
4.434789123535156250e+02,
4.391788635253906250e+02,
4.672297973632812500e+02,
4.367096862792968750e+02,
4.450113525390625000e+02,
4.772842407226562500e+02,
4.736003417968750000e+02,
4.645488281250000000e+02,
4.574515075683593750e+02,
4.143125610351562500e+02,
3.713940429687500000e+02,
3.440625000000000000e+02,
3.341520996093750000e+02,
3.380825500488281250e+02,
3.394797058105468750e+02,
3.449631958007812500e+02,
3.329183349609375000e+02,
3.191138916015625000e+02,
3.205258789062500000e+02,
3.253157653808593750e+02,
3.176474914550781250e+02,
3.195028991699218750e+02,
3.370316162109375000e+02,
3.488137207031250000e+02,
3.572381896972656250e+02,
3.723655395507812500e+02,
3.955397033691406250e+02,
4.374137268066406250e+02,
4.899097900390625000e+02,
5.148882446289062500e+02,
5.105777282714843750e+02,
4.804586791992187500e+02,
4.331579895019531250e+02,
3.966164550781250000e+02,
3.851885070800781250e+02,
3.989888000488281250e+02,
4.088896484375000000e+02,
4.076530761718750000e+02,
3.940686950683593750e+02,
4.072286376953125000e+02,
4.240771484375000000e+02,
4.256596069335937500e+02,
4.182732238769531250e+02,
3.962142944335937500e+02,
3.400637207031250000e+02,
2.907247314453125000e+02,
2.764196166992187500e+02,
2.745244445800781250e+02,
2.715340881347656250e+02,
2.618550720214843750e+02,
2.415889739990234375e+02,
2.207766876220703125e+02,
2.118077545166015625e+02,
2.157341308593750000e+02,
2.219055175781250000e+02,
2.404108886718750000e+02,
2.497497558593750000e+02,
2.537805175781250000e+02,
2.550642852783203125e+02,
2.525312805175781250e+02,
2.445767517089843750e+02,
2.388331298828125000e+02,
2.357119750976562500e+02,
2.305057067871093750e+02,
2.267349853515625000e+02,
2.199573059082031250e+02,
3.694212341308593750e+02,
3.569717712402343750e+02,
3.473260803222656250e+02,
3.075772094726562500e+02,
2.756265563964843750e+02,
3.041345825195312500e+02,
3.259692077636718750e+02,
3.262965698242187500e+02,
3.324065246582031250e+02,
3.216935424804687500e+02,
2.927545166015625000e+02,
2.703572387695312500e+02,
2.600504150390625000e+02,
2.418878021240234375e+02,
2.281945953369140625e+02,
2.110539245605468750e+02,
2.026568450927734375e+02,
1.918165588378906250e+02,
1.839367675781250000e+02,
1.734066467285156250e+02,
1.651599578857421875e+02,
1.623022308349609375e+02,
1.537137756347656250e+02,
1.484213256835937500e+02,
1.406378784179687500e+02,
1.352123565673828125e+02,
1.277311706542968750e+02,
1.236125030517578125e+02,
1.192234344482421875e+02,
1.152664566040039062e+02,
1.159231643676757812e+02,
1.179217529296875000e+02,
1.191018371582031250e+02,
1.187127914428710938e+02,
1.175350265502929688e+02,
1.226221160888671875e+02,
1.235024185180664062e+02,
1.254005432128906250e+02,
1.270502853393554688e+02,
1.341040802001953125e+02,
1.412463989257812500e+02,
1.416487884521484375e+02,
1.332303009033203125e+02,
1.257839431762695312e+02,
1.180129623413085938e+02,
1.114318847656250000e+02,
1.194215850830078125e+02,
1.324987182617187500e+02,
1.477176055908203125e+02,
1.629551849365234375e+02,
1.622078399658203125e+02,
1.593930511474609375e+02,
1.492006072998046875e+02,
1.344477691650390625e+02,
1.239183425903320312e+02,
1.238055877685546875e+02,
1.258797149658203125e+02,
1.242204055786132812e+02,
1.280738983154296875e+02,
1.312270202636718750e+02,
1.331627655029296875e+02,
1.389767456054687500e+02,
1.459424896240234375e+02,
1.514909057617187500e+02,
1.583211212158203125e+02,
1.692127532958984375e+02,
1.777112121582031250e+02,
1.789400939941406250e+02,
1.765938262939453125e+02,
1.830056304931640625e+02,
1.838985290527343750e+02,
1.810810699462890625e+02,
1.837654724121093750e+02,
1.842308044433593750e+02,
1.861909027099609375e+02,
2.007106933593750000e+02,
2.032890472412109375e+02,
2.052104644775390625e+02,
2.012676391601562500e+02,
1.978250122070312500e+02,
1.915151977539062500e+02,
1.926195983886718750e+02,
1.995632324218750000e+02,
2.046916809082031250e+02,
2.128949127197265625e+02,
2.250983276367187500e+02,
2.362028656005859375e+02,
2.393487548828125000e+02,
2.378616027832031250e+02,
2.276740112304687500e+02,
2.399544372558593750e+02,
2.303394470214843750e+02,
2.389568786621093750e+02,
2.350960693359375000e+02,
2.375440826416015625e+02,
2.313036804199218750e+02,
2.267144165039062500e+02,
2.233909301757812500e+02,
2.100087738037109375e+02,
2.053355560302734375e+02,
1.975322418212890625e+02,
1.817137908935546875e+02,
1.643758850097656250e+02,
1.559243164062500000e+02,
1.531985168457031250e+02,
1.649451446533203125e+02,
1.785159454345703125e+02,
1.895962524414062500e+02,
2.054962768554687500e+02,
2.168125457763671875e+02,
2.176505584716796875e+02,
2.157299041748046875e+02,
2.146347503662109375e+02,
2.092297058105468750e+02,
2.049320831298828125e+02,
2.000238647460937500e+02,
2.013247985839843750e+02,
1.986382141113281250e+02,
1.878963928222656250e+02,
2.590055541992187500e+02,
9.886010742187500000e+02,
1.930614135742187500e+03,
2.877583984375000000e+03,
3.270332031250000000e+03,
3.617741455078125000e+03,
3.099436279296875000e+03,
2.416713378906250000e+03,
1.868071533203125000e+03,
1.634443359375000000e+03,
1.312416381835937500e+03,
1.103355224609375000e+03,
1.021283630371093750e+03,
8.151279907226562500e+02,
6.709301147460937500e+02,
6.161538085937500000e+02,
5.689470825195312500e+02,
5.516416625976562500e+02,
5.050867004394531250e+02,
5.380444335937500000e+02,
5.478319091796875000e+02,
5.438214111328125000e+02,
5.016405944824218750e+02,
4.765926208496093750e+02,
4.361511840820312500e+02,
3.832422180175781250e+02,
3.682164916992187500e+02,
3.658856811523437500e+02,
3.670334167480468750e+02,
3.684833374023437500e+02,
3.506766357421875000e+02,
3.632657470703125000e+02,
3.942288513183593750e+02,
4.142627868652343750e+02,
4.420714416503906250e+02,
4.998623962402343750e+02,
5.130093994140625000e+02,
4.856504821777343750e+02,
4.873884582519531250e+02,
4.690511474609375000e+02,
4.290975952148437500e+02,
4.067333984375000000e+02,
4.312155761718750000e+02,
4.460562744140625000e+02,
4.245327148437500000e+02,
4.001215515136718750e+02,
3.880541381835937500e+02,
3.557900695800781250e+02,
3.256719055175781250e+02,
3.084289245605468750e+02,
2.900504455566406250e+02,
2.746614379882812500e+02,
2.659183654785156250e+02,
2.798069152832031250e+02,
2.894873657226562500e+02,
2.924960327148437500e+02,
2.893027343750000000e+02,
2.890980224609375000e+02,
2.726083374023437500e+02,
2.616013793945312500e+02,
