4.858117065429687500e+02,
4.594694213867187500e+02,
4.341508178710937500e+02,
4.074923400878906250e+02,
3.690991516113281250e+02,
3.742981262207031250e+02,
4.409720764160156250e+02,
4.385258789062500000e+02,
4.213154296875000000e+02,
4.104498596191406250e+02,
4.382837524414062500e+02,
4.193758850097656250e+02,
4.577853393554687500e+02,
7.161873168945312500e+02,
7.173078613281250000e+02,
5.852676391601562500e+02,
5.999465332031250000e+02,
8.942923583984375000e+02,
1.105348999023437500e+03,
1.298534423828125000e+03,
1.405510253906250000e+03,
1.132564086914062500e+03,
8.672957153320312500e+02,
5.154494018554687500e+02,
4.698284301757812500e+02,
5.364474487304687500e+02,
5.118163146972656250e+02,
3.887632446289062500e+02,
3.969862976074218750e+02,
3.849089965820312500e+02,
3.369042358398437500e+02,
3.419765930175781250e+02,
3.389692993164062500e+02,
3.029023437500000000e+02,
2.849518127441406250e+02,
2.627407836914062500e+02,
2.825166015625000000e+02,
3.323347473144531250e+02,
3.430056762695312500e+02,
3.340030822753906250e+02,
3.324560852050781250e+02,
3.907464294433593750e+02,
4.548500671386718750e+02,
4.818446960449218750e+02,
4.096068115234375000e+02,
3.307796630859375000e+02,
3.761145629882812500e+02,
4.252992553710937500e+02,
4.298202514648437500e+02,
4.375247192382812500e+02,
4.879985351562500000e+02,
4.855889892578125000e+02,
4.411725769042968750e+02,
