2.479497222900390625e+02,
2.402847290039062500e+02,
2.292167053222656250e+02,
2.173278656005859375e+02,
1.910705566406250000e+02,
1.951162567138671875e+02,
2.052244720458984375e+02,
2.125282592773437500e+02,
2.175913085937500000e+02,
2.178915100097656250e+02,
2.170165557861328125e+02,
2.087207946777343750e+02,
1.994058532714843750e+02,
1.915865173339843750e+02,
1.894397430419921875e+02,
1.907418365478515625e+02,
1.915382385253906250e+02,
1.889688568115234375e+02,
1.878974456787109375e+02,
1.838334503173828125e+02,
1.785032806396484375e+02,
1.755228424072265625e+02,
1.683698730468750000e+02,
1.626301727294921875e+02,
1.609949340820312500e+02,
1.590059814453125000e+02,
1.575275573730468750e+02,
1.583697967529296875e+02,
1.610606994628906250e+02,
1.616000976562500000e+02,
1.662875213623046875e+02,
1.732164611816406250e+02,
1.758617858886718750e+02,
1.750252532958984375e+02,
1.749159545898437500e+02,
1.785735473632812500e+02,
1.774257507324218750e+02,
1.772935638427734375e+02,
1.771436767578125000e+02,
1.747536926269531250e+02,
1.711719512939453125e+02,
1.664359741210937500e+02,
1.625652923583984375e+02,
1.625489959716796875e+02,
1.684558105468750000e+02,
1.742183837890625000e+02,
1.873042144775390625e+02,
1.980497436523437500e+02,
2.066795806884765625e+02,
2.129321289062500000e+02,
2.095166168212890625e+02,
2.024197998046875000e+02,
1.942822570800781250e+02,
1.812073669433593750e+02,
1.748227081298828125e+02,
1.624239654541015625e+02,
1.532887268066406250e+02,
1.480326080322265625e+02,
1.475244903564453125e+02,
1.520335693359375000e+02,
1.549068145751953125e+02,
1.612562713623046875e+02,
1.639459228515625000e+02,
1.629454345703125000e+02,
1.611110687255859375e+02,
1.595012664794921875e+02,
1.553702697753906250e+02,
1.532200012207031250e+02,
1.514470672607421875e+02,
1.477084808349609375e+02,
1.493601074218750000e+02,
1.502110443115234375e+02,
1.518815460205078125e+02,
1.540823059082031250e+02,
1.565318145751953125e+02,
1.607757873535156250e+02,
1.630456542968750000e+02,
1.672360687255859375e+02,
1.766839294433593750e+02,
1.856718444824218750e+02,
1.950910339355468750e+02,
2.016757354736328125e+02,
2.067822113037109375e+02,
2.125881195068359375e+02,
2.137237243652343750e+02,
2.088070526123046875e+02,
2.046483306884765625e+02,
2.033334350585937500e+02,
1.969386138916015625e+02,
1.904627227783203125e+02,
1.883118133544921875e+02,
1.879163818359375000e+02,
1.858961181640625000e+02,
1.823865051269531250e+02,
1.779556121826171875e+02,
1.714997406005859375e+02,
1.705678100585937500e+02,
1.729418487548828125e+02,
1.722014923095703125e+02,
1.723285369873046875e+02,
1.724229431152343750e+02,
1.687295074462890625e+02,
1.649780273437500000e+02,
1.614881744384765625e+02,
1.592895660400390625e+02,
1.526563720703125000e+02,
1.456614990234375000e+02,
1.377012023925781250e+02,
1.318016815185546875e+02,
1.316080627441406250e+02,
1.374811248779296875e+02,
1.440504913330078125e+02,
1.523532257080078125e+02,
1.611221008300781250e+02,
1.682314453125000000e+02,
1.766659851074218750e+02,
1.848724212646484375e+02,
1.870034942626953125e+02,
1.887775115966796875e+02,
1.885768890380859375e+02,
1.869140777587890625e+02,
1.852610778808593750e+02,
1.835065155029296875e+02,
1.798770904541015625e+02,
1.789419250488281250e+02,
1.734846038818359375e+02,
1.703217010498046875e+02,
1.670252838134765625e+02,
1.679029846191406250e+02,
1.669182281494140625e+02,
1.657798767089843750e+02,
1.635833435058593750e+02,
1.593669891357421875e+02,
1.556595764160156250e+02,
1.527017669677734375e+02,
1.447678833007812500e+02,
1.409511108398437500e+02,
1.372105255126953125e+02,
1.341638488769531250e+02,
1.308020935058593750e+02,
1.281529083251953125e+02,
1.246571655273437500e+02,
1.198607559204101562e+02,
1.160948028564453125e+02,
1.142621612548828125e+02,
1.112091827392578125e+02,
1.104819335937500000e+02,
1.111533889770507812e+02,
1.125629653930664062e+02,
1.144586563110351562e+02,
1.171871261596679688e+02,
1.221607131958007812e+02,
1.267220535278320312e+02,
1.320948333740234375e+02,
1.375588684082031250e+02,
1.419629058837890625e+02,
1.462535247802734375e+02,
1.516678619384765625e+02,
1.571138000488281250e+02,
1.639355316162109375e+02,
1.650032653808593750e+02,
1.666171722412109375e+02,
1.672390899658203125e+02,
1.711194915771484375e+02,
1.794703369140625000e+02,
1.856714324951171875e+02,
1.932155914306640625e+02,
2.009317474365234375e+02,
2.103499450683593750e+02,
2.106905517578125000e+02,
2.069657897949218750e+02,
2.024585266113281250e+02,
1.922403717041015625e+02,
1.818394470214843750e+02,
1.751659698486328125e+02,
1.719253387451171875e+02,
1.716548614501953125e+02,
1.713821563720703125e+02,
1.685716247558593750e+02,
1.687226715087890625e+02,
1.675990295410156250e+02,
1.736086883544921875e+02,
1.812457122802734375e+02,
1.897022247314453125e+02,
1.966837463378906250e+02,
2.011514434814453125e+02,
2.023204193115234375e+02,
2.002244415283203125e+02,
1.982882843017578125e+02,
1.912025909423828125e+02,
1.903325042724609375e+02,
1.883965911865234375e+02,
1.900214233398437500e+02,
1.889088134765625000e+02,
1.864154357910156250e+02,
1.833776245117187500e+02,
1.778285522460937500e+02,
1.758356323242187500e+02,
1.746393890380859375e+02,
1.759075164794921875e+02,
1.765599822998046875e+02,
1.795086059570312500e+02,
1.817321166992187500e+02,
1.838674316406250000e+02,
1.859522247314453125e+02,
1.877739715576171875e+02,
1.877986145019531250e+02,
1.862812805175781250e+02,
1.851890411376953125e+02,
1.858031921386718750e+02,
1.901961669921875000e+02,
1.937672424316406250e+02,
2.014766845703125000e+02,
1.998969268798828125e+02,
1.981607818603515625e+02,
1.942078552246093750e+02,
1.867781372070312500e+02,
1.882549438476562500e+02,
1.893953857421875000e+02,
1.892013397216796875e+02,
1.853342285156250000e+02,
1.803832550048828125e+02,
1.748118591308593750e+02,
1.757066040039062500e+02,
1.773814544677734375e+02,
1.773701782226562500e+02,
1.797297973632812500e+02,
1.800494537353515625e+02,
1.800884552001953125e+02,
1.771256256103515625e+02,
1.791293640136718750e+02,
1.831946105957031250e+02,
1.860219573974609375e+02,
1.843674468994140625e+02,
1.799195556640625000e+02,
1.786856842041015625e+02,
1.749087066650390625e+02,
1.747953186035156250e+02,
1.782165985107421875e+02,
1.781604309082031250e+02,
1.748435058593750000e+02,
1.749089050292968750e+02,
1.733107604980468750e+02,
1.711437988281250000e+02,
1.758419647216796875e+02,
1.779085998535156250e+02,
1.804009857177734375e+02,
1.814054870605468750e+02,
1.806361694335937500e+02,
1.743290710449218750e+02,
1.699102478027343750e+02,
1.694364776611328125e+02,
1.664783172607421875e+02,
1.669295196533203125e+02,
1.701416931152343750e+02,
1.739055023193359375e+02,
1.762839813232421875e+02,
1.734093017578125000e+02,
1.694130859375000000e+02,
1.705535125732421875e+02,
1.720298614501953125e+02,
1.763372955322265625e+02,
1.796827697753906250e+02,
1.811090240478515625e+02,
1.772041320800781250e+02,
1.742207489013671875e+02,
1.686349639892578125e+02,
1.675827636718750000e+02,
1.677986755371093750e+02,
1.740477752685546875e+02,
1.758212585449218750e+02,
1.790336151123046875e+02,
1.793804473876953125e+02,
1.808389434814453125e+02,
1.793313293457031250e+02,
1.808146209716796875e+02,
1.828348388671875000e+02,
1.820321807861328125e+02,
1.862522888183593750e+02,
1.921826324462890625e+02,
1.943463897705078125e+02,
1.962591247558593750e+02,
1.987392578125000000e+02,
2.026302795410156250e+02,
2.019281005859375000e+02,
2.026860809326171875e+02,
2.022787628173828125e+02,
1.992514038085937500e+02,
2.011289520263671875e+02,
2.057090759277343750e+02,
2.072120971679687500e+02,
2.151915893554687500e+02,
2.182924499511718750e+02,
2.217566986083984375e+02,
2.206045227050781250e+02,
2.212612457275390625e+02,
2.216016693115234375e+02,
2.135307617187500000e+02,
2.124751129150390625e+02,
2.099369812011718750e+02,
2.074038238525390625e+02,
2.034085693359375000e+02,
1.986090240478515625e+02,
1.875480804443359375e+02,
1.828711853027343750e+02,
1.815313110351562500e+02,
1.854192352294921875e+02,
1.834168548583984375e+02,
1.878547515869140625e+02,
1.907677917480468750e+02,
1.929499053955078125e+02,
1.967989654541015625e+02,
1.970508422851562500e+02,
2.013531341552734375e+02,
2.023470458984375000e+02,
2.000731353759765625e+02,
1.983373413085937500e+02,
1.960114593505859375e+02,
1.931551971435546875e+02,
1.944334564208984375e+02,
1.917418670654296875e+02,
1.877890777587890625e+02,
1.891342315673828125e+02,
1.882445983886718750e+02,
1.879543457031250000e+02,
1.889653930664062500e+02,
1.885170593261718750e+02,
1.887337341308593750e+02,
1.900593261718750000e+02,
1.909297943115234375e+02,
1.901096649169921875e+02,
1.928765716552734375e+02,
1.930393981933593750e+02,
1.911187286376953125e+02,
1.898791198730468750e+02,
1.901029968261718750e+02,
1.887219238281250000e+02,
1.900874633789062500e+02,
1.878452301025390625e+02,
1.867119750976562500e+02,
1.855131835937500000e+02,
1.807016906738281250e+02,
1.808558959960937500e+02,
1.795860137939453125e+02,
1.793185729980468750e+02,
1.818822479248046875e+02,
1.848775634765625000e+02,
1.819401550292968750e+02,
1.810637969970703125e+02,
1.795492401123046875e+02,
1.774639434814453125e+02,
1.779427185058593750e+02,
1.746663665771484375e+02,
1.730706176757812500e+02,
1.724524230957031250e+02,
1.712018890380859375e+02,
1.697352752685546875e+02,
1.682645416259765625e+02,
1.706130828857421875e+02,
1.742825012207031250e+02,
1.754508972167968750e+02,
1.768908081054687500e+02,
1.766774902343750000e+02,
1.749870300292968750e+02,
1.718133544921875000e+02,
1.702270660400390625e+02,
1.714620056152343750e+02,
1.706679382324218750e+02,
1.727480468750000000e+02,
1.743114013671875000e+02,
1.741623229980468750e+02,
1.715600891113281250e+02,
1.676887969970703125e+02,
1.648465881347656250e+02,
1.614384613037109375e+02,
1.636545257568359375e+02,
1.648894195556640625e+02,
1.686507720947265625e+02,
1.729209442138671875e+02,
1.754466857910156250e+02,
1.763714447021484375e+02,
1.785464019775390625e+02,
1.813411254882812500e+02,
1.804759063720703125e+02,
1.789617004394531250e+02,
1.772928161621093750e+02,
1.737770385742187500e+02,
1.702183837890625000e+02,
1.678220825195312500e+02,
1.631582946777343750e+02,
1.593209381103515625e+02,
1.571153411865234375e+02,
1.549698028564453125e+02,
1.537724761962890625e+02,
1.532915802001953125e+02,
1.535132904052734375e+02,
1.536836700439453125e+02,
1.564869079589843750e+02,
1.585464630126953125e+02,
1.616370239257812500e+02,
1.623115844726562500e+02,
1.638796691894531250e+02,
1.645179138183593750e+02,
1.592505493164062500e+02,
1.569183349609375000e+02,
1.550284118652343750e+02,
1.529987182617187500e+02,
1.497738647460937500e+02,
1.464420318603515625e+02,
1.453645477294921875e+02,
1.432801513671875000e+02,
1.417573089599609375e+02,
1.412988586425781250e+02,
1.398693542480468750e+02,
1.373690948486328125e+02,
1.367655944824218750e+02,
1.365969238281250000e+02,
1.413282928466796875e+02,
1.393398284912109375e+02,
1.384551086425781250e+02,
1.355903015136718750e+02,
1.377738189697265625e+02,
1.413867034912109375e+02,
1.424344024658203125e+02,
1.429270172119140625e+02,
1.396553192138671875e+02,
1.353912811279296875e+02,
1.318558044433593750e+02,
1.268743896484375000e+02,
1.243518524169921875e+02,
1.229552459716796875e+02,
1.218057861328125000e+02,
1.206241836547851562e+02,
1.204268875122070312e+02,
1.237338638305664062e+02,
1.286269073486328125e+02,
1.309847412109375000e+02,
1.335890655517578125e+02,
1.347347259521484375e+02,
1.330046234130859375e+02,
1.312712402343750000e+02,
1.302270050048828125e+02,
1.281669921875000000e+02,
1.257785720825195312e+02,
1.230449218750000000e+02,
1.240010070800781250e+02,
1.206340255737304688e+02,
1.205640792846679688e+02,
1.222959289550781250e+02,
1.234805297851562500e+02,
1.212952270507812500e+02,
1.194515762329101562e+02,
1.188464050292968750e+02,
1.183713989257812500e+02,
1.182185363769531250e+02,
1.200976867675781250e+02,
1.223929214477539062e+02,
1.241176071166992188e+02,
1.234786453247070312e+02,
1.212305831909179688e+02,
1.174546813964843750e+02,
1.134172439575195312e+02,
1.103805999755859375e+02,
1.087927322387695312e+02,
1.079341430664062500e+02,
1.025671615600585938e+02,
9.671419525146484375e+01,
9.220148468017578125e+01,
8.637949371337890625e+01,
8.208571624755859375e+01,
8.298246002197265625e+01,
8.564749908447265625e+01,
8.989098358154296875e+01,
9.466979980468750000e+01,
9.679466247558593750e+01,
9.952400207519531250e+01,
1.038964920043945312e+02,
1.066260604858398438e+02,
1.063691177368164062e+02,
1.064697036743164062e+02,
1.024822616577148438e+02,
9.977183532714843750e+01,
9.768194580078125000e+01,
9.702555847167968750e+01,
9.668188476562500000e+01,
9.659113311767578125e+01,
9.578861999511718750e+01,
9.540103912353515625e+01,
9.629859924316406250e+01,
9.554525756835937500e+01,
9.612487792968750000e+01,
9.717568206787109375e+01,
9.597206115722656250e+01,
9.770988464355468750e+01,
9.941926574707031250e+01,
1.004306411743164062e+02,
1.027628936767578125e+02,
1.022032318115234375e+02,
1.036694259643554688e+02,
1.051562500000000000e+02,
1.055146865844726562e+02,
1.065511474609375000e+02,
1.087025756835937500e+02,
1.114380340576171875e+02,
1.130890960693359375e+02,
1.169972305297851562e+02,
1.184915008544921875e+02,
1.208432998657226562e+02,
1.212324676513671875e+02,
1.180181961059570312e+02,
1.146638183593750000e+02,
1.096379547119140625e+02,
1.076205062866210938e+02,
1.050541229248046875e+02,
1.054231262207031250e+02,
1.068029174804687500e+02,
1.095478210449218750e+02,
1.144849624633789062e+02,
1.197922973632812500e+02,
1.243583755493164062e+02,
1.272185287475585938e+02,
1.279165115356445312e+02,
1.248364257812500000e+02,
1.227711944580078125e+02,
1.218116378784179688e+02,
1.196353912353515625e+02,
1.220088195800781250e+02,
1.235139465332031250e+02,
1.252200317382812500e+02,
1.302686462402343750e+02,
1.352485351562500000e+02,
1.347690429687500000e+02,
1.362272033691406250e+02,
1.421936798095703125e+02,
1.436231842041015625e+02,
1.443903961181640625e+02,
1.415798797607421875e+02,
1.390567321777343750e+02,
1.362859344482421875e+02,
1.327359008789062500e+02,
1.322411041259765625e+02,
1.296213378906250000e+02,
1.284517517089843750e+02,
1.274665145874023438e+02,
1.275504608154296875e+02,
1.280327911376953125e+02,
1.273646850585937500e+02,
1.309688873291015625e+02,
1.305764160156250000e+02,
1.304736480712890625e+02,
1.255808105468750000e+02,
1.215001907348632812e+02,
1.182812347412109375e+02,
1.209252777099609375e+02,
1.241695022583007812e+02,
1.313504486083984375e+02,
1.364972229003906250e+02,
1.428034515380859375e+02,
1.439342193603515625e+02,
1.420777587890625000e+02,
1.379176330566406250e+02,
1.344605712890625000e+02,
1.298985290527343750e+02,
1.269318847656250000e+02,
1.256666793823242188e+02,
1.235235061645507812e+02,
1.237981719970703125e+02,
1.245895538330078125e+02,
1.260368728637695312e+02,
1.281384582519531250e+02,
1.265454254150390625e+02,
1.290829010009765625e+02,
1.302528381347656250e+02,
1.302380065917968750e+02,
1.283394927978515625e+02,
1.221410598754882812e+02,
1.157580795288085938e+02,
1.132359161376953125e+02,
1.121541519165039062e+02,
1.149736938476562500e+02,
1.204310150146484375e+02,
1.255306167602539062e+02,
1.305451049804687500e+02,
1.332274475097656250e+02,
1.362367248535156250e+02,
1.359666595458984375e+02,
1.359824371337890625e+02,
1.400438995361328125e+02,
1.381807861328125000e+02,
1.376403045654296875e+02,
1.346929626464843750e+02,
1.308341369628906250e+02,
1.267167892456054688e+02,
1.249779891967773438e+02,
1.245646514892578125e+02,
1.242402725219726562e+02,
1.239400405883789062e+02,
1.260091552734375000e+02,
1.241166229248046875e+02,
1.222263793945312500e+02,
1.189869003295898438e+02,
1.176718597412109375e+02,
1.130525665283203125e+02,
1.098607864379882812e+02,
1.078164062500000000e+02,
1.057747344970703125e+02,
1.067410202026367188e+02,
2.793442687988281250e+02,
2.834973754882812500e+02,
2.887473754882812500e+02,
2.708767700195312500e+02,
2.536181945800781250e+02,
2.475029144287109375e+02,
2.350031890869140625e+02,
2.254227142333984375e+02,
2.205263824462890625e+02,
2.108523712158203125e+02,
2.003495635986328125e+02,
1.968805694580078125e+02,
1.926940002441406250e+02,
1.948007507324218750e+02,
2.021137847900390625e+02,
2.039197235107421875e+02,
2.063368988037109375e+02,
2.084537506103515625e+02,
2.014496154785156250e+02,
2.044591827392578125e+02,
2.029047698974609375e+02,
2.098464813232421875e+02,
2.248902282714843750e+02,
2.345234069824218750e+02,
2.301463012695312500e+02,
2.177059783935546875e+02,
2.045210418701171875e+02,
1.913805694580078125e+02,
1.827511596679687500e+02,
1.818379364013671875e+02,
1.853184661865234375e+02,
1.879705352783203125e+02,
1.817456512451171875e+02,
1.760719146728515625e+02,
1.746730957031250000e+02,
1.801651611328125000e+02,
1.841835174560546875e+02,
1.960505523681640625e+02,
2.070514678955078125e+02,
2.212656707763671875e+02,
2.314273834228515625e+02,
2.358714294433593750e+02,
2.370571746826171875e+02,
2.337575683593750000e+02,
2.261445922851562500e+02,
2.149539337158203125e+02,
2.108559265136718750e+02,
2.039036407470703125e+02,
1.987946777343750000e+02,
1.975198211669921875e+02,
1.936011047363281250e+02,
1.818666992187500000e+02,
1.699492187500000000e+02,
1.667073974609375000e+02,
1.701890716552734375e+02,
1.810915222167968750e+02,
1.926930389404296875e+02,
2.060209350585937500e+02,
2.123497161865234375e+02,
2.120744171142578125e+02,
2.055070343017578125e+02,
1.978304595947265625e+02,
1.946632690429687500e+02,
1.935009765625000000e+02,
1.894088439941406250e+02,
1.865982971191406250e+02,
1.784184570312500000e+02,
1.694029083251953125e+02,
1.571711578369140625e+02,
1.489496612548828125e+02,
1.432916259765625000e+02,
1.356989440917968750e+02,
1.336639099121093750e+02,
1.353295440673828125e+02,
1.436204833984375000e+02,
1.545867462158203125e+02,
1.647419433593750000e+02,
1.786929931640625000e+02,
1.877037506103515625e+02,
1.973443756103515625e+02,
2.122733612060546875e+02,
2.241838073730468750e+02,
2.394355316162109375e+02,
2.450636901855468750e+02,
2.447823333740234375e+02,
2.346064147949218750e+02,
2.196071319580078125e+02,
2.098128814697265625e+02,
2.093491363525390625e+02,
2.144944458007812500e+02,
2.246625366210937500e+02,
2.332552642822265625e+02,
2.382448883056640625e+02,
2.419140930175781250e+02,
2.377101745605468750e+02,
2.238887634277343750e+02,
2.203536224365234375e+02,
2.195057067871093750e+02,
2.185342864990234375e+02,
2.165700073242187500e+02,
2.236932067871093750e+02,
2.249109649658203125e+02,
2.303013153076171875e+02,
2.361454467773437500e+02,
2.395751953125000000e+02,
2.381003265380859375e+02,
2.398764801025390625e+02,
2.385754241943359375e+02,
2.316795196533203125e+02,
2.252454681396484375e+02,
2.242340545654296875e+02,
2.198708496093750000e+02,
2.223640441894531250e+02,
2.262311096191406250e+02,
2.254074249267578125e+02,
2.231106109619140625e+02,
2.236745605468750000e+02,
2.241298522949218750e+02,
2.196958312988281250e+02,
2.171621704101562500e+02,
2.184645690917968750e+02,
2.215210723876953125e+02,
2.228131256103515625e+02,
2.207454223632812500e+02,
2.194883270263671875e+02,
2.141337585449218750e+02,
2.106012573242187500e+02,
2.127604522705078125e+02,
2.169789886474609375e+02,
2.189846649169921875e+02,
2.173223266601562500e+02,
2.171523437500000000e+02,
2.185889587402343750e+02,
2.185254211425781250e+02,
2.170636291503906250e+02,
2.189495849609375000e+02,
2.234108276367187500e+02,
2.299041137695312500e+02,
2.359822998046875000e+02,
2.425303955078125000e+02,
2.495821685791015625e+02,
2.499908599853515625e+02,
2.534260253906250000e+02,
2.576853942871093750e+02,
2.610125122070312500e+02,
2.684664916992187500e+02,
2.691694946289062500e+02,
2.746802673339843750e+02,
2.666120605468750000e+02,
2.522331542968750000e+02,
2.422374114990234375e+02,
2.325287170410156250e+02,
2.271353454589843750e+02,
2.326941223144531250e+02,
2.360604400634765625e+02,
2.397782135009765625e+02,
2.393159179687500000e+02,
2.431457061767578125e+02,
2.393211364746093750e+02,
2.351298675537109375e+02,
2.345287780761718750e+02,
2.340342102050781250e+02,
2.342692108154296875e+02,
2.365605163574218750e+02,
2.383560333251953125e+02,
2.359175262451171875e+02,
2.370273895263671875e+02,
2.346485595703125000e+02,
2.316855773925781250e+02,
2.247240295410156250e+02,
2.248367156982421875e+02,
2.228804626464843750e+02,
2.212845611572265625e+02,
2.203939819335937500e+02,
2.193672180175781250e+02,
2.161017608642578125e+02,
2.118191833496093750e+02,
2.127194976806640625e+02,
2.145005340576171875e+02,
2.116438598632812500e+02,
2.121954650878906250e+02,
2.146140899658203125e+02,
2.119624786376953125e+02,
2.101728668212890625e+02,
2.068094329833984375e+02,
2.042394866943359375e+02,
2.064991149902343750e+02,
2.058304138183593750e+02,
2.090569763183593750e+02,
2.167408752441406250e+02,
2.187974243164062500e+02,
2.149953765869140625e+02,
2.105968475341796875e+02,
1.998893890380859375e+02,
1.905127258300781250e+02,
1.871805725097656250e+02,
1.853842315673828125e+02,
1.886437835693359375e+02,
1.886391143798828125e+02,
1.935140533447265625e+02,
1.945501251220703125e+02,
1.882745361328125000e+02,
1.832756500244140625e+02,
1.794877777099609375e+02,
1.723163604736328125e+02,
1.694699249267578125e+02,
1.704343566894531250e+02,
1.673587799072265625e+02,
1.674005279541015625e+02,
1.737059326171875000e+02,
1.718877258300781250e+02,
1.666290130615234375e+02,
1.592829895019531250e+02,
1.533895416259765625e+02,
1.468706817626953125e+02,
1.490957336425781250e+02,
1.502030029296875000e+02,
1.513231201171875000e+02,
1.546881256103515625e+02,
1.523234863281250000e+02,
1.515189208984375000e+02,
1.459481353759765625e+02,
1.446142578125000000e+02,
1.410209045410156250e+02,
1.410997009277343750e+02,
1.434369659423828125e+02,
1.444322204589843750e+02,
1.442720489501953125e+02,
1.417429504394531250e+02,
1.363052215576171875e+02,
1.299403228759765625e+02,
1.175315322875976562e+02,
1.102657852172851562e+02,
1.042796173095703125e+02,
1.031520309448242188e+02,
1.054521179199218750e+02,
1.112822189331054688e+02,
1.174831695556640625e+02,
1.199562606811523438e+02,
1.157324142456054688e+02,
1.143011093139648438e+02,
1.108647232055664062e+02,
1.089082107543945312e+02,
1.099281005859375000e+02,
1.112573776245117188e+02,
1.139687042236328125e+02,
1.164147109985351562e+02,
1.195872039794921875e+02,
1.220154724121093750e+02,
1.265108489990234375e+02,
1.308202056884765625e+02,
1.371958312988281250e+02,
1.397232360839843750e+02,
1.386625213623046875e+02,
1.360095977783203125e+02,
1.317207794189453125e+02,
1.326667785644531250e+02,
1.363522338867187500e+02,
1.456537322998046875e+02,
1.463986053466796875e+02,
1.484126281738281250e+02,
1.499214324951171875e+02,
1.545660705566406250e+02,
1.579131774902343750e+02,
1.638352661132812500e+02,
1.719321289062500000e+02,
1.768959503173828125e+02,
1.739410705566406250e+02,
1.722193298339843750e+02,
1.643692779541015625e+02,
1.621956024169921875e+02,
1.576529541015625000e+02,
1.589395751953125000e+02,
1.522758636474609375e+02,
1.516068267822265625e+02,
1.564773559570312500e+02,
1.644835662841796875e+02,
1.697188720703125000e+02,
1.766129913330078125e+02,
1.774483184814453125e+02,
1.654120941162109375e+02,
1.639729003906250000e+02,
1.590899200439453125e+02,
1.594134674072265625e+02,
1.613345642089843750e+02,
1.613159027099609375e+02,
1.511202850341796875e+02,
1.518314666748046875e+02,
1.514386138916015625e+02,
1.555861358642578125e+02,
1.683311004638671875e+02,
1.737986297607421875e+02,
1.785258941650390625e+02,
1.782331848144531250e+02,
1.662075500488281250e+02,
1.662524414062500000e+02,
1.606285858154296875e+02,
1.582021789550781250e+02,
1.494327087402343750e+02,
1.446592559814453125e+02,
1.378708038330078125e+02,
1.331396331787109375e+02,
3.606130676269531250e+02,
3.277054748535156250e+02,
3.194155578613281250e+02,
2.975468750000000000e+02,
2.647609252929687500e+02,
2.449531097412109375e+02,
2.403719024658203125e+02,
2.336201324462890625e+02,
2.298728637695312500e+02,
2.301930236816406250e+02,
2.349335632324218750e+02,
2.254388885498046875e+02,
2.405077362060546875e+02,
2.509425659179687500e+02,
2.513579101562500000e+02,
2.489277038574218750e+02,
2.407980957031250000e+02,
2.334588623046875000e+02,
2.250321960449218750e+02,
2.070760650634765625e+02,
2.104385681152343750e+02,
2.062077636718750000e+02,
2.083461151123046875e+02,
2.114174194335937500e+02,
2.307151794433593750e+02,
2.463884735107421875e+02,
2.567256774902343750e+02,
2.675434265136718750e+02,
2.680639343261718750e+02,
2.598052368164062500e+02,
2.464654846191406250e+02,
2.363523559570312500e+02,
2.269376525878906250e+02,
2.131053314208984375e+02,
2.014264068603515625e+02,
2.028926544189453125e+02,
2.095184478759765625e+02,
2.202941741943359375e+02,
2.309296112060546875e+02,
2.301687927246093750e+02,
2.231916503906250000e+02,
2.208632965087890625e+02,
2.161107025146484375e+02,
2.100497894287109375e+02,
1.931245269775390625e+02,
1.763211517333984375e+02,
1.677596435546875000e+02,
1.622411956787109375e+02,
1.647098236083984375e+02,
1.775960998535156250e+02,
2.025684356689453125e+02,
2.185977478027343750e+02,
2.429062652587890625e+02,
2.677803039550781250e+02,
2.859004516601562500e+02,
2.778939514160156250e+02,
2.703921508789062500e+02,
2.653063659667968750e+02,
2.575093078613281250e+02,
2.618260192871093750e+02,
2.631663818359375000e+02,
2.766272277832031250e+02,
2.701104431152343750e+02,
2.576879272460937500e+02,
2.586029968261718750e+02,
2.625388793945312500e+02,
2.618276672363281250e+02,
2.691936950683593750e+02,
2.805171203613281250e+02,
2.855796813964843750e+02,
2.780492858886718750e+02,
2.750763854980468750e+02,
2.717150268554687500e+02,
2.672565002441406250e+02,
2.709273986816406250e+02,
2.642680969238281250e+02,
2.622428588867187500e+02,
2.607963562011718750e+02,
2.623500366210937500e+02,
2.561547546386718750e+02,
2.614344787597656250e+02,
2.595483703613281250e+02,
2.622917480468750000e+02,
2.528836517333984375e+02,
2.523002166748046875e+02,
2.582244262695312500e+02,
2.533762512207031250e+02,
2.615333251953125000e+02,
2.608199768066406250e+02,
2.600727844238281250e+02,
2.754651489257812500e+02,
2.822803649902343750e+02,
2.908050842285156250e+02,
2.961573181152343750e+02,
3.100171508789062500e+02,
3.209962463378906250e+02,
3.277391357421875000e+02,
3.298388061523437500e+02,
3.141858825683593750e+02,
2.976705932617187500e+02,
2.816861572265625000e+02,
2.767386169433593750e+02,
2.785093688964843750e+02,
2.820288391113281250e+02,
2.828048095703125000e+02,
2.854505615234375000e+02,
2.761655273437500000e+02,
2.841015319824218750e+02,
2.789832458496093750e+02,
2.805143432617187500e+02,
2.772638549804687500e+02,
2.748405456542968750e+02,
2.698121337890625000e+02,
2.669684448242187500e+02,
2.624846801757812500e+02,
2.548581848144531250e+02,
2.537554321289062500e+02,
2.529689331054687500e+02,
2.495385131835937500e+02,
2.517649993896484375e+02,
2.491046600341796875e+02,
2.480234832763671875e+02,
2.420051574707031250e+02,
2.463256835937500000e+02,
2.473148498535156250e+02,
2.482046813964843750e+02,
2.465678405761718750e+02,
2.423505706787109375e+02,
2.310555572509765625e+02,
2.228933715820312500e+02,
2.191526947021484375e+02,
2.192336425781250000e+02,
2.170409698486328125e+02,
2.205033721923828125e+02,
2.164451141357421875e+02,
2.110482330322265625e+02,
2.027639465332031250e+02,
1.972396545410156250e+02,
2.019681396484375000e+02,
1.989398956298828125e+02,
1.880177612304687500e+02,
1.787014160156250000e+02,
1.780200347900390625e+02,
1.757211761474609375e+02,
1.744101409912109375e+02,
1.714337158203125000e+02,
1.736927337646484375e+02,
1.685782165527343750e+02,
1.621245269775390625e+02,
1.652245330810546875e+02,
1.640877990722656250e+02,
1.610962066650390625e+02,
1.548417968750000000e+02,
1.384181060791015625e+02,
1.296754760742187500e+02,
1.257463455200195312e+02,
1.249193878173828125e+02,
1.273601074218750000e+02,
1.323809661865234375e+02,
1.309650878906250000e+02,
1.293444671630859375e+02,
1.275539703369140625e+02,
1.312771911621093750e+02,
1.345767974853515625e+02,
1.367814941406250000e+02,
1.453677825927734375e+02,
1.551724243164062500e+02,
1.551636657714843750e+02,
1.537724456787109375e+02,
1.609021606445312500e+02,
1.611148986816406250e+02,
1.621519622802734375e+02,
1.630021057128906250e+02,
1.747182769775390625e+02,
1.837230987548828125e+02,
1.957670288085937500e+02,
2.036566619873046875e+02,
2.114845886230468750e+02,
2.068816528320312500e+02,
2.012867736816406250e+02,
1.923928222656250000e+02,
1.846554870605468750e+02,
1.908713684082031250e+02,
2.004103546142578125e+02,
2.107551574707031250e+02,
2.129270935058593750e+02,
2.210550994873046875e+02,
2.081671295166015625e+02,
2.035824432373046875e+02,
1.922882232666015625e+02,
1.911909484863281250e+02,
1.972912445068359375e+02,
1.995748138427734375e+02,
2.100323638916015625e+02,
2.175927886962890625e+02,
2.201368408203125000e+02,
2.040456695556640625e+02,
1.960840301513671875e+02,
1.723227539062500000e+02,
1.657609405517578125e+02,
