5.938074340820312500e+02,
5.726374511718750000e+02,
5.627882080078125000e+02,
5.361693115234375000e+02,
4.783192443847656250e+02,
5.140178833007812500e+02,
5.636349487304687500e+02,
6.225717773437500000e+02,
6.518448486328125000e+02,
6.729249267578125000e+02,
6.823201293945312500e+02,
6.854425659179687500e+02,
6.852761230468750000e+02,
7.123908081054687500e+02,
7.316364746093750000e+02,
7.484366455078125000e+02,
7.582600097656250000e+02,
7.822399291992187500e+02,
7.995803833007812500e+02,
8.120888671875000000e+02,
8.194316406250000000e+02,
8.176002807617187500e+02,
7.712230224609375000e+02,
7.070712280273437500e+02,
6.319767456054687500e+02,
5.606441040039062500e+02,
5.186265258789062500e+02,
4.691288757324218750e+02,
4.348054504394531250e+02,
4.427922058105468750e+02,
4.410336608886718750e+02,
4.514517211914062500e+02,
4.828926086425781250e+02,
5.201580810546875000e+02,
5.726072998046875000e+02,
6.779077148437500000e+02,
8.159672851562500000e+02,
9.665689697265625000e+02,
1.108604248046875000e+03,
1.262617431640625000e+03,
1.355048950195312500e+03,
1.335453857421875000e+03,
1.230000244140625000e+03,
1.130151733398437500e+03,
1.005708374023437500e+03,
8.326049194335937500e+02,
7.427858886718750000e+02,
6.971616210937500000e+02,
6.571229858398437500e+02,
6.187200317382812500e+02,
5.981351928710937500e+02,
5.630590820312500000e+02,
5.548028564453125000e+02,
5.518659057617187500e+02,
5.541296997070312500e+02,
5.499652099609375000e+02,
5.456563720703125000e+02,
5.495563354492187500e+02,
5.395991210937500000e+02,
5.299755249023437500e+02,
5.120309448242187500e+02,
5.080137634277343750e+02,
4.970103454589843750e+02,
4.819194641113281250e+02,
4.645358581542968750e+02,
4.654889526367187500e+02,
4.622041015625000000e+02,
4.566402587890625000e+02,
4.441515197753906250e+02,
4.390398559570312500e+02,
4.189391784667968750e+02,
3.998897399902343750e+02,
3.816799621582031250e+02,
3.846780700683593750e+02,
3.860946960449218750e+02,
3.811211853027343750e+02,
3.725839843750000000e+02,
3.668850402832031250e+02,
3.695249328613281250e+02,
3.576444702148437500e+02,
3.598681945800781250e+02,
3.581541442871093750e+02,
3.549871826171875000e+02,
3.544178161621093750e+02,
3.542713012695312500e+02,
3.544895629882812500e+02,
3.611117248535156250e+02,
3.640229187011718750e+02,
3.500586547851562500e+02,
3.372301330566406250e+02,
3.209031066894531250e+02,
3.069866333007812500e+02,
2.954606323242187500e+02,
2.801818542480468750e+02,
2.675749511718750000e+02,
2.617058410644531250e+02,
2.549293212890625000e+02,
2.498873596191406250e+02,
2.495035247802734375e+02,
2.448808135986328125e+02,
2.413348388671875000e+02,
2.359896087646484375e+02,
2.272167358398437500e+02,
2.191020507812500000e+02,
2.161887359619140625e+02,
2.178358764648437500e+02,
2.178518524169921875e+02,
2.185095520019531250e+02,
2.210060272216796875e+02,
2.186058502197265625e+02,
2.189873809814453125e+02,
2.216068115234375000e+02,
2.262269287109375000e+02,
2.254125366210937500e+02,
2.247528381347656250e+02,
2.268767089843750000e+02,
2.285007019042968750e+02,
2.313677215576171875e+02,
2.336186218261718750e+02,
2.261872711181640625e+02,
2.250227050781250000e+02,
2.229774017333984375e+02,
2.168885498046875000e+02,
2.091796264648437500e+02,
2.031948852539062500e+02,
1.898083801269531250e+02,
1.715016937255859375e+02,
1.553330535888671875e+02,
1.461408081054687500e+02,
1.380050506591796875e+02,
1.354088897705078125e+02,
1.354128417968750000e+02,
1.343541564941406250e+02,
1.330397491455078125e+02,
1.309667053222656250e+02,
1.300215301513671875e+02,
1.266688385009765625e+02,
1.281149291992187500e+02,
1.257685317993164062e+02,
1.243160171508789062e+02,
1.229452209472656250e+02,
1.242951507568359375e+02,
1.295943145751953125e+02,
1.422311401367187500e+02,
1.619529266357421875e+02,
1.839716186523437500e+02,
2.081046142578125000e+02,
2.319196319580078125e+02,
2.579828796386718750e+02,
2.882941589355468750e+02,
3.095225219726562500e+02,
3.229293518066406250e+02,
3.121060485839843750e+02,
2.967969360351562500e+02,
2.776984558105468750e+02,
2.679657897949218750e+02,
2.568584289550781250e+02,
2.482713623046875000e+02,
2.373003845214843750e+02,
2.268468017578125000e+02,
2.214146118164062500e+02,
2.160299835205078125e+02,
2.116138153076171875e+02,
2.116506042480468750e+02,
2.184005584716796875e+02,
2.189349822998046875e+02,
2.115173492431640625e+02,
2.040286254882812500e+02,
1.995659484863281250e+02,
1.909734802246093750e+02,
1.832983856201171875e+02,
1.773466033935546875e+02,
1.686513366699218750e+02,
1.593785247802734375e+02,
1.497457275390625000e+02,
1.400135803222656250e+02,
1.301762084960937500e+02,
1.236016998291015625e+02,
1.198713226318359375e+02,
1.179483566284179688e+02,
1.212702026367187500e+02,
1.247362518310546875e+02,
1.317035217285156250e+02,
1.389963989257812500e+02,
1.431116485595703125e+02,
1.485461120605468750e+02,
1.506596374511718750e+02,
1.524306793212890625e+02,
1.524279174804687500e+02,
1.541697998046875000e+02,
1.598293762207031250e+02,
1.613805541992187500e+02,
1.607834472656250000e+02,
1.581875915527343750e+02,
1.551442871093750000e+02,
1.481277923583984375e+02,
1.460504150390625000e+02,
1.492875671386718750e+02,
1.526068267822265625e+02,
1.560342254638671875e+02,
1.569218597412109375e+02,
1.599892272949218750e+02,
1.607609710693359375e+02,
1.577640380859375000e+02,
1.588587341308593750e+02,
1.568754272460937500e+02,
1.529489135742187500e+02,
1.498062744140625000e+02,
1.488742218017578125e+02,
1.481504364013671875e+02,
1.440664215087890625e+02,
1.426226959228515625e+02,
1.418923339843750000e+02,
1.385357513427734375e+02,
1.381405792236328125e+02,
1.370738372802734375e+02,
1.372610015869140625e+02,
1.423465270996093750e+02,
1.465721435546875000e+02,
1.493026885986328125e+02,
1.467635803222656250e+02,
1.457535552978515625e+02,
1.432816162109375000e+02,
1.395281524658203125e+02,
1.374751739501953125e+02,
1.365056610107421875e+02,
1.347777557373046875e+02,
1.331511077880859375e+02,
1.325718841552734375e+02,
1.329640502929687500e+02,
1.387463073730468750e+02,
1.452118682861328125e+02,
1.481546020507812500e+02,
1.494122924804687500e+02,
1.502436981201171875e+02,
1.488622283935546875e+02,
1.479943084716796875e+02,
1.495316772460937500e+02,
1.508961181640625000e+02,
1.523595123291015625e+02,
1.529998321533203125e+02,
1.590116424560546875e+02,
1.623571166992187500e+02,
1.604324951171875000e+02,
1.559414062500000000e+02,
1.537660522460937500e+02,
1.468296203613281250e+02,
1.377594757080078125e+02,
1.322476654052734375e+02,
1.274395828247070312e+02,
1.255335235595703125e+02,
1.278372116088867188e+02,
1.294038085937500000e+02,
1.345864562988281250e+02,
1.404187622070312500e+02,
1.435477600097656250e+02,
1.465641937255859375e+02,
1.496912231445312500e+02,
1.530077819824218750e+02,
1.554302520751953125e+02,
1.556076660156250000e+02,
1.534635009765625000e+02,
1.519814910888671875e+02,
1.542424468994140625e+02,
1.582537384033203125e+02,
1.625574035644531250e+02,
1.650584869384765625e+02,
1.606333160400390625e+02,
1.553241271972656250e+02,
1.510496368408203125e+02,
1.482717895507812500e+02,
1.483798675537109375e+02,
1.475094451904296875e+02,
1.458853912353515625e+02,
1.430144958496093750e+02,
1.368871917724609375e+02,
1.346199035644531250e+02,
1.364066467285156250e+02,
1.396354064941406250e+02,
1.482327728271484375e+02,
1.595796813964843750e+02,
1.786809234619140625e+02,
1.988039398193359375e+02,
2.237985687255859375e+02,
2.395430145263671875e+02,
2.599046936035156250e+02,
2.615715026855468750e+02,
2.494377441406250000e+02,
2.343661804199218750e+02,
2.076870117187500000e+02,
1.861212005615234375e+02,
1.743924102783203125e+02,
1.678496246337890625e+02,
1.722285461425781250e+02,
1.777337799072265625e+02,
1.680637207031250000e+02,
1.618553009033203125e+02,
1.595171966552734375e+02,
1.605756988525390625e+02,
1.686622467041015625e+02,
1.733012695312500000e+02,
1.790882720947265625e+02,
1.764157562255859375e+02,
1.767906494140625000e+02,
1.738884429931640625e+02,
1.704888763427734375e+02,
1.654335937500000000e+02,
1.558173828125000000e+02,
1.447284545898437500e+02,
1.318654937744140625e+02,
1.151734466552734375e+02,
1.024612579345703125e+02,
9.755197906494140625e+01,
9.562820434570312500e+01,
9.557678985595703125e+01,
9.470841979980468750e+01,
9.541873168945312500e+01,
9.736196136474609375e+01,
9.940869140625000000e+01,
1.029836425781250000e+02,
1.046954345703125000e+02,
1.063471374511718750e+02,
1.072943878173828125e+02,
1.098547821044921875e+02,
1.080381851196289062e+02,
1.067180252075195312e+02,
1.072483596801757812e+02,
1.045466079711914062e+02,
1.033759155273437500e+02,
1.017243194580078125e+02,
1.004631729125976562e+02,
9.953943634033203125e+01,
9.767201995849609375e+01,
9.479461669921875000e+01,
9.421395874023437500e+01,
9.546758270263671875e+01,
9.486175537109375000e+01,
9.492684173583984375e+01,
9.420104980468750000e+01,
9.250369262695312500e+01,
9.069413757324218750e+01,
8.853194427490234375e+01,
8.742479705810546875e+01,
8.796047973632812500e+01,
8.739093780517578125e+01,
8.659857177734375000e+01,
8.542159271240234375e+01,
8.505890655517578125e+01,
8.413780212402343750e+01,
8.395636749267578125e+01,
8.422637176513671875e+01,
8.449088287353515625e+01,
8.365253448486328125e+01,
8.338275909423828125e+01,
8.273315429687500000e+01,
8.247401428222656250e+01,
8.272863006591796875e+01,
8.276706695556640625e+01,
8.206430816650390625e+01,
8.184470367431640625e+01,
8.139099884033203125e+01,
8.141108703613281250e+01,
8.153395843505859375e+01,
8.137445831298828125e+01,
8.116002655029296875e+01,
8.144429779052734375e+01,
8.168682861328125000e+01,
8.240449523925781250e+01,
8.519100189208984375e+01,
9.076464080810546875e+01,
9.432284545898437500e+01,
9.611825561523437500e+01,
9.805145263671875000e+01,
1.003945312500000000e+02,
1.007528533935546875e+02,
1.045807189941406250e+02,
1.079779739379882812e+02,
1.111612548828125000e+02,
1.127151184082031250e+02,
1.149387359619140625e+02,
1.141062011718750000e+02,
1.128725128173828125e+02,
1.110829162597656250e+02,
1.096422195434570312e+02,
1.080682525634765625e+02,
1.075163650512695312e+02,
1.077234802246093750e+02,
1.069580154418945312e+02,
1.081121520996093750e+02,
1.099839630126953125e+02,
1.122672271728515625e+02,
1.171057357788085938e+02,
1.193422546386718750e+02,
1.201805572509765625e+02,
1.203466567993164062e+02,
1.183885116577148438e+02,
1.154006195068359375e+02,
1.129131011962890625e+02,
1.091152572631835938e+02,
1.060819320678710938e+02,
1.065440902709960938e+02,
1.082831573486328125e+02,
1.087781829833984375e+02,
1.082324447631835938e+02,
1.074317550659179688e+02,
1.079682693481445312e+02,
1.064257278442382812e+02,
1.062402877807617188e+02,
1.064016571044921875e+02,
1.094917373657226562e+02,
1.180183639526367188e+02,
1.188057708740234375e+02,
1.216644515991210938e+02,
1.217827911376953125e+02,
1.238886032104492188e+02,
1.200135192871093750e+02,
1.205397644042968750e+02,
1.223985061645507812e+02,
1.239370117187500000e+02,
1.235082321166992188e+02,
1.193620910644531250e+02,
1.174073104858398438e+02,
1.151763610839843750e+02,
1.128205337524414062e+02,
1.109289550781250000e+02,
1.134087600708007812e+02,
1.138705673217773438e+02,
1.159833068847656250e+02,
1.170745773315429688e+02,
1.204150161743164062e+02,
1.272625503540039062e+02,
1.360464782714843750e+02,
1.494098663330078125e+02,
1.652730560302734375e+02,
1.792241516113281250e+02,
1.933497009277343750e+02,
2.066050109863281250e+02,
2.131533203125000000e+02,
2.172313537597656250e+02,
2.212461700439453125e+02,
2.221578826904296875e+02,
2.222700805664062500e+02,
2.151615600585937500e+02,
2.117291564941406250e+02,
2.160676269531250000e+02,
2.141412506103515625e+02,
2.016546325683593750e+02,
1.855018310546875000e+02,
1.799677124023437500e+02,
2.143994750976562500e+02,
3.060912170410156250e+02,
3.830445861816406250e+02,
4.249495239257812500e+02,
4.018725585937500000e+02,
4.089540710449218750e+02,
4.066299133300781250e+02,
3.895848693847656250e+02,
3.740476989746093750e+02,
3.415145263671875000e+02,
2.981349487304687500e+02,
2.871250000000000000e+02,
2.457643585205078125e+02,
2.105869750976562500e+02,
1.679742279052734375e+02,
1.522149353027343750e+02,
1.759698638916015625e+02,
1.995682220458984375e+02,
2.068615417480468750e+02,
2.028153076171875000e+02,
1.983377075195312500e+02,
1.985758209228515625e+02,
2.121779785156250000e+02,
2.238831939697265625e+02,
2.511069183349609375e+02,
3.053242187500000000e+02,
3.514881591796875000e+02,
3.876837158203125000e+02,
4.147081298828125000e+02,
4.262606811523437500e+02,
4.229082031250000000e+02,
4.163343811035156250e+02,
4.052022094726562500e+02,
3.816167602539062500e+02,
3.501531677246093750e+02,
3.443155517578125000e+02,
3.824626464843750000e+02,
3.625191345214843750e+02,
3.239011230468750000e+02,
2.790608825683593750e+02,
1.558574829101562500e+02,
1.498915252685546875e+02,
1.528383331298828125e+02,
1.511965637207031250e+02,
1.502952423095703125e+02,
1.496811981201171875e+02,
1.468393554687500000e+02,
1.434424133300781250e+02,
1.418940429687500000e+02,
1.400481262207031250e+02,
1.365916290283203125e+02,
1.372626037597656250e+02,
1.334078063964843750e+02,
1.476355743408203125e+02,
1.628849029541015625e+02,
7.851824951171875000e+02,
8.033264160156250000e+02,
8.253317260742187500e+02,
8.209904785156250000e+02,
7.940982666015625000e+02,
8.279377441406250000e+02,
8.388581542968750000e+02,
8.816188964843750000e+02,
9.033430786132812500e+02,
8.736553955078125000e+02,
8.146979980468750000e+02,
7.378870849609375000e+02,
6.379043579101562500e+02,
5.805556030273437500e+02,
5.686988525390625000e+02,
6.408793334960937500e+02,
8.135216064453125000e+02,
1.007748962402343750e+03,
1.206372436523437500e+03,
1.252570434570312500e+03,
1.255146850585937500e+03,
1.158211059570312500e+03,
1.001917663574218750e+03,
8.468298950195312500e+02,
7.782203369140625000e+02,
7.244515991210937500e+02,
6.935806274414062500e+02,
6.761366577148437500e+02,
6.575483398437500000e+02,
6.589029541015625000e+02,
6.193256225585937500e+02,
6.117445068359375000e+02,
5.962885742187500000e+02,
5.695029907226562500e+02,
5.540729980468750000e+02,
5.277994384765625000e+02,
4.904517211914062500e+02,
4.760516052246093750e+02,
4.711495056152343750e+02,
4.649397277832031250e+02,
4.574097900390625000e+02,
4.454934692382812500e+02,
4.323529357910156250e+02,
4.187903137207031250e+02,
3.817813110351562500e+02,
3.537543945312500000e+02,
3.313292541503906250e+02,
3.155084228515625000e+02,
3.041108703613281250e+02,
2.921819763183593750e+02,
2.787825317382812500e+02,
2.682097778320312500e+02,
2.612583312988281250e+02,
2.649674682617187500e+02,
2.682836303710937500e+02,
2.692579345703125000e+02,
2.737912597656250000e+02,
2.696387329101562500e+02,
2.739121704101562500e+02,
2.653912658691406250e+02,
2.488345947265625000e+02,
2.230855102539062500e+02,
2.031635742187500000e+02,
1.786329803466796875e+02,
1.592688598632812500e+02,
1.511933746337890625e+02,
1.499678344726562500e+02,
1.466528472900390625e+02,
1.442805023193359375e+02,
1.486141967773437500e+02,
1.742787780761718750e+02,
2.139210968017578125e+02,
2.483557739257812500e+02,
2.912612304687500000e+02,
3.232479553222656250e+02,
3.427300109863281250e+02,
3.366451721191406250e+02,
3.087732543945312500e+02,
2.844397277832031250e+02,
2.716044921875000000e+02,
2.653233337402343750e+02,
2.526361236572265625e+02,
2.442375946044921875e+02,
2.371760864257812500e+02,
2.129017181396484375e+02,
1.931919403076171875e+02,
1.719635620117187500e+02,
1.584831848144531250e+02,
1.499277954101562500e+02,
1.504449920654296875e+02,
1.550979003906250000e+02,
1.668445892333984375e+02,
1.738155670166015625e+02,
1.792329711914062500e+02,
1.805848693847656250e+02,
1.833779754638671875e+02,
1.832044982910156250e+02,
1.833642272949218750e+02,
1.836958923339843750e+02,
1.898003997802734375e+02,
1.909256896972656250e+02,
1.883439178466796875e+02,
1.808136444091796875e+02,
1.779856567382812500e+02,
1.716952209472656250e+02,
1.666754913330078125e+02,
1.665063323974609375e+02,
1.710025787353515625e+02,
1.719429931640625000e+02,
1.723681640625000000e+02,
1.677779693603515625e+02,
1.649883575439453125e+02,
1.617191925048828125e+02,
1.677109375000000000e+02,
1.714860076904296875e+02,
1.760792083740234375e+02,
1.819509277343750000e+02,
1.891834564208984375e+02,
1.871873321533203125e+02,
1.920969238281250000e+02,
1.904106140136718750e+02,
1.837662963867187500e+02,
1.707117919921875000e+02,
1.615611724853515625e+02,
1.576600494384765625e+02,
1.572764739990234375e+02,
1.666549987792968750e+02,
1.756333770751953125e+02,
1.813861083984375000e+02,
1.856167907714843750e+02,
1.899503631591796875e+02,
1.895732574462890625e+02,
1.890603485107421875e+02,
1.870174560546875000e+02,
1.813279266357421875e+02,
1.743015441894531250e+02,
1.721504058837890625e+02,
1.716143188476562500e+02,
1.994210968017578125e+02,
2.341117095947265625e+02,
2.793890686035156250e+02,
3.177271118164062500e+02,
3.187251892089843750e+02,
3.090287780761718750e+02,
2.770194702148437500e+02,
2.321553649902343750e+02,
2.010979156494140625e+02,
2.071010742187500000e+02,
2.060520782470703125e+02,
2.020158691406250000e+02,
1.981820831298828125e+02,
1.916096496582031250e+02,
1.767387542724609375e+02,
1.582870635986328125e+02,
1.371035156250000000e+02,
1.166686401367187500e+02,
1.057277145385742188e+02,
1.077658920288085938e+02,
1.122464828491210938e+02,
1.161607818603515625e+02,
1.195817489624023438e+02,
1.211289215087890625e+02,
1.186086578369140625e+02,
1.140091629028320312e+02,
1.087677383422851562e+02,
1.036782150268554688e+02,
1.007422561645507812e+02,
9.926776885986328125e+01,
9.726712036132812500e+01,
9.456905364990234375e+01,
9.246101379394531250e+01,
9.030886840820312500e+01,
8.942247772216796875e+01,
8.796894836425781250e+01,
8.721225738525390625e+01,
8.753527069091796875e+01,
8.613755035400390625e+01,
8.476750183105468750e+01,
8.435926055908203125e+01,
8.393098449707031250e+01,
8.300518798828125000e+01,
8.417854309082031250e+01,
8.913008117675781250e+01,
9.431446838378906250e+01,
9.969043731689453125e+01,
1.094482345581054688e+02,
1.148284988403320312e+02,
1.191906433105468750e+02,
1.235150833129882812e+02,
1.285496215820312500e+02,
1.258120651245117188e+02,
1.247258911132812500e+02,
1.237604751586914062e+02,
1.266050720214843750e+02,
1.306731262207031250e+02,
1.357607116699218750e+02,
1.360972747802734375e+02,
1.346818847656250000e+02,
1.293636627197265625e+02,
1.234642028808593750e+02,
1.206228332519531250e+02,
1.208215560913085938e+02,
1.213924789428710938e+02,
1.284998626708984375e+02,
1.303393096923828125e+02,
1.357796478271484375e+02,
1.390657806396484375e+02,
1.436564178466796875e+02,
1.361476135253906250e+02,
1.369468688964843750e+02,
1.309462280273437500e+02,
1.310694885253906250e+02,
1.312444000244140625e+02,
1.398475799560546875e+02,
1.596371154785156250e+02,
1.806612701416015625e+02,
2.017045745849609375e+02,
2.229008331298828125e+02,
2.363290557861328125e+02,
2.364418182373046875e+02,
2.350590820312500000e+02,
2.250021514892578125e+02,
2.259629516601562500e+02,
3.523354187011718750e+02,
4.738886718750000000e+02,
4.873223571777343750e+02,
4.318009033203125000e+02,
3.841822814941406250e+02,
4.375845031738281250e+02,
3.730137023925781250e+02,
2.805712280273437500e+02,
2.449799194335937500e+02,
2.355471496582031250e+02,
2.419797058105468750e+02,
2.562486572265625000e+02,
3.146466979980468750e+02,
3.838742980957031250e+02,
4.153947143554687500e+02,
4.251444091796875000e+02,
4.269504089355468750e+02,
4.497729492187500000e+02,
4.583531494140625000e+02,
4.186521301269531250e+02,
3.456253051757812500e+02,
2.547112426757812500e+02,
1.768889770507812500e+02,
1.761218566894531250e+02,
1.697785491943359375e+02,
1.643260955810546875e+02,
1.750243225097656250e+02,
9.811583862304687500e+02,
9.703612670898437500e+02,
9.766842041015625000e+02,
1.013021911621093750e+03,
9.734696655273437500e+02,
9.351421508789062500e+02,
8.510631713867187500e+02,
7.996664428710937500e+02,
7.248587036132812500e+02,
7.953180541992187500e+02,
1.004079040527343750e+03,
1.151665161132812500e+03,
1.256780639648437500e+03,
1.286562011718750000e+03,
1.189694458007812500e+03,
1.028434814453125000e+03,
9.135691528320312500e+02,
8.239973754882812500e+02,
7.897542114257812500e+02,
7.785662841796875000e+02,
7.380731201171875000e+02,
7.121246337890625000e+02,
6.768320922851562500e+02,
6.382785644531250000e+02,
5.912156982421875000e+02,
5.749988403320312500e+02,
5.467868652343750000e+02,
5.272048339843750000e+02,
4.770133361816406250e+02,
4.376213073730468750e+02,
3.938815612792968750e+02,
3.531752014160156250e+02,
3.313643188476562500e+02,
3.175583496093750000e+02,
3.086022644042968750e+02,
3.025010375976562500e+02,
3.111593017578125000e+02,
3.128321533203125000e+02,
2.994095458984375000e+02,
2.763798522949218750e+02,
2.473190917968750000e+02,
2.169870605468750000e+02,
1.891010437011718750e+02,
1.710876922607421875e+02,
1.636025238037109375e+02,
1.823837738037109375e+02,
2.268504791259765625e+02,
2.715655517578125000e+02,
3.148164672851562500e+02,
3.519522399902343750e+02,
3.640491027832031250e+02,
3.526481628417968750e+02,
3.161842956542968750e+02,
2.977256469726562500e+02,
2.756765136718750000e+02,
2.533070068359375000e+02,
2.163294677734375000e+02,
1.978740081787109375e+02,
1.860562744140625000e+02,
1.822555847167968750e+02,
1.854855957031250000e+02,
1.997533874511718750e+02,
2.049141235351562500e+02,
2.121535034179687500e+02,
2.194835357666015625e+02,
2.174861907958984375e+02,
2.176559295654296875e+02,
2.117096557617187500e+02,
1.989058685302734375e+02,
1.950695800781250000e+02,
1.963729095458984375e+02,
1.948988342285156250e+02,
1.947751159667968750e+02,
1.943079681396484375e+02,
2.009462585449218750e+02,
2.047045593261718750e+02,
2.118883056640625000e+02,
2.266654815673828125e+02,
2.318229370117187500e+02,
2.230147857666015625e+02,
2.101387481689453125e+02,
1.985604248046875000e+02,
1.958784179687500000e+02,
1.928714294433593750e+02,
1.986265258789062500e+02,
2.127203979492187500e+02,
2.222655334472656250e+02,
2.208446807861328125e+02,
2.161258239746093750e+02,
2.070120544433593750e+02,
2.121998443603515625e+02,
2.673923950195312500e+02,
3.251409301757812500e+02,
3.691882324218750000e+02,
3.790669860839843750e+02,
3.571348876953125000e+02,
3.057499389648437500e+02,
2.422646026611328125e+02,
2.262723388671875000e+02,
2.131619567871093750e+02,
1.976516571044921875e+02,
1.784411315917968750e+02,
1.536018829345703125e+02,
1.340737762451171875e+02,
1.209200439453125000e+02,
1.245653152465820312e+02,
1.278819274902343750e+02,
1.296848144531250000e+02,
1.224595031738281250e+02,
1.131702194213867188e+02,
1.064032287597656250e+02,
1.014004364013671875e+02,
9.712497711181640625e+01,
9.403963470458984375e+01,
9.230020904541015625e+01,
9.054947662353515625e+01,
8.898756408691406250e+01,
8.843579864501953125e+01,
8.586544036865234375e+01,
8.593043518066406250e+01,
8.809603881835937500e+01,
9.526102447509765625e+01,
1.083523788452148438e+02,
1.203022766113281250e+02,
1.328911437988281250e+02,
1.385809326171875000e+02,
1.458388214111328125e+02,
1.460780639648437500e+02,
1.499596862792968750e+02,
1.492258300781250000e+02,
1.494052734375000000e+02,
1.492463378906250000e+02,
1.428844909667968750e+02,
1.327755737304687500e+02,
1.445541076660156250e+02,
1.498556060791015625e+02,
1.545803680419921875e+02,
1.525218811035156250e+02,
1.568097686767578125e+02,
1.505779266357421875e+02,
1.497414550781250000e+02,
1.633372344970703125e+02,
1.860225982666015625e+02,
2.120276489257812500e+02,
2.419752197265625000e+02,
2.602640075683593750e+02,
2.562803649902343750e+02,
3.453377380371093750e+02,
4.697161254882812500e+02,
4.953626708984375000e+02,
4.590856018066406250e+02,
4.258733520507812500e+02,
4.093247985839843750e+02,
3.100911865234375000e+02,
2.605921630859375000e+02,
3.308995971679687500e+02,
4.145397033691406250e+02,
4.227861328125000000e+02,
4.326520996093750000e+02,
4.979332885742187500e+02,
5.197222290039062500e+02,
4.436577758789062500e+02,
3.431181640625000000e+02,
2.078565216064453125e+02,
1.956229095458984375e+02,
