4.904759216308593750e+02,
4.770095520019531250e+02,
4.643937988281250000e+02,
4.501974487304687500e+02,
4.195586242675781250e+02,
4.202547912597656250e+02,
4.170538635253906250e+02,
4.239472961425781250e+02,
4.319674072265625000e+02,
4.366864013671875000e+02,
4.362618408203125000e+02,
4.275173645019531250e+02,
4.303952636718750000e+02,
4.269200439453125000e+02,
4.154119262695312500e+02,
4.056325378417968750e+02,
3.870362854003906250e+02,
3.699102172851562500e+02,
3.604453430175781250e+02,
3.523018188476562500e+02,
3.387696228027343750e+02,
3.241728515625000000e+02,
3.118383789062500000e+02,
3.053017272949218750e+02,
2.938462219238281250e+02,
2.790428161621093750e+02,
2.707033081054687500e+02,
2.677682800292968750e+02,
2.641561889648437500e+02,
2.591267700195312500e+02,
2.548737335205078125e+02,
2.516195068359375000e+02,
2.525157928466796875e+02,
2.498265686035156250e+02,
2.539877777099609375e+02,
2.528186035156250000e+02,
2.573178100585937500e+02,
2.636141662597656250e+02,
2.624885864257812500e+02,
2.631179199218750000e+02,
2.646329650878906250e+02,
2.663631896972656250e+02,
2.693858032226562500e+02,
2.686903686523437500e+02,
2.659178161621093750e+02,
2.637844543457031250e+02,
2.564242858886718750e+02,
2.499058990478515625e+02,
2.483963317871093750e+02,
2.500956115722656250e+02,
2.510024871826171875e+02,
2.571176757812500000e+02,
2.599747314453125000e+02,
2.596145019531250000e+02,
2.558619079589843750e+02,
2.452851257324218750e+02,
2.340009765625000000e+02,
2.259118957519531250e+02,
2.181487426757812500e+02,
2.161311035156250000e+02,
2.142181701660156250e+02,
2.122474517822265625e+02,
2.104563598632812500e+02,
2.079092102050781250e+02,
2.081881103515625000e+02,
2.049255371093750000e+02,
2.022998809814453125e+02,
2.029688873291015625e+02,
2.170320739746093750e+02,
2.444447937011718750e+02,
2.727602233886718750e+02,
2.801550292968750000e+02,
2.742811279296875000e+02,
2.537031860351562500e+02,
2.357162933349609375e+02,
1.996722564697265625e+02,
1.981970062255859375e+02,
1.972128601074218750e+02,
1.961357727050781250e+02,
2.029801788330078125e+02,
2.095282897949218750e+02,
2.154005889892578125e+02,
2.295066528320312500e+02,
2.464502105712890625e+02,
2.322194366455078125e+02,
2.351238708496093750e+02,
2.343042755126953125e+02,
2.284278411865234375e+02,
2.322724914550781250e+02,
2.346711578369140625e+02,
2.369792022705078125e+02,
2.333793182373046875e+02,
2.262793273925781250e+02,
2.003820190429687500e+02,
2.005416259765625000e+02,
1.980794372558593750e+02,
2.243798065185546875e+02,
2.526441040039062500e+02,
2.775805969238281250e+02,
2.880770874023437500e+02,
2.897984619140625000e+02,
2.770112304687500000e+02,
2.154348144531250000e+02,
2.084201965332031250e+02,
2.153251953125000000e+02,
2.162841339111328125e+02,
2.103331451416015625e+02,
2.109312591552734375e+02,
2.179492034912109375e+02,
2.226051330566406250e+02,
2.348861999511718750e+02,
2.442841339111328125e+02,
2.493568572998046875e+02,
2.525601806640625000e+02,
2.532570648193359375e+02,
2.675864868164062500e+02,
2.721679992675781250e+02,
2.848009033203125000e+02,
2.895110778808593750e+02,
2.985403442382812500e+02,
3.262225036621093750e+02,
3.395641174316406250e+02,
3.577425842285156250e+02,
3.519627685546875000e+02,
3.517371826171875000e+02,
3.455618591308593750e+02,
3.469749755859375000e+02,
3.110886230468750000e+02,
2.872573852539062500e+02,
2.959250183105468750e+02,
3.192662963867187500e+02,
3.576847839355468750e+02,
3.855899353027343750e+02,
4.111531066894531250e+02,
4.420498657226562500e+02,
4.595190124511718750e+02,
4.568597106933593750e+02,
4.272753295898437500e+02,
3.942088317871093750e+02,
3.821613464355468750e+02,
3.791185607910156250e+02,
3.866760559082031250e+02,
3.739206237792968750e+02,
3.646603698730468750e+02,
3.742496948242187500e+02,
4.019259948730468750e+02,
4.078758850097656250e+02,
4.049537963867187500e+02,
3.666022949218750000e+02,
2.939595947265625000e+02,
2.655152587890625000e+02,
2.475640258789062500e+02,
2.339072418212890625e+02,
2.272027435302734375e+02,
2.227788238525390625e+02,
2.205346984863281250e+02,
2.295432434082031250e+02,
2.365369567871093750e+02,
2.413223266601562500e+02,
2.476781768798828125e+02,
2.545418548583984375e+02,
2.510732879638671875e+02,
2.493786315917968750e+02,
2.492307739257812500e+02,
2.438475799560546875e+02,
2.378906402587890625e+02,
2.398911285400390625e+02,
2.338854370117187500e+02,
2.335968170166015625e+02,
2.389410400390625000e+02,
2.425874481201171875e+02,
2.430962677001953125e+02,
2.421505432128906250e+02,
2.358444671630859375e+02,
2.310237884521484375e+02,
2.212406005859375000e+02,
2.196628570556640625e+02,
2.267054138183593750e+02,
2.314993286132812500e+02,
5.927088012695312500e+02,
5.962926025390625000e+02,
5.789343261718750000e+02,
5.551563720703125000e+02,
5.187555541992187500e+02,
5.107023315429687500e+02,
5.059592285156250000e+02,
4.715384826660156250e+02,
4.466711425781250000e+02,
4.201347045898437500e+02,
3.969310302734375000e+02,
3.670573425292968750e+02,
3.417311096191406250e+02,
3.226518249511718750e+02,
3.151793212890625000e+02,
3.165094909667968750e+02,
3.145866394042968750e+02,
3.190672302246093750e+02,
3.288793334960937500e+02,
3.382626342773437500e+02,
3.394183044433593750e+02,
3.295502929687500000e+02,
3.304884643554687500e+02,
3.212123718261718750e+02,
3.227332153320312500e+02,
3.143782958984375000e+02,
3.027587890625000000e+02,
2.876148071289062500e+02,
2.692211608886718750e+02,
2.514038238525390625e+02,
2.459819335937500000e+02,
2.431194458007812500e+02,
2.570862121582031250e+02,
2.796036987304687500e+02,
2.791279907226562500e+02,
2.756352844238281250e+02,
2.750148620605468750e+02,
2.556200561523437500e+02,
2.361394958496093750e+02,
2.498137969970703125e+02,
2.555634460449218750e+02,
2.652532043457031250e+02,
2.506844329833984375e+02,
2.519104461669921875e+02,
2.439352264404296875e+02,
2.382761230468750000e+02,
2.596787109375000000e+02,
2.869867858886718750e+02,
2.971773681640625000e+02,
2.984116821289062500e+02,
3.074988708496093750e+02,
2.426075134277343750e+02,
2.526185302734375000e+02,
2.592643737792968750e+02,
2.679981689453125000e+02,
2.936475524902343750e+02,
3.095405883789062500e+02,
3.192946777343750000e+02,
3.523566589355468750e+02,
3.725521545410156250e+02,
3.741888427734375000e+02,
3.747748718261718750e+02,
3.757057189941406250e+02,
4.174047851562500000e+02,
4.157566528320312500e+02,
4.268072814941406250e+02,
4.497215270996093750e+02,
4.585396423339843750e+02,
4.902639770507812500e+02,
4.625697326660156250e+02,
4.857192382812500000e+02,
4.675703125000000000e+02,
3.758309020996093750e+02,
3.555519104003906250e+02,
3.154316406250000000e+02,
2.746731567382812500e+02,
2.698767700195312500e+02,
2.759133300781250000e+02,
2.817792968750000000e+02,
2.873447570800781250e+02,
3.009694824218750000e+02,
2.936835021972656250e+02,
2.981483459472656250e+02,
3.002389831542968750e+02,
2.934948730468750000e+02,
2.906925659179687500e+02,
2.804568786621093750e+02,
6.692771606445312500e+02,
6.548440551757812500e+02,
6.450960083007812500e+02,
6.263587646484375000e+02,
5.544064941406250000e+02,
5.141353149414062500e+02,
4.657043457031250000e+02,
4.287487487792968750e+02,
3.845240478515625000e+02,
3.795419921875000000e+02,
3.749803161621093750e+02,
3.979250793457031250e+02,
4.022368774414062500e+02,
4.041578369140625000e+02,
4.067998657226562500e+02,
3.940236511230468750e+02,
3.617534484863281250e+02,
3.440428466796875000e+02,
3.165009155273437500e+02,
2.886334228515625000e+02,
3.224276123046875000e+02,
3.134451599121093750e+02,
3.095604553222656250e+02,
3.031178894042968750e+02,
3.060978698730468750e+02,
2.830252685546875000e+02,
2.943760070800781250e+02,
2.892275695800781250e+02,
2.775112915039062500e+02,
2.803658142089843750e+02,
3.019391479492187500e+02,
3.101172180175781250e+02,
3.122308959960937500e+02,
3.219645080566406250e+02,
2.818992309570312500e+02,
2.963210144042968750e+02,
3.200960693359375000e+02,
3.545430908203125000e+02,
3.714460754394531250e+02,
3.937438659667968750e+02,
4.207831420898437500e+02,
4.581706848144531250e+02,
4.853725585937500000e+02,
4.706954650878906250e+02,
4.872040405273437500e+02,
5.351773071289062500e+02,
5.090930786132812500e+02,
4.816616210937500000e+02,
4.264458618164062500e+02,
4.135243835449218750e+02,
3.427680969238281250e+02,
3.360003967285156250e+02,
3.457495727539062500e+02,
3.602197570800781250e+02,
3.606296691894531250e+02,
3.461418151855468750e+02,
3.346771850585937500e+02,
