6.623706665039062500e+02,
6.509879150390625000e+02,
6.164008178710937500e+02,
5.656973876953125000e+02,
4.901108703613281250e+02,
4.493102111816406250e+02,
4.186061096191406250e+02,
4.095560913085937500e+02,
4.136813659667968750e+02,
4.130858764648437500e+02,
4.124598388671875000e+02,
4.045957641601562500e+02,
3.928619995117187500e+02,
3.835990905761718750e+02,
3.704132385253906250e+02,
3.516555480957031250e+02,
3.408509826660156250e+02,
3.299959716796875000e+02,
3.272289428710937500e+02,
3.245275268554687500e+02,
3.233028564453125000e+02,
3.232664794921875000e+02,
3.292399597167968750e+02,
3.363706054687500000e+02,
3.416147155761718750e+02,
3.430412597656250000e+02,
3.472864685058593750e+02,
3.490948181152343750e+02,
3.453880920410156250e+02,
3.514778137207031250e+02,
3.614794311523437500e+02,
3.761424865722656250e+02,
3.808053588867187500e+02,
3.929158935546875000e+02,
3.989826354980468750e+02,
4.098747863769531250e+02,
4.244257202148437500e+02,
4.195649719238281250e+02,
4.163869323730468750e+02,
4.126107482910156250e+02,
4.287329101562500000e+02,
4.197170715332031250e+02,
4.235386047363281250e+02,
4.227302856445312500e+02,
4.220898437500000000e+02,
4.158551025390625000e+02,
4.112810974121093750e+02,
4.090234680175781250e+02,
4.027789001464843750e+02,
3.857059631347656250e+02,
3.666604614257812500e+02,
3.464670410156250000e+02,
3.310855712890625000e+02,
3.195914916992187500e+02,
3.184931030273437500e+02,
3.177855529785156250e+02,
3.193008422851562500e+02,
3.166386413574218750e+02,
3.184442138671875000e+02,
3.203293151855468750e+02,
3.139565429687500000e+02,
3.131100769042968750e+02,
3.083160095214843750e+02,
3.103212585449218750e+02,
3.112308959960937500e+02,
3.109078063964843750e+02,
3.103304138183593750e+02,
3.093585815429687500e+02,
3.082964477539062500e+02,
3.039785766601562500e+02,
3.002522583007812500e+02,
2.937822875976562500e+02,
2.890858154296875000e+02,
2.805369262695312500e+02,
2.713972778320312500e+02,
2.630445861816406250e+02,
2.585507507324218750e+02,
2.612442626953125000e+02,
2.630273742675781250e+02,
2.654378051757812500e+02,
2.662081604003906250e+02,
2.669998168945312500e+02,
2.684135437011718750e+02,
2.743923950195312500e+02,
2.831479187011718750e+02,
2.856511535644531250e+02,
2.904671020507812500e+02,
2.909395446777343750e+02,
2.892626342773437500e+02,
3.027548217773437500e+02,
3.173920288085937500e+02,
3.294313049316406250e+02,
3.510043945312500000e+02,
3.810753173828125000e+02,
3.865910034179687500e+02,
3.937452087402343750e+02,
4.114979858398437500e+02,
4.092376098632812500e+02,
3.952463684082031250e+02,
3.877934265136718750e+02,
3.795440368652343750e+02,
3.925751037597656250e+02,
4.519974365234375000e+02,
5.158128051757812500e+02,
5.693018188476562500e+02,
6.234929199218750000e+02,
6.635929565429687500e+02,
6.411042480468750000e+02,
6.185576782226562500e+02,
6.048427124023437500e+02,
5.717033081054687500e+02,
5.466875000000000000e+02,
5.526888427734375000e+02,
5.411531372070312500e+02,
5.418336181640625000e+02,
5.537432861328125000e+02,
5.588834838867187500e+02,
5.711116943359375000e+02,
5.851486816406250000e+02,
5.762062377929687500e+02,
5.421977539062500000e+02,
5.208878784179687500e+02,
4.955198974609375000e+02,
4.823722839355468750e+02,
4.733143005371093750e+02,
4.671293029785156250e+02,
4.477435607910156250e+02,
4.257266845703125000e+02,
4.087456054687500000e+02,
3.903963623046875000e+02,
3.996914978027343750e+02,
4.137062377929687500e+02,
4.219470520019531250e+02,
4.146336364746093750e+02,
4.119719543457031250e+02,
3.976994628906250000e+02,
3.950589294433593750e+02,
3.919303283691406250e+02,
3.764800109863281250e+02,
3.675283813476562500e+02,
3.551309814453125000e+02,
3.493057556152343750e+02,
3.604410705566406250e+02,
3.659685668945312500e+02,
3.682776794433593750e+02,
3.749334106445312500e+02,
3.801932983398437500e+02,
3.855603027343750000e+02,
3.840691528320312500e+02,
3.874977722167968750e+02,
3.842243347167968750e+02,
3.788215332031250000e+02,
3.708571777343750000e+02,
3.613895874023437500e+02,
3.487533874511718750e+02,
3.495661010742187500e+02,
3.424649047851562500e+02,
3.342564697265625000e+02,
3.303373413085937500e+02,
3.260405578613281250e+02,
3.210718994140625000e+02,
3.184519653320312500e+02,
3.279797973632812500e+02,
3.281662292480468750e+02,
3.262328796386718750e+02,
3.260832214355468750e+02,
3.219007263183593750e+02,
3.169164428710937500e+02,
3.119997558593750000e+02,
3.112068176269531250e+02,
3.107134399414062500e+02,
3.082971496582031250e+02,
6.284531250000000000e+02,
6.228148803710937500e+02,
5.772600097656250000e+02,
5.239738769531250000e+02,
4.424949645996093750e+02,
4.306345825195312500e+02,
4.034567260742187500e+02,
3.863500671386718750e+02,
3.715719604492187500e+02,
3.665017700195312500e+02,
3.729826049804687500e+02,
3.860122680664062500e+02,
3.950763244628906250e+02,
4.077858276367187500e+02,
4.266784973144531250e+02,
4.375063476562500000e+02,
4.627828063964843750e+02,
4.756691284179687500e+02,
4.818538208007812500e+02,
4.808885803222656250e+02,
4.780027160644531250e+02,
4.736134033203125000e+02,
4.641942443847656250e+02,
4.481583251953125000e+02,
4.278199462890625000e+02,
4.025837402343750000e+02,
3.688493957519531250e+02,
3.541128845214843750e+02,
3.582426147460937500e+02,
3.658552551269531250e+02,
3.629757080078125000e+02,
3.567795410156250000e+02,
3.554626770019531250e+02,
3.498727722167968750e+02,
3.369334716796875000e+02,
3.168577575683593750e+02,
3.018904113769531250e+02,
2.953323364257812500e+02,
2.853757629394531250e+02,
2.945027160644531250e+02,
3.042174987792968750e+02,
3.132739562988281250e+02,
3.248247985839843750e+02,
3.540193786621093750e+02,
3.870758056640625000e+02,
4.266329650878906250e+02,
4.749284362792968750e+02,
4.910130310058593750e+02,
5.111542053222656250e+02,
6.050714721679687500e+02,
6.888779907226562500e+02,
7.812236328125000000e+02,
8.347218017578125000e+02,
9.048954467773437500e+02,
8.593081665039062500e+02,
8.135950317382812500e+02,
7.855309448242187500e+02,
7.929145507812500000e+02,
7.419678955078125000e+02,
7.349429321289062500e+02,
6.818985595703125000e+02,
6.153081665039062500e+02,
5.677093505859375000e+02,
5.563690795898437500e+02,
5.218488159179687500e+02,
5.020384521484375000e+02,
4.999778137207031250e+02,
4.877914428710937500e+02,
4.641243896484375000e+02,
4.479638671875000000e+02,
4.337773132324218750e+02,
4.377033996582031250e+02,
4.428274536132812500e+02,
4.459535827636718750e+02,
4.327149047851562500e+02,
4.157132568359375000e+02,
3.979224548339843750e+02,
3.837830810546875000e+02,
3.730445251464843750e+02,
3.667409667968750000e+02,
3.628097229003906250e+02,
3.580622863769531250e+02,
3.532567443847656250e+02,
3.519024047851562500e+02,
6.305471801757812500e+02,
6.125480346679687500e+02,
5.955915527343750000e+02,
5.307545166015625000e+02,
4.292039489746093750e+02,
4.160951538085937500e+02,
4.174381408691406250e+02,
4.324872436523437500e+02,
4.707534179687500000e+02,
4.983742980957031250e+02,
5.103213500976562500e+02,
5.363475341796875000e+02,
5.406277465820312500e+02,
5.225764160156250000e+02,
5.041763000488281250e+02,
4.922979125976562500e+02,
4.662977905273437500e+02,
4.208086242675781250e+02,
4.040300292968750000e+02,
4.115502624511718750e+02,
4.057359313964843750e+02,
3.903546447753906250e+02,
3.633433227539062500e+02,
3.426637268066406250e+02,
3.236284179687500000e+02,
3.218574218750000000e+02,
3.300109558105468750e+02,
3.657401428222656250e+02,
4.106999511718750000e+02,
4.713117370605468750e+02,
5.130569458007812500e+02,
6.434047851562500000e+02,
7.928239746093750000e+02,
9.016464233398437500e+02,
9.731902465820312500e+02,
1.051259521484375000e+03,
1.018654296875000000e+03,
9.301470947265625000e+02,
8.971397094726562500e+02,
8.352558593750000000e+02,
7.695448608398437500e+02,
6.787546997070312500e+02,
6.435666503906250000e+02,
5.775552368164062500e+02,
5.585356445312500000e+02,
5.308168945312500000e+02,
5.165226440429687500e+02,
4.981774902343750000e+02,
4.868629760742187500e+02,
4.665454101562500000e+02,
4.397887573242187500e+02,
4.213643493652343750e+02,
4.060210571289062500e+02,
3.911863403320312500e+02,
3.850440368652343750e+02,
