9.990411987304687500e+02,
1.067072143554687500e+03,
1.220685058593750000e+03,
1.292776855468750000e+03,
1.183575073242187500e+03,
1.057542602539062500e+03,
1.022655517578125000e+03,
9.978415527343750000e+02,
9.504337768554687500e+02,
9.479848632812500000e+02,
9.750758056640625000e+02,
1.033250366210937500e+03,
1.040708251953125000e+03,
1.031683959960937500e+03,
1.030716186523437500e+03,
1.037548950195312500e+03,
1.021118774414062500e+03,
1.005626281738281250e+03,
9.935353393554687500e+02,
1.051585083007812500e+03,
1.085123168945312500e+03,
1.118943969726562500e+03,
1.166136474609375000e+03,
1.025520874023437500e+03,
9.242952270507812500e+02,
9.552094116210937500e+02,
1.124481079101562500e+03,
1.083737792968750000e+03,
9.712228393554687500e+02,
1.005958740234375000e+03,
1.134339721679687500e+03,
1.057114379882812500e+03,
9.815397338867187500e+02,
1.079217041015625000e+03,
1.110658447265625000e+03,
1.081982055664062500e+03,
1.115638793945312500e+03,
1.148851440429687500e+03,
1.012476379394531250e+03,
9.092514038085937500e+02,
1.050662719726562500e+03,
1.133248291015625000e+03,
1.085416625976562500e+03,
1.008577514648437500e+03,
1.081150512695312500e+03,
1.083559082031250000e+03,
9.715961303710937500e+02,
1.026901733398437500e+03,
1.060186035156250000e+03,
1.023757690429687500e+03,
1.083691894531250000e+03,
1.147671630859375000e+03,
1.038881835937500000e+03,
9.631175537109375000e+02,
1.055011474609375000e+03,
1.149068115234375000e+03,
1.080419311523437500e+03,
1.027088867187500000e+03,
1.081479614257812500e+03,
1.081643554687500000e+03,
9.803152465820312500e+02,
9.985062255859375000e+02,
1.050198730468750000e+03,
1.033213623046875000e+03,
9.770139770507812500e+02,
9.970693969726562500e+02,
9.660276489257812500e+02,
9.106234741210937500e+02,
9.344280395507812500e+02,
9.459631347656250000e+02,
9.928704833984375000e+02,
1.091923339843750000e+03,
1.001852844238281250e+03,
8.738636474609375000e+02,
8.605803222656250000e+02,
8.850098266601562500e+02,
9.114558105468750000e+02,
9.489823608398437500e+02,
9.324227294921875000e+02,
8.711390991210937500e+02,
8.294235839843750000e+02,
8.490277709960937500e+02,
8.670702514648437500e+02,
9.056116943359375000e+02,
