2.791176757812500000e+02,
2.694754638671875000e+02,
2.649960937500000000e+02,
2.591664123535156250e+02,
2.395737457275390625e+02,
2.363606719970703125e+02,
2.342618408203125000e+02,
2.318039093017578125e+02,
2.324659576416015625e+02,
2.382814788818359375e+02,
2.536868286132812500e+02,
2.650109252929687500e+02,
2.682573852539062500e+02,
2.673411254882812500e+02,
2.704221801757812500e+02,
2.686082458496093750e+02,
2.592269897460937500e+02,
2.540549621582031250e+02,
2.544492340087890625e+02,
2.533787078857421875e+02,
2.505686492919921875e+02,
2.488990173339843750e+02,
2.424461975097656250e+02,
2.345450134277343750e+02,
2.252742919921875000e+02,
2.168264160156250000e+02,
2.073044128417968750e+02,
2.029293518066406250e+02,
2.014935302734375000e+02,
1.976235656738281250e+02,
1.964186859130859375e+02,
1.966789398193359375e+02,
1.992133178710937500e+02,
1.999282531738281250e+02,
2.024159851074218750e+02,
2.039320068359375000e+02,
2.048660583496093750e+02,
2.061052551269531250e+02,
2.076121826171875000e+02,
2.092668609619140625e+02,
2.107468872070312500e+02,
2.118346862792968750e+02,
2.109660034179687500e+02,
2.125235748291015625e+02,
2.140080413818359375e+02,
2.135265808105468750e+02,
2.138003387451171875e+02,
2.137937622070312500e+02,
2.133759155273437500e+02,
2.148076171875000000e+02,
2.204975433349609375e+02,
2.259073333740234375e+02,
2.305438385009765625e+02,
2.392965240478515625e+02,
2.480076446533203125e+02,
2.559680328369140625e+02,
2.657117309570312500e+02,
2.811970520019531250e+02,
2.985447082519531250e+02,
3.345278930664062500e+02,
3.536978454589843750e+02,
3.649502868652343750e+02,
3.740136413574218750e+02,
3.804502868652343750e+02,
3.823670654296875000e+02,
3.954774169921875000e+02,
3.873858642578125000e+02,
3.786244506835937500e+02,
3.636229248046875000e+02,
3.401038208007812500e+02,
3.200461120605468750e+02,
3.155417480468750000e+02,
3.161198120117187500e+02,
3.294141845703125000e+02,
3.535173034667968750e+02,
3.810417785644531250e+02,
3.997208557128906250e+02,
4.206046447753906250e+02,
4.442192382812500000e+02,
4.551965942382812500e+02,
4.802984313964843750e+02,
5.080777282714843750e+02,
5.149547729492187500e+02,
5.134421997070312500e+02,
5.037054138183593750e+02,
4.945146789550781250e+02,
4.729143066406250000e+02,
4.547537841796875000e+02,
4.474066772460937500e+02,
4.379371032714843750e+02,
4.295449523925781250e+02,
4.325190734863281250e+02,
4.411345214843750000e+02,
4.544664001464843750e+02,
4.664597473144531250e+02,
4.775247802734375000e+02,
4.789220581054687500e+02,
4.565992431640625000e+02,
4.453550415039062500e+02,
4.405088806152343750e+02,
4.274542846679687500e+02,
4.224548950195312500e+02,
4.097608642578125000e+02,
3.955320434570312500e+02,
3.747360534667968750e+02,
3.629576721191406250e+02,
3.561909790039062500e+02,
3.518530273437500000e+02,
3.415011596679687500e+02,
3.438560180664062500e+02,
3.467959594726562500e+02,
3.422423706054687500e+02,
3.391165466308593750e+02,
3.303072814941406250e+02,
3.179347839355468750e+02,
3.083728637695312500e+02,
3.071299438476562500e+02,
3.106934509277343750e+02,
3.039651184082031250e+02,
3.147330017089843750e+02,
3.259602661132812500e+02,
3.295256958007812500e+02,
3.313877563476562500e+02,
3.350115356445312500e+02,
3.364718017578125000e+02,
3.535005798339843750e+02,
3.636529846191406250e+02,
3.745950317382812500e+02,
3.883768310546875000e+02,
3.959436950683593750e+02,
3.932890625000000000e+02,
3.761388244628906250e+02,
3.722252197265625000e+02,
3.676907958984375000e+02,
3.674745483398437500e+02,
3.674602966308593750e+02,
3.598770141601562500e+02,
3.623924560546875000e+02,
3.508086853027343750e+02,
3.404567565917968750e+02,
3.324098205566406250e+02,
3.229977111816406250e+02,
3.087646789550781250e+02,
3.076527709960937500e+02,
3.091276550292968750e+02,
3.045502319335937500e+02,
2.931953125000000000e+02,
2.925822448730468750e+02,
2.946740112304687500e+02,
2.964105529785156250e+02,
3.025288696289062500e+02,
3.073822021484375000e+02,
3.098760986328125000e+02,
3.072451782226562500e+02,
3.040160827636718750e+02,
3.019139404296875000e+02,
3.024795837402343750e+02,
2.996169128417968750e+02,
2.881036682128906250e+02,
2.813686218261718750e+02,
2.775422363281250000e+02,
2.730930786132812500e+02,
2.763656616210937500e+02,
2.795092163085937500e+02,
2.806707153320312500e+02,
2.864574584960937500e+02,
2.854992675781250000e+02,
2.830493164062500000e+02,
2.827763977050781250e+02,
2.860959472656250000e+02,
2.839235229492187500e+02,
2.898511352539062500e+02,
2.974665527343750000e+02,
3.017082824707031250e+02,
3.004862976074218750e+02,
2.981958312988281250e+02,
2.996193542480468750e+02,
3.046585998535156250e+02,
3.062635192871093750e+02,
3.131018066406250000e+02,
3.159911193847656250e+02,
3.185234375000000000e+02,
3.224725952148437500e+02,
3.231205139160156250e+02,
3.239254455566406250e+02,
3.242992248535156250e+02,
3.289900817871093750e+02,
3.347683715820312500e+02,
3.420934143066406250e+02,
3.575260314941406250e+02,
3.709161987304687500e+02,
3.690775451660156250e+02,
3.736507568359375000e+02,
3.758367614746093750e+02,
3.769598388671875000e+02,
3.866811828613281250e+02,
3.866299133300781250e+02,
3.860381164550781250e+02,
3.897875976562500000e+02,
3.847247619628906250e+02,
3.671230163574218750e+02,
3.546067810058593750e+02,
3.344322814941406250e+02,
3.214986267089843750e+02,
3.131453857421875000e+02,
3.137361145019531250e+02,
3.159786071777343750e+02,
3.196410217285156250e+02,
3.267752685546875000e+02,
3.299998779296875000e+02,
3.359449768066406250e+02,
3.334264831542968750e+02,
3.289957885742187500e+02,
3.279213867187500000e+02,
3.288273925781250000e+02,
3.216669616699218750e+02,
3.195202026367187500e+02,
3.231567993164062500e+02,
3.252191467285156250e+02,
3.249752197265625000e+02,
3.278343505859375000e+02,
3.326028442382812500e+02,
3.452112731933593750e+02,
3.535825805664062500e+02,
3.746864929199218750e+02,
3.928395690917968750e+02,
3.924753417968750000e+02,
3.837663574218750000e+02,
3.691829528808593750e+02,
3.562175903320312500e+02,
3.534803466796875000e+02,
3.562850646972656250e+02,
3.544813842773437500e+02,
3.568921508789062500e+02,
3.531410522460937500e+02,
3.423007202148437500e+02,
3.343129882812500000e+02,
3.255325927734375000e+02,
3.140185546875000000e+02,
2.951896667480468750e+02,
2.727108764648437500e+02,
2.566601867675781250e+02,
2.311173706054687500e+02,
2.120015563964843750e+02,
2.025544281005859375e+02,
1.981078796386718750e+02,
1.884686279296875000e+02,
1.894376678466796875e+02,
1.913060913085937500e+02,
1.954775085449218750e+02,
2.001121826171875000e+02,
2.079266052246093750e+02,
2.090833892822265625e+02,
2.212158355712890625e+02,
2.262088928222656250e+02,
2.246651306152343750e+02,
2.239101104736328125e+02,
2.226654510498046875e+02,
2.150860595703125000e+02,
2.128875885009765625e+02,
2.144392547607421875e+02,
2.132471618652343750e+02,
2.132196044921875000e+02,
2.181146087646484375e+02,
2.149622192382812500e+02,
2.132119140625000000e+02,
2.079182281494140625e+02,
2.021410217285156250e+02,
1.999904022216796875e+02,
1.957251129150390625e+02,
1.900489196777343750e+02,
1.857440948486328125e+02,
1.803629608154296875e+02,
1.773545074462890625e+02,
1.757685852050781250e+02,
1.770722503662109375e+02,
1.796166076660156250e+02,
1.816546325683593750e+02,
1.838352661132812500e+02,
1.849873199462890625e+02,
1.871852111816406250e+02,
1.877573852539062500e+02,
1.864752960205078125e+02,
1.868900756835937500e+02,
1.882891845703125000e+02,
1.880629119873046875e+02,
1.883571014404296875e+02,
1.899790039062500000e+02,
1.891441650390625000e+02,
1.893064117431640625e+02,
1.900390625000000000e+02,
1.924284820556640625e+02,
1.952648162841796875e+02,
1.971469879150390625e+02,
1.968308410644531250e+02,
1.967230529785156250e+02,
1.934074249267578125e+02,
1.901922149658203125e+02,
1.881560821533203125e+02,
1.871440582275390625e+02,
1.856075592041015625e+02,
1.849370727539062500e+02,
1.825052642822265625e+02,
1.809088134765625000e+02,
1.800638122558593750e+02,
1.791759490966796875e+02,
1.783190917968750000e+02,
1.799789733886718750e+02,
1.826406402587890625e+02,
1.808081970214843750e+02,
1.790622863769531250e+02,
1.811664123535156250e+02,
1.824510650634765625e+02,
1.819430084228515625e+02,
1.891859588623046875e+02,
1.953416442871093750e+02,
1.991540222167968750e+02,
2.033477172851562500e+02,
2.089823303222656250e+02,
2.087653808593750000e+02,
2.108072509765625000e+02,
2.102667236328125000e+02,
2.079791107177734375e+02,
2.033483581542968750e+02,
1.989861145019531250e+02,
1.990541992187500000e+02,
2.010969238281250000e+02,
2.037073822021484375e+02,
2.065054626464843750e+02,
2.104813842773437500e+02,
2.121290435791015625e+02,
2.130826568603515625e+02,
2.141266326904296875e+02,
2.129050750732421875e+02,
2.094227600097656250e+02,
2.088919525146484375e+02,
2.021165466308593750e+02,
1.964710540771484375e+02,
1.921613922119140625e+02,
1.872682647705078125e+02,
1.859786987304687500e+02,
1.834517822265625000e+02,
1.848295898437500000e+02,
1.873815155029296875e+02,
1.874617462158203125e+02,
1.887832946777343750e+02,
1.912971343994140625e+02,
1.938685150146484375e+02,
1.954633026123046875e+02,
1.983498992919921875e+02,
2.022149047851562500e+02,
2.031706848144531250e+02,
2.063669738769531250e+02,
2.081612701416015625e+02,
2.115177917480468750e+02,
2.138129425048828125e+02,
2.151927795410156250e+02,
2.174648437500000000e+02,
2.194262084960937500e+02,
2.186494750976562500e+02,
2.176022186279296875e+02,
2.173282623291015625e+02,
2.145764465332031250e+02,
2.083257141113281250e+02,
2.044880828857421875e+02,
2.055968322753906250e+02,
2.019604034423828125e+02,
2.018437805175781250e+02,
2.020386657714843750e+02,
2.010275878906250000e+02,
2.004352111816406250e+02,
1.999500274658203125e+02,
2.001741485595703125e+02,
2.023342437744140625e+02,
2.037357025146484375e+02,
2.038461151123046875e+02,
2.054255371093750000e+02,
2.069986114501953125e+02,
2.075940856933593750e+02,
2.080947875976562500e+02,
2.080076599121093750e+02,
2.055740203857421875e+02,
2.049972381591796875e+02,
2.037925109863281250e+02,
2.069017028808593750e+02,
2.091284637451171875e+02,
2.124235382080078125e+02,
2.141446075439453125e+02,
2.097757720947265625e+02,
2.075742492675781250e+02,
2.033500366210937500e+02,
2.016958923339843750e+02,
1.994615325927734375e+02,
1.934765014648437500e+02,
1.913122100830078125e+02,
1.883843383789062500e+02,
1.865403594970703125e+02,
1.865610504150390625e+02,
1.862141113281250000e+02,
1.839582214355468750e+02,
1.848189392089843750e+02,
1.849855346679687500e+02,
1.850631256103515625e+02,
1.874590454101562500e+02,
1.882586212158203125e+02,
1.901917572021484375e+02,
1.922683715820312500e+02,
1.938378448486328125e+02,
1.917112274169921875e+02,
1.904124145507812500e+02,
1.871755371093750000e+02,
1.867240447998046875e+02,
1.868944854736328125e+02,
1.874637298583984375e+02,
1.858137664794921875e+02,
1.839793853759765625e+02,
1.816419830322265625e+02,
1.811662445068359375e+02,
1.822940979003906250e+02,
1.847301330566406250e+02,
1.889370422363281250e+02,
1.953175506591796875e+02,
2.016699981689453125e+02,
2.075140991210937500e+02,
2.107725219726562500e+02,
2.139828948974609375e+02,
2.145752105712890625e+02,
2.163246459960937500e+02,
2.158694915771484375e+02,
2.192095794677734375e+02,
2.239888458251953125e+02,
2.319175262451171875e+02,
2.392533111572265625e+02,
2.459836578369140625e+02,
2.489121093750000000e+02,
2.486678161621093750e+02,
2.511169738769531250e+02,
2.510057830810546875e+02,
2.494007568359375000e+02,
2.517629241943359375e+02,
2.564141235351562500e+02,
2.598937377929687500e+02,
2.588511962890625000e+02,
2.630781555175781250e+02,
2.680494384765625000e+02,
2.709489440917968750e+02,
2.778615112304687500e+02,
2.813558959960937500e+02,
2.848197326660156250e+02,
2.858064880371093750e+02,
2.866959533691406250e+02,
2.897275085449218750e+02,
2.823347167968750000e+02,
2.689197998046875000e+02,
2.509699554443359375e+02,
2.288459167480468750e+02,
2.074907684326171875e+02,
1.919347839355468750e+02,
1.810144042968750000e+02,
1.727782287597656250e+02,
1.681322631835937500e+02,
1.643472747802734375e+02,
1.648026123046875000e+02,
1.660240325927734375e+02,
1.684102935791015625e+02,
1.696990051269531250e+02,
1.699025115966796875e+02,
1.717055053710937500e+02,
1.713984069824218750e+02,
1.690059509277343750e+02,
1.656721649169921875e+02,
1.616884460449218750e+02,
1.587378540039062500e+02,
1.573390045166015625e+02,
1.560133056640625000e+02,
1.561501617431640625e+02,
1.581307220458984375e+02,
1.590229187011718750e+02,
1.588556518554687500e+02,
1.575190429687500000e+02,
1.562132415771484375e+02,
1.548959350585937500e+02,
1.535563659667968750e+02,
1.528442840576171875e+02,
1.515764007568359375e+02,
1.514312896728515625e+02,
1.517444305419921875e+02,
1.529658813476562500e+02,
1.541271209716796875e+02,
1.544158325195312500e+02,
1.546786804199218750e+02,
1.547107238769531250e+02,
1.557478637695312500e+02,
1.573632965087890625e+02,
1.589445495605468750e+02,
1.597328186035156250e+02,
1.596544494628906250e+02,
1.588587799072265625e+02,
1.588105468750000000e+02,
1.582840881347656250e+02,
1.570882568359375000e+02,
1.560851287841796875e+02,
1.543423309326171875e+02,
1.541438751220703125e+02,
1.552713928222656250e+02,
1.555496673583984375e+02,
1.577120971679687500e+02,
1.604055938720703125e+02,
1.635029449462890625e+02,
1.656461181640625000e+02,
1.661702728271484375e+02,
1.648252716064453125e+02,
1.658625793457031250e+02,
1.645160064697265625e+02,
1.672720031738281250e+02,
1.699639587402343750e+02,
1.725068969726562500e+02,
1.745107727050781250e+02,
1.772587738037109375e+02,
1.753526458740234375e+02,
1.726257781982421875e+02,
1.686035461425781250e+02,
1.623510589599609375e+02,
1.581416015625000000e+02,
1.557452697753906250e+02,
1.551595153808593750e+02,
1.544509277343750000e+02,
1.539839782714843750e+02,
1.544315185546875000e+02,
1.564432678222656250e+02,
1.564137725830078125e+02,
1.572390747070312500e+02,
1.566408081054687500e+02,
1.581273803710937500e+02,
1.587498168945312500e+02,
1.585791168212890625e+02,
1.588264465332031250e+02,
1.576029357910156250e+02,
1.557672882080078125e+02,
1.517903137207031250e+02,
1.494791107177734375e+02,
1.470838470458984375e+02,
1.448117523193359375e+02,
1.464436035156250000e+02,
1.470900878906250000e+02,
1.480803375244140625e+02,
1.479831848144531250e+02,
1.496750488281250000e+02,
1.492903747558593750e+02,
1.493393554687500000e+02,
1.496173706054687500e+02,
1.507987213134765625e+02,
1.520939636230468750e+02,
1.543887786865234375e+02,
1.551607818603515625e+02,
1.571280212402343750e+02,
1.606788330078125000e+02,
1.611758270263671875e+02,
1.602358856201171875e+02,
1.580427703857421875e+02,
1.557911682128906250e+02,
1.506490783691406250e+02,
1.465441284179687500e+02,
1.431220855712890625e+02,
1.413957214355468750e+02,
1.397375335693359375e+02,
1.399604492187500000e+02,
1.389485015869140625e+02,
1.380371551513671875e+02,
1.377452239990234375e+02,
1.371868591308593750e+02,
1.371926116943359375e+02,
1.375777893066406250e+02,
1.382019958496093750e+02,
1.381013183593750000e+02,
1.372421722412109375e+02,
1.361643829345703125e+02,
1.352686309814453125e+02,
1.336197204589843750e+02,
1.332781066894531250e+02,
1.337133483886718750e+02,
1.345479583740234375e+02,
1.355608673095703125e+02,
1.370285034179687500e+02,
1.378014831542968750e+02,
1.393221740722656250e+02,
1.410613555908203125e+02,
1.419475402832031250e+02,
1.422622985839843750e+02,
1.435430145263671875e+02,
1.435772094726562500e+02,
1.431904754638671875e+02,
1.425339508056640625e+02,
1.408404998779296875e+02,
1.389609985351562500e+02,
1.382264251708984375e+02,
1.376089782714843750e+02,
1.370369415283203125e+02,
1.362112274169921875e+02,
1.360200347900390625e+02,
1.353777465820312500e+02,
1.350919952392578125e+02,
1.346781768798828125e+02,
1.347707061767578125e+02,
1.347482452392578125e+02,
1.343709259033203125e+02,
1.344093170166015625e+02,
1.342373046875000000e+02,
1.344911193847656250e+02,
1.342580261230468750e+02,
1.342690887451171875e+02,
1.346175689697265625e+02,
1.343699493408203125e+02,
1.342321777343750000e+02,
1.340366058349609375e+02,
1.333164520263671875e+02,
1.335203247070312500e+02,
1.338813171386718750e+02,
1.339029693603515625e+02,
1.339849853515625000e+02,
1.335609130859375000e+02,
1.336155090332031250e+02,
1.340017700195312500e+02,
1.346023559570312500e+02,
1.345348052978515625e+02,
1.355720062255859375e+02,
1.368073272705078125e+02,
1.374373168945312500e+02,
1.379655303955078125e+02,
1.380966796875000000e+02,
1.387150726318359375e+02,
1.396329803466796875e+02,
1.396849212646484375e+02,
1.391798858642578125e+02,
1.397199249267578125e+02,
1.384044799804687500e+02,
1.390046539306640625e+02,
1.390967102050781250e+02,
1.392129516601562500e+02,
1.382387695312500000e+02,
1.378995208740234375e+02,
1.381479187011718750e+02,
1.374370574951171875e+02,
1.384071350097656250e+02,
1.387015228271484375e+02,
1.385305480957031250e+02,
1.380611877441406250e+02,
1.386424255371093750e+02,
1.387521514892578125e+02,
1.393198699951171875e+02,
1.404831848144531250e+02,
1.423890228271484375e+02,
1.441252593994140625e+02,
1.466305541992187500e+02,
1.493397521972656250e+02,
1.513445587158203125e+02,
1.513088684082031250e+02,
1.511858673095703125e+02,
1.495084533691406250e+02,
1.466703491210937500e+02,
1.450984497070312500e+02,
1.447865295410156250e+02,
1.440512847900390625e+02,
1.420653381347656250e+02,
1.405882263183593750e+02,
1.400007324218750000e+02,
1.385744934082031250e+02,
1.378491058349609375e+02,
1.384644470214843750e+02,
1.398056335449218750e+02,
1.415880126953125000e+02,
1.431504974365234375e+02,
1.427460937500000000e+02,
1.426628265380859375e+02,
1.432154235839843750e+02,
1.438287658691406250e+02,
1.440312957763671875e+02,
1.442623596191406250e+02,
3.310828857421875000e+02,
3.315921936035156250e+02,
3.227762756347656250e+02,
3.120760498046875000e+02,
2.885742187500000000e+02,
2.939471740722656250e+02,
2.873003540039062500e+02,
2.868916625976562500e+02,
2.734426574707031250e+02,
2.666401672363281250e+02,
2.570195007324218750e+02,
2.469782104492187500e+02,
2.311583557128906250e+02,
2.208504180908203125e+02,
2.174677276611328125e+02,
2.175371704101562500e+02,
2.207251129150390625e+02,
2.261589202880859375e+02,
2.282555999755859375e+02,
2.312930297851562500e+02,
2.324787292480468750e+02,
2.346191406250000000e+02,
2.345199584960937500e+02,
2.379006500244140625e+02,
2.440469818115234375e+02,
2.558335723876953125e+02,
2.763793334960937500e+02,
3.122650146484375000e+02,
3.441103210449218750e+02,
3.756453552246093750e+02,
4.154279479980468750e+02,
4.225243530273437500e+02,
4.134070129394531250e+02,
4.012814941406250000e+02,
3.911328430175781250e+02,
4.081492309570312500e+02,
4.484821472167968750e+02,
4.857998962402343750e+02,
5.464329223632812500e+02,
5.858483276367187500e+02,
5.972747802734375000e+02,
6.093400878906250000e+02,
6.059268188476562500e+02,
5.801583251953125000e+02,
5.826331176757812500e+02,
5.631307373046875000e+02,
5.598255004882812500e+02,
5.656221923828125000e+02,
5.487628173828125000e+02,
5.137835083007812500e+02,
4.818220825195312500e+02,
4.562274475097656250e+02,
4.308876953125000000e+02,
4.103698120117187500e+02,
4.004255981445312500e+02,
3.936847534179687500e+02,
3.854810485839843750e+02,
3.708093261718750000e+02,
3.679751281738281250e+02,
3.731075439453125000e+02,
3.892086486816406250e+02,
4.143024291992187500e+02,
4.333954467773437500e+02,
4.385575866699218750e+02,
4.606513671875000000e+02,
4.662466735839843750e+02,
4.367608032226562500e+02,
4.123704223632812500e+02,
3.974692993164062500e+02,
3.826799926757812500e+02,
3.654952392578125000e+02,
3.514297790527343750e+02,
3.407921142578125000e+02,
3.373062133789062500e+02,
3.253498840332031250e+02,
3.393703918457031250e+02,
3.575721435546875000e+02,
3.543736572265625000e+02,
3.405299072265625000e+02,
3.250244140625000000e+02,
3.148430480957031250e+02,
3.231685180664062500e+02,
3.209354248046875000e+02,
3.284737548828125000e+02,
3.344571838378906250e+02,
3.330815734863281250e+02,
3.411540527343750000e+02,
3.438912963867187500e+02,
3.558753967285156250e+02,
3.647851257324218750e+02,
3.687737121582031250e+02,
3.892920227050781250e+02,
4.080440063476562500e+02,
4.200289916992187500e+02,
4.393160705566406250e+02,
4.499281311035156250e+02,
4.553213195800781250e+02,
4.677788391113281250e+02,
4.619656677246093750e+02,
4.438323059082031250e+02,
4.251543884277343750e+02,
3.931084594726562500e+02,
3.856059875488281250e+02,
3.865139770507812500e+02,
3.886997680664062500e+02,
3.949777221679687500e+02,
3.831343383789062500e+02,
3.861177978515625000e+02,
3.849747009277343750e+02,
3.942860107421875000e+02,
4.041201782226562500e+02,
4.066049499511718750e+02,
4.009138183593750000e+02,
4.088833312988281250e+02,
3.948188171386718750e+02,
3.803629455566406250e+02,
3.841243896484375000e+02,
3.734463500976562500e+02,
3.347398376464843750e+02,
2.962152709960937500e+02,
2.625866088867187500e+02,
2.277920074462890625e+02,
2.109564361572265625e+02,
2.081562347412109375e+02,
2.116420440673828125e+02,
2.229788208007812500e+02,
2.356212921142578125e+02,
2.384014282226562500e+02,
2.367680969238281250e+02,
2.399692840576171875e+02,
2.363252410888671875e+02,
2.317066650390625000e+02,
2.253615264892578125e+02,
2.132387542724609375e+02,
2.036116333007812500e+02,
1.955358276367187500e+02,
1.941823272705078125e+02,
1.924619598388671875e+02,
1.950728912353515625e+02,
1.985653533935546875e+02,
2.009303741455078125e+02,
2.001697540283203125e+02,
2.003595123291015625e+02,
2.017991638183593750e+02,
2.037624969482421875e+02,
2.045361938476562500e+02,
2.037650909423828125e+02,
2.016510314941406250e+02,
1.986626586914062500e+02,
1.926800994873046875e+02,
1.889651641845703125e+02,
1.871062622070312500e+02,
1.875390625000000000e+02,
1.871463775634765625e+02,
1.918470153808593750e+02,
1.977187805175781250e+02,
2.046733398437500000e+02,
2.125534820556640625e+02,
2.176333312988281250e+02,
2.234862823486328125e+02,
2.235644378662109375e+02,
2.221717224121093750e+02,
2.208808746337890625e+02,
2.241845855712890625e+02,
2.270674896240234375e+02,
2.284109344482421875e+02,
2.229029083251953125e+02,
2.146739196777343750e+02,
2.070381317138671875e+02,
2.004181823730468750e+02,
1.979453887939453125e+02,
1.973646545410156250e+02,
2.042327728271484375e+02,
2.113346405029296875e+02,
2.163782806396484375e+02,
2.236758575439453125e+02,
2.273677673339843750e+02,
2.307748107910156250e+02,
2.343049163818359375e+02,
2.300742340087890625e+02,
2.260332641601562500e+02,
2.233246307373046875e+02,
2.178982849121093750e+02,
2.137785034179687500e+02,
2.152792358398437500e+02,
2.166043243408203125e+02,
2.179246978759765625e+02,
2.211990814208984375e+02,
2.227525634765625000e+02,
2.247462921142578125e+02,
2.261291961669921875e+02,
2.251602630615234375e+02,
2.266700134277343750e+02,
2.228612060546875000e+02,
2.204158477783203125e+02,
2.119872894287109375e+02,
2.068581848144531250e+02,
2.011391143798828125e+02,
1.984905548095703125e+02,
1.994808959960937500e+02,
2.018090362548828125e+02,
2.029088134765625000e+02,
2.050194702148437500e+02,
2.057368164062500000e+02,
2.057501678466796875e+02,
2.020798797607421875e+02,
1.990609893798828125e+02,
2.036016845703125000e+02,
2.066502838134765625e+02,
2.138293304443359375e+02,
2.197387084960937500e+02,
2.284648895263671875e+02,
2.330895996093750000e+02,
2.441392364501953125e+02,
2.526459045410156250e+02,
2.592390136718750000e+02,
2.689407653808593750e+02,
2.756681213378906250e+02,
2.810670471191406250e+02,
2.854349060058593750e+02,
2.948543090820312500e+02,
3.001484985351562500e+02,
3.034940185546875000e+02,
3.087432556152343750e+02,
3.013471374511718750e+02,
2.848234558105468750e+02,
2.610912170410156250e+02,
2.311503601074218750e+02,
1.976396789550781250e+02,
1.802419128417968750e+02,
1.733516082763671875e+02,
1.718978118896484375e+02,
1.709735717773437500e+02,
1.694613342285156250e+02,
1.667177124023437500e+02,
1.645414733886718750e+02,
1.630522918701171875e+02,
1.613319702148437500e+02,
1.600940856933593750e+02,
1.572755889892578125e+02,
1.555877838134765625e+02,
1.551537780761718750e+02,
1.547651214599609375e+02,
1.547634124755859375e+02,
1.575891418457031250e+02,
1.599475860595703125e+02,
1.607471160888671875e+02,
1.609233398437500000e+02,
1.614428863525390625e+02,
1.602165069580078125e+02,
1.607140350341796875e+02,
1.622205810546875000e+02,
1.664626159667968750e+02,
1.684659423828125000e+02,
1.712855224609375000e+02,
1.777041320800781250e+02,
1.823008422851562500e+02,
1.854060363769531250e+02,
1.836714477539062500e+02,
1.848502197265625000e+02,
1.801635894775390625e+02,
1.751545257568359375e+02,
1.726218566894531250e+02,
1.716518249511718750e+02,
1.725755615234375000e+02,
1.763916168212890625e+02,
1.767876129150390625e+02,
1.720122680664062500e+02,
1.686858825683593750e+02,
1.665245208740234375e+02,
1.608478240966796875e+02,
1.579182586669921875e+02,
1.567449645996093750e+02,
1.568394927978515625e+02,
1.578831329345703125e+02,
1.582575836181640625e+02,
1.636433105468750000e+02,
1.641144866943359375e+02,
1.628758239746093750e+02,
1.585335540771484375e+02,
1.544398651123046875e+02,
1.485869140625000000e+02,
1.429050750732421875e+02,
1.394622802734375000e+02,
1.393759918212890625e+02,
1.393257598876953125e+02,
1.376007080078125000e+02,
1.365123596191406250e+02,
1.353956604003906250e+02,
1.357104339599609375e+02,
1.376306915283203125e+02,
1.397151031494140625e+02,
1.429496612548828125e+02,
1.437838134765625000e+02,
1.437980651855468750e+02,
1.434932708740234375e+02,
1.417161865234375000e+02,
1.389602050781250000e+02,
1.368910217285156250e+02,
1.357924194335937500e+02,
1.350333862304687500e+02,
1.350779113769531250e+02,
1.353194732666015625e+02,
1.349238739013671875e+02,
1.340680389404296875e+02,
1.345344848632812500e+02,
1.343020782470703125e+02,
1.345810394287109375e+02,
1.352648620605468750e+02,
1.343045959472656250e+02,
1.355082397460937500e+02,
1.380137939453125000e+02,
1.394428863525390625e+02,
1.411035308837890625e+02,
1.426060333251953125e+02,
1.435641326904296875e+02,
1.432477569580078125e+02,
1.426560058593750000e+02,
1.424330291748046875e+02,
1.417266082763671875e+02,
1.416312713623046875e+02,
1.420570831298828125e+02,
1.433309631347656250e+02,
1.436531829833984375e+02,
1.460372924804687500e+02,
1.504349365234375000e+02,
1.550712127685546875e+02,
1.564127502441406250e+02,
1.566625823974609375e+02,
1.537882995605468750e+02,
1.510357513427734375e+02,
1.473134460449218750e+02,
1.455492401123046875e+02,
1.461053771972656250e+02,
1.471396179199218750e+02,
1.478942565917968750e+02,
1.486900482177734375e+02,
3.802417907714843750e+02,
3.965166015625000000e+02,
3.814784240722656250e+02,
3.569938964843750000e+02,
3.066225280761718750e+02,
2.901874694824218750e+02,
2.740686340332031250e+02,
2.570152893066406250e+02,
2.499934997558593750e+02,
2.377221527099609375e+02,
2.403413391113281250e+02,
2.462921295166015625e+02,
2.483504028320312500e+02,
2.498024749755859375e+02,
2.526303558349609375e+02,
2.647649841308593750e+02,
2.869930114746093750e+02,
3.288951110839843750e+02,
3.765081176757812500e+02,
4.156038818359375000e+02,
4.373475036621093750e+02,
4.514154663085937500e+02,
4.688799743652343750e+02,
5.226385498046875000e+02,
5.869534301757812500e+02,
6.459689331054687500e+02,
6.822616577148437500e+02,
7.243637695312500000e+02,
7.387936401367187500e+02,
7.142012939453125000e+02,
6.617266845703125000e+02,
6.340824584960937500e+02,
6.001872558593750000e+02,
5.303288574218750000e+02,
4.934927368164062500e+02,
4.575708007812500000e+02,
4.426347351074218750e+02,
4.405682983398437500e+02,
4.178339843750000000e+02,
4.466056213378906250e+02,
4.753424987792968750e+02,
4.938969726562500000e+02,
5.155676269531250000e+02,
5.211649169921875000e+02,
4.849792175292968750e+02,
4.696858215332031250e+02,
4.242868347167968750e+02,
4.083621520996093750e+02,
3.851984863281250000e+02,
3.851433715820312500e+02,
3.811204528808593750e+02,
3.774942016601562500e+02,
3.666215209960937500e+02,
3.583737487792968750e+02,
3.665038757324218750e+02,
3.717949218750000000e+02,
3.828411560058593750e+02,
3.894483947753906250e+02,
4.116127014160156250e+02,
4.313116149902343750e+02,
4.714727783203125000e+02,
4.962382812500000000e+02,
5.082203063964843750e+02,
5.425492553710937500e+02,
5.359128417968750000e+02,
5.260825195312500000e+02,
5.065422973632812500e+02,
4.770132751464843750e+02,
4.427288208007812500e+02,
4.380729980468750000e+02,
4.483263854980468750e+02,
4.452467346191406250e+02,
4.586202087402343750e+02,
4.461379699707031250e+02,
4.355840148925781250e+02,
4.324067993164062500e+02,
4.188811950683593750e+02,
3.871876525878906250e+02,
3.496228332519531250e+02,
3.021258544921875000e+02,
2.603615417480468750e+02,
2.295555419921875000e+02,
2.346863098144531250e+02,
2.459595336914062500e+02,
2.567244567871093750e+02,
2.588395385742187500e+02,
2.556253967285156250e+02,
2.417552185058593750e+02,
2.269557800292968750e+02,
2.160923461914062500e+02,
2.082521209716796875e+02,
2.064491424560546875e+02,
2.070030364990234375e+02,
2.105859527587890625e+02,
2.118744659423828125e+02,
2.146010437011718750e+02,
2.118124389648437500e+02,
2.101710815429687500e+02,
2.060832672119140625e+02,
2.010861358642578125e+02,
1.958832092285156250e+02,
1.973156433105468750e+02,
2.046715850830078125e+02,
2.159782562255859375e+02,
2.201844482421875000e+02,
2.291145935058593750e+02,
2.389494628906250000e+02,
2.410304107666015625e+02,
2.391428375244140625e+02,
2.343239746093750000e+02,
2.295104675292968750e+02,
2.222576599121093750e+02,
2.153103942871093750e+02,
2.123373565673828125e+02,
2.176600036621093750e+02,
2.262514343261718750e+02,
2.373121032714843750e+02,
2.424279174804687500e+02,
2.401291046142578125e+02,
2.402352905273437500e+02,
2.348998718261718750e+02,
2.306714630126953125e+02,
2.312659912109375000e+02,
2.319279327392578125e+02,
2.355453491210937500e+02,
2.410296173095703125e+02,
2.443569793701171875e+02,
2.408002014160156250e+02,
2.363722686767578125e+02,
2.330198669433593750e+02,
2.226139678955078125e+02,
2.146871185302734375e+02,
2.161807861328125000e+02,
2.173718414306640625e+02,
2.178631591796875000e+02,
2.198229217529296875e+02,
2.171574859619140625e+02,
2.245112304687500000e+02,
2.314342498779296875e+02,
2.371228485107421875e+02,
2.498893890380859375e+02,
2.653422851562500000e+02,
2.733640441894531250e+02,
2.867142333984375000e+02,
2.990542297363281250e+02,
3.159763793945312500e+02,
3.258194274902343750e+02,
3.343452148437500000e+02,
3.212612915039062500e+02,
2.971732788085937500e+02,
2.664574584960937500e+02,
2.332847290039062500e+02,
1.982087554931640625e+02,
1.798708190917968750e+02,
1.709940490722656250e+02,
1.698264312744140625e+02,
1.699222259521484375e+02,
1.658370819091796875e+02,
1.610735321044921875e+02,
1.583803100585937500e+02,
1.577107543945312500e+02,
1.576808013916015625e+02,
1.598675994873046875e+02,
1.623051757812500000e+02,
1.630012207031250000e+02,
1.648999786376953125e+02,
1.687605285644531250e+02,
1.710409698486328125e+02,
1.740981292724609375e+02,
1.862429962158203125e+02,
1.947956848144531250e+02,
1.959577331542968750e+02,
1.990540924072265625e+02,
1.998012695312500000e+02,
1.990397338867187500e+02,
1.966193695068359375e+02,
1.986037597656250000e+02,
1.936620635986328125e+02,
1.895122375488281250e+02,
1.832318115234375000e+02,
1.734893951416015625e+02,
1.686341247558593750e+02,
1.680047760009765625e+02,
1.706064605712890625e+02,
1.656020202636718750e+02,
1.640125427246093750e+02,
1.579901733398437500e+02,
1.513843231201171875e+02,
1.443366394042968750e+02,
1.409178924560546875e+02,
1.381714782714843750e+02,
1.378531494140625000e+02,
1.388640441894531250e+02,
1.409296722412109375e+02,
1.426288146972656250e+02,
1.438051147460937500e+02,
1.432354583740234375e+02,
1.414225463867187500e+02,
1.375039672851562500e+02,
1.361550750732421875e+02,
1.358336639404296875e+02,
1.353924255371093750e+02,
1.351018524169921875e+02,
1.354897918701171875e+02,
1.357147369384765625e+02,
1.363445129394531250e+02,
1.389317321777343750e+02,
1.417450561523437500e+02,
1.439132385253906250e+02,
1.464713745117187500e+02,
1.463715515136718750e+02,
1.471750793457031250e+02,
1.454963531494140625e+02,
1.458789520263671875e+02,
1.487498168945312500e+02,
1.536885223388671875e+02,
1.556342468261718750e+02,
1.592075653076171875e+02,
1.612159576416015625e+02,
1.594230804443359375e+02,
1.562417602539062500e+02,
1.535001831054687500e+02,
1.518346862792968750e+02,
