1.844131622314453125e+02,
1.861578826904296875e+02,
1.861259613037109375e+02,
1.850408630371093750e+02,
1.836474151611328125e+02,
1.852703399658203125e+02,
1.858646545410156250e+02,
1.862543334960937500e+02,
1.849937896728515625e+02,
1.825016784667968750e+02,
1.797371520996093750e+02,
1.729156951904296875e+02,
1.677070617675781250e+02,
1.646019134521484375e+02,
1.643283843994140625e+02,
1.671185150146484375e+02,
1.687674865722656250e+02,
1.698213653564453125e+02,
1.712316131591796875e+02,
1.730021514892578125e+02,
1.717241973876953125e+02,
1.687962188720703125e+02,
1.659255065917968750e+02,
1.656795196533203125e+02,
1.636971893310546875e+02,
1.627376861572265625e+02,
1.618923645019531250e+02,
1.597925109863281250e+02,
1.578451385498046875e+02,
1.567325134277343750e+02,
1.553590545654296875e+02,
1.551566619873046875e+02,
1.547673339843750000e+02,
1.546374969482421875e+02,
1.542957611083984375e+02,
1.541738281250000000e+02,
1.537719421386718750e+02,
1.538267974853515625e+02,
1.542434234619140625e+02,
1.546993560791015625e+02,
1.547037200927734375e+02,
1.550387115478515625e+02,
1.549748382568359375e+02,
1.549343872070312500e+02,
1.551354370117187500e+02,
1.550565490722656250e+02,
1.547565612792968750e+02,
1.548481750488281250e+02,
1.548702545166015625e+02,
1.548788757324218750e+02,
1.549350433349609375e+02,
1.556224060058593750e+02,
1.554707946777343750e+02,
1.555011749267578125e+02,
1.556184844970703125e+02,
1.557962493896484375e+02,
1.556466369628906250e+02,
1.553531188964843750e+02,
1.553376770019531250e+02,
1.552131500244140625e+02,
1.548800964355468750e+02,
1.552147216796875000e+02,
1.560092926025390625e+02,
1.560294799804687500e+02,
1.558078765869140625e+02,
1.554315643310546875e+02,
1.557090148925781250e+02,
1.566578369140625000e+02,
1.575076293945312500e+02,
1.582626647949218750e+02,
1.584856262207031250e+02,
1.586529846191406250e+02,
1.583680725097656250e+02,
1.579471740722656250e+02,
1.575220489501953125e+02,
1.568558654785156250e+02,
1.564214935302734375e+02,
1.556903686523437500e+02,
1.550291595458984375e+02,
1.548177795410156250e+02,
1.550391235351562500e+02,
1.548565979003906250e+02,
1.550761566162109375e+02,
1.553499603271484375e+02,
1.549607391357421875e+02,
1.550578155517578125e+02,
1.551654052734375000e+02,
1.553168792724609375e+02,
1.553332366943359375e+02,
1.550025939941406250e+02,
1.543301696777343750e+02,
1.549210510253906250e+02,
1.564219207763671875e+02,
1.570529022216796875e+02,
1.571290893554687500e+02,
1.572313842773437500e+02,
1.576046447753906250e+02,
1.570325164794921875e+02,
1.573115081787109375e+02,
1.575189056396484375e+02,
1.571332092285156250e+02,
1.567406616210937500e+02,
1.559738769531250000e+02,
1.553642120361328125e+02,
1.547732086181640625e+02,
1.544120178222656250e+02,
1.553743286132812500e+02,
1.566075744628906250e+02,
1.570751190185546875e+02,
1.569629516601562500e+02,
1.591284637451171875e+02,
1.643871307373046875e+02,
1.668208007812500000e+02,
1.685473785400390625e+02,
1.662555236816406250e+02,
1.682930755615234375e+02,
1.655195922851562500e+02,
1.619586486816406250e+02,
1.608523406982421875e+02,
1.600016937255859375e+02,
1.591601104736328125e+02,
1.595904083251953125e+02,
1.589336853027343750e+02,
1.578703002929687500e+02,
1.577962341308593750e+02,
1.565415039062500000e+02,
1.558175964355468750e+02,
1.557331542968750000e+02,
1.560543365478515625e+02,
1.558952331542968750e+02,
1.572278289794921875e+02,
1.579056854248046875e+02,
1.571689300537109375e+02,
1.571027984619140625e+02,
1.562904968261718750e+02,
1.575369110107421875e+02,
1.574435272216796875e+02,
1.580579071044921875e+02,
1.594050445556640625e+02,
1.606946411132812500e+02,
1.606800079345703125e+02,
1.612310791015625000e+02,
1.622320251464843750e+02,
1.615075531005859375e+02,
1.612715301513671875e+02,
1.636852569580078125e+02,
1.671578674316406250e+02,
1.697351837158203125e+02,
1.714857482910156250e+02,
1.707555541992187500e+02,
1.712677001953125000e+02,
1.704005889892578125e+02,
1.687881164550781250e+02,
1.667975006103515625e+02,
1.764459533691406250e+02,
1.799632720947265625e+02,
1.799910125732421875e+02,
1.803785247802734375e+02,
1.847249755859375000e+02,
1.751197967529296875e+02,
1.733423004150390625e+02,
1.827658233642578125e+02,
1.802304229736328125e+02,
1.721145629882812500e+02,
1.686739501953125000e+02,
1.675744628906250000e+02,
1.563963165283203125e+02,
1.574699249267578125e+02,
1.603032531738281250e+02,
1.626338195800781250e+02,
1.676436767578125000e+02,
1.710769348144531250e+02,
1.746820983886718750e+02,
1.746597747802734375e+02,
1.743152923583984375e+02,
1.742007598876953125e+02,
1.790038299560546875e+02,
1.783877105712890625e+02,
1.738114471435546875e+02,
1.708088684082031250e+02,
1.717272186279296875e+02,
1.737476654052734375e+02,
1.793214874267578125e+02,
1.952522583007812500e+02,
1.992344512939453125e+02,
2.038268585205078125e+02,
2.089583740234375000e+02,
2.031215972900390625e+02,
2.030384979248046875e+02,
2.021033172607421875e+02,
1.956680908203125000e+02,
1.825667572021484375e+02,
1.842311706542968750e+02,
1.834093322753906250e+02,
1.865867462158203125e+02,
1.876790618896484375e+02,
2.042980651855468750e+02,
2.381065216064453125e+02,
2.701226501464843750e+02,
3.011807861328125000e+02,
3.360591430664062500e+02,
3.569261169433593750e+02,
3.706657409667968750e+02,
3.788008728027343750e+02,
3.817611389160156250e+02,
3.855837707519531250e+02,
4.209754943847656250e+02,
4.821607055664062500e+02,
5.817452392578125000e+02,
6.998760375976562500e+02,
8.034113159179687500e+02,
8.504551391601562500e+02,
8.282711791992187500e+02,
7.755815429687500000e+02,
7.013721923828125000e+02,
6.446456298828125000e+02,
6.106108398437500000e+02,
5.747351074218750000e+02,
5.526553344726562500e+02,
5.533625488281250000e+02,
5.532202148437500000e+02,
5.519109497070312500e+02,
5.345286254882812500e+02,
5.278015136718750000e+02,
5.101004028320312500e+02,
5.036773681640625000e+02,
5.051856994628906250e+02,
4.933850708007812500e+02,
4.740347595214843750e+02,
4.590688476562500000e+02,
4.374000549316406250e+02,
4.115913085937500000e+02,
4.068893737792968750e+02,
3.995509338378906250e+02,
3.897783203125000000e+02,
3.777173461914062500e+02,
3.800545959472656250e+02,
3.853432312011718750e+02,
3.886715393066406250e+02,
3.847049560546875000e+02,
3.892379455566406250e+02,
3.837008666992187500e+02,
3.838862609863281250e+02,
3.722700195312500000e+02,
3.619723815917968750e+02,
3.449617309570312500e+02,
3.325992736816406250e+02,
3.264202575683593750e+02,
3.237677001953125000e+02,
3.265171508789062500e+02,
3.222829589843750000e+02,
3.152250671386718750e+02,
3.125830383300781250e+02,
3.039559631347656250e+02,
2.955945434570312500e+02,
2.958515930175781250e+02,
2.947062377929687500e+02,
2.969282531738281250e+02,
2.969068908691406250e+02,
2.991283569335937500e+02,
2.946566772460937500e+02,
2.887229919433593750e+02,
2.786778259277343750e+02,
2.765270690917968750e+02,
2.735083923339843750e+02,
2.712115173339843750e+02,
2.718468627929687500e+02,
2.680950317382812500e+02,
2.660231018066406250e+02,
2.590974121093750000e+02,
2.578548278808593750e+02,
2.549483337402343750e+02,
2.492647399902343750e+02,
2.518131408691406250e+02,
2.538316802978515625e+02,
2.551194305419921875e+02,
2.564614257812500000e+02,
2.573403015136718750e+02,
2.544607086181640625e+02,
2.410081787109375000e+02,
2.326956939697265625e+02,
2.307129058837890625e+02,
2.321925964355468750e+02,
2.506257476806640625e+02,
2.588866577148437500e+02,
2.577570495605468750e+02,
2.494705047607421875e+02,
2.412124633789062500e+02,
2.380476379394531250e+02,
2.329576568603515625e+02,
2.255592803955078125e+02,
2.211098937988281250e+02,
2.174583435058593750e+02,
2.124209289550781250e+02,
2.055912475585937500e+02,
2.022375640869140625e+02,
1.998391265869140625e+02,
1.984155426025390625e+02,
1.976724700927734375e+02,
1.962676086425781250e+02,
1.967271881103515625e+02,
2.003407287597656250e+02,
2.016251831054687500e+02,
2.031374816894531250e+02,
2.041333923339843750e+02,
2.069460144042968750e+02,
2.102388305664062500e+02,
2.117668609619140625e+02,
2.125900115966796875e+02,
2.117381286621093750e+02,
2.076359405517578125e+02,
2.032305145263671875e+02,
1.966905517578125000e+02,
1.943961181640625000e+02,
1.948113250732421875e+02,
1.939505462646484375e+02,
1.952005310058593750e+02,
1.976447601318359375e+02,
1.980797729492187500e+02,
1.968773345947265625e+02,
1.955574951171875000e+02,
1.901752929687500000e+02,
1.881627807617187500e+02,
1.876418762207031250e+02,
1.884851989746093750e+02,
1.912390136718750000e+02,
1.919119415283203125e+02,
1.918571166992187500e+02,
1.907298736572265625e+02,
1.887583007812500000e+02,
1.884829406738281250e+02,
1.884546661376953125e+02,
1.875984802246093750e+02,
1.897220916748046875e+02,
1.920252838134765625e+02,
1.952520294189453125e+02,
1.977339019775390625e+02,
1.993305358886718750e+02,
2.010448913574218750e+02,
2.018432159423828125e+02,
2.022524108886718750e+02,
2.014455566406250000e+02,
2.017823791503906250e+02,
2.001305999755859375e+02,
1.993155670166015625e+02,
1.969366302490234375e+02,
1.934587554931640625e+02,
1.915101013183593750e+02,
1.922989959716796875e+02,
1.956148834228515625e+02,
1.986490936279296875e+02,
2.013842773437500000e+02,
2.015154113769531250e+02,
1.997893981933593750e+02,
1.966155853271484375e+02,
1.916997528076171875e+02,
1.901672363281250000e+02,
1.874130706787109375e+02,
1.857320861816406250e+02,
1.857324523925781250e+02,
1.855349731445312500e+02,
1.854831848144531250e+02,
1.875486297607421875e+02,
1.901017303466796875e+02,
1.912554626464843750e+02,
1.932528533935546875e+02,
1.905851593017578125e+02,
1.864865112304687500e+02,
1.845546112060546875e+02,
1.828988952636718750e+02,
1.813223419189453125e+02,
1.808660583496093750e+02,
1.804274444580078125e+02,
1.810180664062500000e+02,
1.835035247802734375e+02,
1.862396850585937500e+02,
1.867764739990234375e+02,
1.877738037109375000e+02,
1.892587280273437500e+02,
1.894037017822265625e+02,
1.896031951904296875e+02,
1.895296325683593750e+02,
1.891660308837890625e+02,
1.896465911865234375e+02,
1.882205810546875000e+02,
1.904185180664062500e+02,
1.918184967041015625e+02,
1.889992828369140625e+02,
1.857133026123046875e+02,
1.837919006347656250e+02,
1.821538391113281250e+02,
1.816039886474609375e+02,
1.822788391113281250e+02,
1.835921783447265625e+02,
1.825323333740234375e+02,
1.830458374023437500e+02,
1.832019042968750000e+02,
1.848730316162109375e+02,
1.852013702392578125e+02,
1.842848815917968750e+02,
1.836945495605468750e+02,
1.821129760742187500e+02,
1.787612304687500000e+02,
1.779056243896484375e+02,
1.779179077148437500e+02,
1.786782684326171875e+02,
1.790228881835937500e+02,
1.790955963134765625e+02,
1.816007385253906250e+02,
1.841785430908203125e+02,
1.862665557861328125e+02,
1.881677398681640625e+02,
1.914837951660156250e+02,
1.945623321533203125e+02,
2.002348632812500000e+02,
2.019623413085937500e+02,
2.031266937255859375e+02,
2.075443420410156250e+02,
2.083090209960937500e+02,
2.037699432373046875e+02,
1.985404663085937500e+02,
1.953776092529296875e+02,
1.953513031005859375e+02,
1.946767272949218750e+02,
1.954578399658203125e+02,
1.940357971191406250e+02,
1.946898040771484375e+02,
1.963149414062500000e+02,
1.961619720458984375e+02,
1.955784454345703125e+02,
1.944690704345703125e+02,
1.961901397705078125e+02,
1.970456237792968750e+02,
1.984999084472656250e+02,
1.992924194335937500e+02,
2.007484283447265625e+02,
2.041249084472656250e+02,
2.028269805908203125e+02,
2.025374145507812500e+02,
1.984048919677734375e+02,
1.940181427001953125e+02,
1.895150299072265625e+02,
1.867181243896484375e+02,
1.881681518554687500e+02,
1.905864868164062500e+02,
1.924460449218750000e+02,
1.966785583496093750e+02,
1.996354675292968750e+02,
1.992508544921875000e+02,
1.995579833984375000e+02,
1.976367034912109375e+02,
1.987635345458984375e+02,
2.001255187988281250e+02,
2.001144866943359375e+02,
2.039605560302734375e+02,
2.081646270751953125e+02,
2.094103240966796875e+02,
2.119514160156250000e+02,
2.153299255371093750e+02,
2.182557830810546875e+02,
2.242270965576171875e+02,
2.239418945312500000e+02,
2.297351837158203125e+02,
2.359955291748046875e+02,
2.364727172851562500e+02,
2.339616088867187500e+02,
2.300711059570312500e+02,
2.180922546386718750e+02,
2.041059875488281250e+02,
1.905304260253906250e+02,
1.798812255859375000e+02,
1.762835540771484375e+02,
1.791254730224609375e+02,
1.851096038818359375e+02,
1.883826904296875000e+02,
1.882650299072265625e+02,
1.883208160400390625e+02,
1.874339599609375000e+02,
1.854509429931640625e+02,
1.832286529541015625e+02,
1.808636932373046875e+02,
1.801093139648437500e+02,
1.812593536376953125e+02,
1.839124298095703125e+02,
1.892588195800781250e+02,
1.946602783203125000e+02,
1.972972259521484375e+02,
2.012077789306640625e+02,
2.019243469238281250e+02,
2.019347991943359375e+02,
2.002360687255859375e+02,
1.981531677246093750e+02,
1.993861541748046875e+02,
2.012760314941406250e+02,
2.050495147705078125e+02,
2.069894561767578125e+02,
2.077662200927734375e+02,
2.065410766601562500e+02,
2.079443817138671875e+02,
2.072015228271484375e+02,
2.094719238281250000e+02,
2.118876953125000000e+02,
2.101290130615234375e+02,
2.068090820312500000e+02,
2.000665283203125000e+02,
1.875247497558593750e+02,
1.754415740966796875e+02,
1.712691192626953125e+02,
1.718123168945312500e+02,
1.752099609375000000e+02,
1.776488494873046875e+02,
1.800945892333984375e+02,
1.822998046875000000e+02,
1.875597076416015625e+02,
1.930346069335937500e+02,
1.973625488281250000e+02,
2.002618103027343750e+02,
2.034605102539062500e+02,
2.043638153076171875e+02,
2.041101684570312500e+02,
2.046292419433593750e+02,
2.032587432861328125e+02,
2.045049285888671875e+02,
2.043666229248046875e+02,
2.061879272460937500e+02,
2.100700378417968750e+02,
2.148040161132812500e+02,
2.165450744628906250e+02,
2.183083801269531250e+02,
2.179248809814453125e+02,
2.183122863769531250e+02,
2.198559722900390625e+02,
2.215661773681640625e+02,
2.257458496093750000e+02,
2.264984283447265625e+02,
2.283052215576171875e+02,
2.349114227294921875e+02,
2.374940643310546875e+02,
2.411034240722656250e+02,
2.462560424804687500e+02,
2.515474700927734375e+02,
2.522363739013671875e+02,
2.563132019042968750e+02,
2.514571685791015625e+02,
2.566147460937500000e+02,
2.644665832519531250e+02,
2.805960388183593750e+02,
2.986828918457031250e+02,
3.160216979980468750e+02,
3.193151550292968750e+02,
3.054358520507812500e+02,
2.904227294921875000e+02,
2.655623779296875000e+02,
2.505883026123046875e+02,
2.472953491210937500e+02,
2.497488861083984375e+02,
2.555193176269531250e+02,
2.568620300292968750e+02,
2.579702148437500000e+02,
2.642778015136718750e+02,
2.683340454101562500e+02,
2.719392395019531250e+02,
2.798271484375000000e+02,
2.822095031738281250e+02,
2.728704223632812500e+02,
2.680776062011718750e+02,
2.622523803710937500e+02,
2.514527587890625000e+02,
2.339416046142578125e+02,
2.214020843505859375e+02,
2.044495849609375000e+02,
1.950510101318359375e+02,
1.844246826171875000e+02,
1.789710845947265625e+02,
1.769409179687500000e+02,
1.743531341552734375e+02,
1.727963714599609375e+02,
1.711825256347656250e+02,
1.734893035888671875e+02,
1.751066284179687500e+02,
1.764346771240234375e+02,
1.777050018310546875e+02,
1.802802276611328125e+02,
1.839203186035156250e+02,
1.860194702148437500e+02,
1.860495147705078125e+02,
1.860269622802734375e+02,
1.837691497802734375e+02,
1.837073059082031250e+02,
1.845489349365234375e+02,
1.852728424072265625e+02,
1.871268310546875000e+02,
1.909251556396484375e+02,
1.928311004638671875e+02,
1.937655334472656250e+02,
1.935855407714843750e+02,
1.949874877929687500e+02,
1.959643096923828125e+02,
1.972802276611328125e+02,
1.983827362060546875e+02,
1.984342346191406250e+02,
1.941652221679687500e+02,
1.912919311523437500e+02,
1.875738220214843750e+02,
1.849660797119140625e+02,
1.836415252685546875e+02,
1.835086517333984375e+02,
1.851523590087890625e+02,
1.877657318115234375e+02,
1.878709869384765625e+02,
1.895558776855468750e+02,
1.924303283691406250e+02,
1.916066589355468750e+02,
1.938460845947265625e+02,
1.938580627441406250e+02,
1.917705688476562500e+02,
1.906839294433593750e+02,
1.928023071289062500e+02,
1.957768402099609375e+02,
2.029495391845703125e+02,
2.069353179931640625e+02,
2.096974639892578125e+02,
2.117608795166015625e+02,
2.111359863281250000e+02,
2.071933746337890625e+02,
2.022133026123046875e+02,
1.989175872802734375e+02,
1.971032562255859375e+02,
1.971366729736328125e+02,
1.983003692626953125e+02,
1.999835052490234375e+02,
1.997999877929687500e+02,
2.021368255615234375e+02,
2.028612670898437500e+02,
2.067775573730468750e+02,
2.087265777587890625e+02,
2.123259429931640625e+02,
2.133923339843750000e+02,
2.159987640380859375e+02,
2.221356353759765625e+02,
2.225779876708984375e+02,
2.218459777832031250e+02,
2.174930267333984375e+02,
2.180202026367187500e+02,
2.162268066406250000e+02,
2.144501190185546875e+02,
2.182436065673828125e+02,
2.183095855712890625e+02,
2.194871368408203125e+02,
2.279105377197265625e+02,
2.300291137695312500e+02,
2.300596466064453125e+02,
2.294054107666015625e+02,
2.299028320312500000e+02,
2.293826141357421875e+02,
2.297991333007812500e+02,
2.331793060302734375e+02,
2.319497680664062500e+02,
2.358457489013671875e+02,
2.342680053710937500e+02,
2.341468963623046875e+02,
2.337489013671875000e+02,
2.396049194335937500e+02,
2.456586456298828125e+02,
2.521931304931640625e+02,
2.547031097412109375e+02,
2.562501525878906250e+02,
2.596127319335937500e+02,
2.676481018066406250e+02,
2.726182556152343750e+02,
2.730981140136718750e+02,
2.746290283203125000e+02,
2.811898498535156250e+02,
2.886694641113281250e+02,
3.206551513671875000e+02,
3.489403076171875000e+02,
3.728446044921875000e+02,
3.946675415039062500e+02,
4.034496154785156250e+02,
4.103073425292968750e+02,
4.155572204589843750e+02,
3.991168212890625000e+02,
3.863887634277343750e+02,
3.529705505371093750e+02,
3.238988037109375000e+02,
3.122636718750000000e+02,
3.072405395507812500e+02,
3.215379638671875000e+02,
3.342388916015625000e+02,
3.479337463378906250e+02,
3.748453674316406250e+02,
3.815115966796875000e+02,
3.790279541015625000e+02,
3.948886413574218750e+02,
3.662249755859375000e+02,
3.324208984375000000e+02,
3.203986206054687500e+02,
3.233611755371093750e+02,
3.027731323242187500e+02,
3.080821838378906250e+02,
3.154252319335937500e+02,
3.253584899902343750e+02,
3.225097656250000000e+02,
3.194810485839843750e+02,
3.211264648437500000e+02,
3.198069152832031250e+02,
3.117792663574218750e+02,
3.067775268554687500e+02,
2.957736816406250000e+02,
2.852881469726562500e+02,
2.804464416503906250e+02,
2.793960266113281250e+02,
2.758251037597656250e+02,
2.797346191406250000e+02,
2.866745605468750000e+02,
2.891726379394531250e+02,
2.980461120605468750e+02,
3.018004455566406250e+02,
3.031938171386718750e+02,
3.013396911621093750e+02,
3.158005371093750000e+02,
3.522472229003906250e+02,
3.545739440917968750e+02,
3.467926940917968750e+02,
3.498981323242187500e+02,
3.507594909667968750e+02,
3.681821594238281250e+02,
3.737587890625000000e+02,
3.886805419921875000e+02,
4.026375427246093750e+02,
4.063876342773437500e+02,
3.849326782226562500e+02,
3.703282470703125000e+02,
3.600278320312500000e+02,
3.561911926269531250e+02,
3.617281799316406250e+02,
3.844291992187500000e+02,
4.361260070800781250e+02,
4.495314636230468750e+02,
4.834582519531250000e+02,
5.259118041992187500e+02,
5.307119750976562500e+02,
4.700227966308593750e+02,
4.640233154296875000e+02,
4.627582397460937500e+02,
4.556593627929687500e+02,
4.606633605957031250e+02,
4.837623901367187500e+02,
5.346333007812500000e+02,
6.018881225585937500e+02,
6.148034057617187500e+02,
1.954772033691406250e+02,
2.021315155029296875e+02,
1.947749481201171875e+02,
1.891670532226562500e+02,
1.805427703857421875e+02,
1.757631225585937500e+02,
1.711928710937500000e+02,
1.714338836669921875e+02,
1.707233886718750000e+02,
1.715738372802734375e+02,
1.693884429931640625e+02,
1.639326019287109375e+02,
1.618240051269531250e+02,
1.598883514404296875e+02,
1.574211883544921875e+02,
1.550897521972656250e+02,
1.548816528320312500e+02,
1.549249114990234375e+02,
1.545707702636718750e+02,
1.548575592041015625e+02,
1.552877807617187500e+02,
1.550404968261718750e+02,
1.552182769775390625e+02,
1.554636077880859375e+02,
1.552947540283203125e+02,
1.553656158447265625e+02,
1.558575744628906250e+02,
1.553731689453125000e+02,
1.559125976562500000e+02,
1.557772979736328125e+02,
1.557644653320312500e+02,
1.564496765136718750e+02,
1.573061218261718750e+02,
1.571560516357421875e+02,
1.581568908691406250e+02,
1.579228210449218750e+02,
1.575139617919921875e+02,
1.562673034667968750e+02,
1.556976318359375000e+02,
1.551841735839843750e+02,
1.549019317626953125e+02,
1.550804748535156250e+02,
1.550070190429687500e+02,
1.548940734863281250e+02,
1.560488891601562500e+02,
1.564203796386718750e+02,
1.568042297363281250e+02,
1.572720489501953125e+02,
1.575156097412109375e+02,
1.577811279296875000e+02,
1.580906982421875000e+02,
1.578733520507812500e+02,
1.578738098144531250e+02,
1.621355895996093750e+02,
1.661152648925781250e+02,
1.688449554443359375e+02,
1.691233673095703125e+02,
1.687075805664062500e+02,
1.649832000732421875e+02,
1.616380462646484375e+02,
1.599756622314453125e+02,
1.593472442626953125e+02,
1.583050994873046875e+02,
1.583563995361328125e+02,
1.583272399902343750e+02,
1.586519012451171875e+02,
1.589873046875000000e+02,
1.596282348632812500e+02,
1.606821136474609375e+02,
1.625689392089843750e+02,
1.645693969726562500e+02,
1.694844207763671875e+02,
1.721757507324218750e+02,
1.757369079589843750e+02,
1.750252838134765625e+02,
1.808307342529296875e+02,
1.806197052001953125e+02,
1.817582855224609375e+02,
1.903619995117187500e+02,
1.896610717773437500e+02,
1.758438110351562500e+02,
1.729235992431640625e+02,
1.687374267578125000e+02,
1.629671783447265625e+02,
1.732715301513671875e+02,
1.787758331298828125e+02,
1.810974273681640625e+02,
1.813405914306640625e+02,
1.879304046630859375e+02,
1.851858825683593750e+02,
1.803412780761718750e+02,
1.963889617919921875e+02,
2.036970214843750000e+02,
2.020524749755859375e+02,
2.006321563720703125e+02,
2.053307800292968750e+02,
2.164351348876953125e+02,
2.495328063964843750e+02,
2.877718811035156250e+02,
3.398365173339843750e+02,
3.878434448242187500e+02,
4.571596679687500000e+02,
5.777611083984375000e+02,
7.055051879882812500e+02,
7.703760375976562500e+02,
8.044473876953125000e+02,
7.933883056640625000e+02,
7.280874633789062500e+02,
6.816692504882812500e+02,
6.728535156250000000e+02,
6.629592895507812500e+02,
6.430957031250000000e+02,
6.158245239257812500e+02,
5.732487182617187500e+02,
5.310161743164062500e+02,
4.966152954101562500e+02,
4.684096069335937500e+02,
4.665471191406250000e+02,
4.613645629882812500e+02,
4.575649719238281250e+02,
4.409797973632812500e+02,
4.190072326660156250e+02,
4.026566467285156250e+02,
3.730317993164062500e+02,
3.618417663574218750e+02,
3.591466674804687500e+02,
3.519728088378906250e+02,
3.367904357910156250e+02,
3.367594604492187500e+02,
3.275050354003906250e+02,
3.178720397949218750e+02,
3.046030273437500000e+02,
2.983208618164062500e+02,
2.909979248046875000e+02,
2.861856689453125000e+02,
2.836915893554687500e+02,
2.814439697265625000e+02,
2.779992370605468750e+02,
2.700592956542968750e+02,
2.780437622070312500e+02,
2.831101379394531250e+02,
2.848265991210937500e+02,
2.744505920410156250e+02,
2.568001708984375000e+02,
2.452937469482421875e+02,
2.322467498779296875e+02,
2.208062438964843750e+02,
2.131839904785156250e+02,
2.120742645263671875e+02,
2.122504882812500000e+02,
2.150670318603515625e+02,
2.223830108642578125e+02,
2.256558380126953125e+02,
2.210318450927734375e+02,
2.162040557861328125e+02,
2.130358428955078125e+02,
2.079520874023437500e+02,
2.095775604248046875e+02,
2.096823272705078125e+02,
2.096088104248046875e+02,
2.071417083740234375e+02,
2.032175903320312500e+02,
2.014253540039062500e+02,
2.033341369628906250e+02,
2.046687469482421875e+02,
2.074948425292968750e+02,
2.102667236328125000e+02,
2.127776641845703125e+02,
2.160190887451171875e+02,
2.187164306640625000e+02,
2.153164215087890625e+02,
2.130460662841796875e+02,
2.139846038818359375e+02,
2.141737518310546875e+02,
2.138883209228515625e+02,
2.142113037109375000e+02,
2.126187744140625000e+02,
2.069106140136718750e+02,
2.023560791015625000e+02,
1.999426269531250000e+02,
2.008011932373046875e+02,
2.032760009765625000e+02,
2.019768829345703125e+02,
1.980903625488281250e+02,
1.937568511962890625e+02,
1.920857543945312500e+02,
1.951693725585937500e+02,
1.977081451416015625e+02,
1.992905120849609375e+02,
2.004418029785156250e+02,
2.023301391601562500e+02,
2.032532501220703125e+02,
1.978166503906250000e+02,
1.970086669921875000e+02,
1.973589019775390625e+02,
1.961836700439453125e+02,
1.951610107421875000e+02,
1.946535949707031250e+02,
1.958344268798828125e+02,
1.943283081054687500e+02,
1.927051086425781250e+02,
1.893430480957031250e+02,
1.918236541748046875e+02,
1.975233917236328125e+02,
2.040276336669921875e+02,
2.145479125976562500e+02,
2.203329162597656250e+02,
2.220868072509765625e+02,
2.243250274658203125e+02,
2.231212921142578125e+02,
2.164781036376953125e+02,
2.144398193359375000e+02,
2.147996826171875000e+02,
2.134865417480468750e+02,
2.145440521240234375e+02,
2.164669342041015625e+02,
2.222640686035156250e+02,
2.218557434082031250e+02,
2.175448608398437500e+02,
2.154199676513671875e+02,
2.131142425537109375e+02,
2.136668090820312500e+02,
2.168471679687500000e+02,
2.197402038574218750e+02,
2.261581878662109375e+02,
2.345535583496093750e+02,
2.399658508300781250e+02,
2.474532318115234375e+02,
2.556868438720703125e+02,
2.694951782226562500e+02,
2.723840637207031250e+02,
2.649920959472656250e+02,
2.481313629150390625e+02,
2.352885131835937500e+02,
2.215592041015625000e+02,
2.079895477294921875e+02,
2.054990844726562500e+02,
2.075126800537109375e+02,
2.084017028808593750e+02,
2.074738464355468750e+02,
2.113942260742187500e+02,
2.141404266357421875e+02,
2.196291351318359375e+02,
2.258074188232421875e+02,
2.329927978515625000e+02,
2.311150360107421875e+02,
2.278917999267578125e+02,
2.331831359863281250e+02,
2.367338256835937500e+02,
2.341517639160156250e+02,
2.240595855712890625e+02,
2.150708312988281250e+02,
2.066334991455078125e+02,
1.944194946289062500e+02,
1.943605651855468750e+02,
2.025529174804687500e+02,
2.131657257080078125e+02,
2.220824127197265625e+02,
2.266585083007812500e+02,
2.329468231201171875e+02,
2.377421264648437500e+02,
2.454546966552734375e+02,
2.518050231933593750e+02,
2.585411987304687500e+02,
2.623414306640625000e+02,
2.697590942382812500e+02,
2.754838562011718750e+02,
2.830483093261718750e+02,
2.982054748535156250e+02,
3.011709594726562500e+02,
3.185246887207031250e+02,
3.519901428222656250e+02,
3.773858642578125000e+02,
3.708377380371093750e+02,
3.754123535156250000e+02,
3.605439453125000000e+02,
3.373004760742187500e+02,
3.189127807617187500e+02,
3.355783081054687500e+02,
3.481961059570312500e+02,
3.433829956054687500e+02,
3.259118041992187500e+02,
2.989976196289062500e+02,
2.709861145019531250e+02,
2.397408599853515625e+02,
2.144510650634765625e+02,
1.976813659667968750e+02,
1.916451416015625000e+02,
1.886795501708984375e+02,
1.933887023925781250e+02,
1.959034576416015625e+02,
1.986086883544921875e+02,
1.993722991943359375e+02,
2.022743225097656250e+02,
2.054777221679687500e+02,
2.089851074218750000e+02,
2.112720642089843750e+02,
2.139228210449218750e+02,
2.141404571533203125e+02,
2.121599884033203125e+02,
2.081389770507812500e+02,
2.055255432128906250e+02,
2.040461578369140625e+02,
2.034856414794921875e+02,
2.079666748046875000e+02,
2.103331604003906250e+02,
2.135049896240234375e+02,
2.201943817138671875e+02,
2.244758911132812500e+02,
2.256739349365234375e+02,
2.300117340087890625e+02,
2.300573272705078125e+02,
2.246245727539062500e+02,
2.200425567626953125e+02,
2.202904663085937500e+02,
2.242779998779296875e+02,
2.309625244140625000e+02,
2.419752502441406250e+02,
2.440381774902343750e+02,
2.451074523925781250e+02,
2.447864532470703125e+02,
2.450446624755859375e+02,
2.494689941406250000e+02,
2.522539367675781250e+02,
2.536932220458984375e+02,
2.561329345703125000e+02,
2.554796142578125000e+02,
2.577274780273437500e+02,
2.597106628417968750e+02,
2.645078125000000000e+02,
2.708610229492187500e+02,
2.780502319335937500e+02,
2.903852539062500000e+02,
2.967036437988281250e+02,
3.118352966308593750e+02,
3.593301391601562500e+02,
3.988077392578125000e+02,
4.389884948730468750e+02,
4.734431457519531250e+02,
4.720949707031250000e+02,
4.503204040527343750e+02,
4.347760009765625000e+02,
4.156274108886718750e+02,
4.040098876953125000e+02,
4.013160095214843750e+02,
3.934118347167968750e+02,
3.801603393554687500e+02,
3.660578308105468750e+02,
3.363210754394531250e+02,
3.502915649414062500e+02,
3.547138061523437500e+02,
3.586202087402343750e+02,
3.585903930664062500e+02,
3.423921813964843750e+02,
3.350577392578125000e+02,
3.372347106933593750e+02,
3.421688232421875000e+02,
3.531894226074218750e+02,
3.722652893066406250e+02,
3.727631225585937500e+02,
3.932581787109375000e+02,
4.305301818847656250e+02,
4.257416687011718750e+02,
4.399774780273437500e+02,
4.452086181640625000e+02,
4.453929443359375000e+02,
4.973813476562500000e+02,
5.206375122070312500e+02,
5.367022094726562500e+02,
5.416893310546875000e+02,
5.635023193359375000e+02,
5.351882934570312500e+02,
5.464670410156250000e+02,
5.827885742187500000e+02,
2.046749267578125000e+02,
1.930952758789062500e+02,
1.918868713378906250e+02,
1.830561370849609375e+02,
1.735892181396484375e+02,
1.714302062988281250e+02,
1.683986358642578125e+02,
1.654014587402343750e+02,
1.608373565673828125e+02,
1.578717803955078125e+02,
1.553111724853515625e+02,
1.552924346923828125e+02,
1.548119201660156250e+02,
1.552213439941406250e+02,
1.552220306396484375e+02,
1.556710968017578125e+02,
1.556865539550781250e+02,
1.555505676269531250e+02,
1.555890197753906250e+02,
1.560094299316406250e+02,
1.573713226318359375e+02,
1.576696319580078125e+02,
1.575213317871093750e+02,
1.575765991210937500e+02,
1.574341888427734375e+02,
1.560395050048828125e+02,
1.553789825439453125e+02,
1.555994110107421875e+02,
1.556882629394531250e+02,
1.571674804687500000e+02,
1.566260528564453125e+02,
1.585434722900390625e+02,
1.590575714111328125e+02,
1.606431579589843750e+02,
1.637789306640625000e+02,
1.663250274658203125e+02,
1.689906616210937500e+02,
1.690298614501953125e+02,
1.668291625976562500e+02,
1.626164703369140625e+02,
1.608078460693359375e+02,
1.607332763671875000e+02,
1.588840637207031250e+02,
1.596311798095703125e+02,
1.603506317138671875e+02,
1.612883148193359375e+02,
1.665848388671875000e+02,
1.708596496582031250e+02,
1.740392761230468750e+02,
1.781372680664062500e+02,
1.805682220458984375e+02,
1.871447448730468750e+02,
1.844451904296875000e+02,
1.828084564208984375e+02,
1.824616699218750000e+02,
1.821320953369140625e+02,
1.808213653564453125e+02,
1.863231353759765625e+02,
1.995184326171875000e+02,
1.996489105224609375e+02,
2.022906188964843750e+02,
2.048478393554687500e+02,
2.079201049804687500e+02,
2.357393646240234375e+02,
2.776619567871093750e+02,
3.309324645996093750e+02,
4.421698303222656250e+02,
6.271789550781250000e+02,
7.445554199218750000e+02,
7.959941406250000000e+02,
8.635249023437500000e+02,
8.664315795898437500e+02,
8.032246093750000000e+02,
7.831794433593750000e+02,
7.306715698242187500e+02,
6.520502319335937500e+02,
5.927189941406250000e+02,
5.524042358398437500e+02,
5.288199462890625000e+02,
5.091535949707031250e+02,
4.843793334960937500e+02,
4.527061462402343750e+02,
4.127728271484375000e+02,
3.953450317382812500e+02,
3.833654785156250000e+02,
3.634497985839843750e+02,
3.482211303710937500e+02,
3.341366882324218750e+02,
3.210178833007812500e+02,
3.096854858398437500e+02,
2.944780578613281250e+02,
2.915966186523437500e+02,
3.013905334472656250e+02,
2.964861755371093750e+02,
2.861783447265625000e+02,
2.721777954101562500e+02,
2.506968994140625000e+02,
2.354134216308593750e+02,
2.253692321777343750e+02,
2.300793457031250000e+02,
2.330870819091796875e+02,
2.308760070800781250e+02,
2.281656646728515625e+02,
2.272037811279296875e+02,
2.238219604492187500e+02,
2.220030822753906250e+02,
2.228488769531250000e+02,
2.181558074951171875e+02,
2.178108673095703125e+02,
2.238909454345703125e+02,
2.246114654541015625e+02,
2.277530822753906250e+02,
2.269631347656250000e+02,
2.298221588134765625e+02,
2.324597625732421875e+02,
2.310998382568359375e+02,
2.224082336425781250e+02,
2.217622375488281250e+02,
2.207748413085937500e+02,
2.137888488769531250e+02,
2.105078125000000000e+02,
2.102003631591796875e+02,
2.079451446533203125e+02,
2.056383819580078125e+02,
2.062756347656250000e+02,
2.116825103759765625e+02,
2.146880187988281250e+02,
2.121763000488281250e+02,
2.124428405761718750e+02,
2.096437225341796875e+02,
2.073010711669921875e+02,
2.049545288085937500e+02,
2.055927734375000000e+02,
2.051556701660156250e+02,
2.096792907714843750e+02,
2.219148559570312500e+02,
2.350490570068359375e+02,
2.402723693847656250e+02,
2.411718139648437500e+02,
2.394660949707031250e+02,
2.336832427978515625e+02,
2.334134521484375000e+02,
2.354845123291015625e+02,
2.356926422119140625e+02,
2.323260192871093750e+02,
2.345837554931640625e+02,
2.378971710205078125e+02,
2.357766113281250000e+02,
2.432429199218750000e+02,
2.638471374511718750e+02,
2.784517517089843750e+02,
2.995700988769531250e+02,
3.094380187988281250e+02,
2.949828491210937500e+02,
2.810179443359375000e+02,
2.633040466308593750e+02,
2.440202178955078125e+02,
2.236294097900390625e+02,
2.334719696044921875e+02,
2.375251312255859375e+02,
2.380256652832031250e+02,
2.463745574951171875e+02,
2.559085998535156250e+02,
2.607621765136718750e+02,
2.600343017578125000e+02,
2.532694854736328125e+02,
2.409732971191406250e+02,
2.310382080078125000e+02,
2.250990905761718750e+02,
2.201129455566406250e+02,
2.325357666015625000e+02,
2.455528106689453125e+02,
2.639678344726562500e+02,
2.804222106933593750e+02,
2.971758728027343750e+02,
3.051540527343750000e+02,
3.185908203125000000e+02,
3.318172912597656250e+02,
3.474442749023437500e+02,
3.868741149902343750e+02,
4.185519409179687500e+02,
4.125657958984375000e+02,
4.162090148925781250e+02,
4.187431335449218750e+02,
4.165860900878906250e+02,
4.010103454589843750e+02,
3.902483520507812500e+02,
3.543128356933593750e+02,
3.037631530761718750e+02,
2.624265747070312500e+02,
2.263972167968750000e+02,
2.137839660644531250e+02,
2.070404205322265625e+02,
2.096312255859375000e+02,
2.135083312988281250e+02,
2.217325439453125000e+02,
2.238628540039062500e+02,
2.271836547851562500e+02,
2.264064636230468750e+02,
2.275700531005859375e+02,
2.223241577148437500e+02,
2.223259124755859375e+02,
2.202986450195312500e+02,
2.315500335693359375e+02,
2.423695373535156250e+02,
2.422638854980468750e+02,
2.441080322265625000e+02,
2.471799316406250000e+02,
2.448057556152343750e+02,
2.441678924560546875e+02,
2.554817657470703125e+02,
2.592921752929687500e+02,
2.602788391113281250e+02,
2.647931823730468750e+02,
2.720967712402343750e+02,
2.712938842773437500e+02,
2.738956604003906250e+02,
2.766860656738281250e+02,
2.853578491210937500e+02,
2.945144042968750000e+02,
3.046529846191406250e+02,
3.263892517089843750e+02,
3.933355407714843750e+02,
4.370439758300781250e+02,
4.998850097656250000e+02,
5.006929931640625000e+02,
5.332454223632812500e+02,
5.169744262695312500e+02,
4.825344238281250000e+02,
4.448967285156250000e+02,
4.488217468261718750e+02,
4.331632385253906250e+02,
4.149013366699218750e+02,
3.982798767089843750e+02,
3.951091003417968750e+02,
4.024270019531250000e+02,
3.944833068847656250e+02,
4.104084777832031250e+02,
4.266476745605468750e+02,
4.405015258789062500e+02,
4.769629821777343750e+02,
4.788727111816406250e+02,
4.787293395996093750e+02,
5.496416625976562500e+02,
5.714276733398437500e+02,
5.670021362304687500e+02,
5.751106567382812500e+02,
6.530432739257812500e+02,
