1.515637969970703125e+02,
1.504962615966796875e+02,
1.508755493164062500e+02,
1.464631042480468750e+02,
1.367772369384765625e+02,
1.343040313720703125e+02,
1.378406372070312500e+02,
1.399072875976562500e+02,
1.382535400390625000e+02,
1.369297180175781250e+02,
1.380243835449218750e+02,
1.408086242675781250e+02,
1.386098022460937500e+02,
1.381538543701171875e+02,
1.370080261230468750e+02,
1.370034179687500000e+02,
1.364653472900390625e+02,
1.352341766357421875e+02,
1.361544189453125000e+02,
1.369107360839843750e+02,
1.366469268798828125e+02,
1.391094818115234375e+02,
1.380814666748046875e+02,
1.358307495117187500e+02,
1.351181488037109375e+02,
1.337273559570312500e+02,
1.321621551513671875e+02,
1.314520111083984375e+02,
1.321161956787109375e+02,
1.318046417236328125e+02,
1.307570343017578125e+02,
1.311177062988281250e+02,
1.321006317138671875e+02,
1.311645965576171875e+02,
1.342500305175781250e+02,
1.340158691406250000e+02,
1.373347473144531250e+02,
1.398919677734375000e+02,
1.412451629638671875e+02,
1.433520202636718750e+02,
1.422502136230468750e+02,
1.438094177246093750e+02,
1.437582092285156250e+02,
1.451653594970703125e+02,
1.471974945068359375e+02,
1.463037872314453125e+02,
1.464678192138671875e+02,
1.471603851318359375e+02,
1.488835601806640625e+02,
1.465947113037109375e+02,
1.476427154541015625e+02,
1.470003814697265625e+02,
1.505403442382812500e+02,
1.568001251220703125e+02,
1.659037628173828125e+02,
1.734563751220703125e+02,
1.842441864013671875e+02,
1.924329223632812500e+02,
2.002000885009765625e+02,
2.024341888427734375e+02,
2.022087707519531250e+02,
2.050479431152343750e+02,
2.067566070556640625e+02,
2.041385650634765625e+02,
2.039488983154296875e+02,
1.960062103271484375e+02,
1.859661712646484375e+02,
1.767955474853515625e+02,
1.703632812500000000e+02,
1.689305114746093750e+02,
1.657276916503906250e+02,
1.604632873535156250e+02,
1.555907745361328125e+02,
1.530332183837890625e+02,
1.569127349853515625e+02,
1.608188781738281250e+02,
1.628672637939453125e+02,
1.658279113769531250e+02,
1.673013763427734375e+02,
1.667896270751953125e+02,
1.622912292480468750e+02,
1.520410614013671875e+02,
1.474201660156250000e+02,
1.467819366455078125e+02,
1.430877075195312500e+02,
1.408858184814453125e+02,
1.372926483154296875e+02,
1.355159912109375000e+02,
1.367668151855468750e+02,
1.407077331542968750e+02,
1.437859649658203125e+02,
1.489500274658203125e+02,
1.476112670898437500e+02,
1.474612274169921875e+02,
1.456625976562500000e+02,
1.433097381591796875e+02,
1.408673095703125000e+02,
1.420917205810546875e+02,
1.421931304931640625e+02,
1.409888916015625000e+02,
1.408127899169921875e+02,
1.371985168457031250e+02,
1.334607086181640625e+02,
1.310422058105468750e+02,
1.310683135986328125e+02,
1.308016967773437500e+02,
1.308509368896484375e+02,
1.283435974121093750e+02,
1.258535079956054688e+02,
1.242810440063476562e+02,
1.241197052001953125e+02,
1.238898925781250000e+02,
1.280275268554687500e+02,
1.341916656494140625e+02,
1.388680725097656250e+02,
1.421291046142578125e+02,
1.426244659423828125e+02,
1.370795135498046875e+02,
1.288034973144531250e+02,
1.222374191284179688e+02,
1.222890701293945312e+02,
1.257393798828125000e+02,
1.280198211669921875e+02,
1.307352447509765625e+02,
1.353054046630859375e+02,
1.387542572021484375e+02,
1.478233795166015625e+02,
1.618734283447265625e+02,
1.686348114013671875e+02,
1.755131988525390625e+02,
1.766212158203125000e+02,
1.754559478759765625e+02,
1.747270507812500000e+02,
1.751372985839843750e+02,
1.736584930419921875e+02,
1.712721099853515625e+02,
1.739133605957031250e+02,
1.700757293701171875e+02,
1.698100585937500000e+02,
1.697476348876953125e+02,
1.666554412841796875e+02,
1.619679565429687500e+02,
1.595134277343750000e+02,
1.579586029052734375e+02,
1.550256652832031250e+02,
1.501836090087890625e+02,
1.491480865478515625e+02,
1.450277862548828125e+02,
1.401376495361328125e+02,
1.343299102783203125e+02,
1.277266082763671875e+02,
1.240670852661132812e+02,
1.210849761962890625e+02,
1.180628890991210938e+02,
1.155057449340820312e+02,
1.115275421142578125e+02,
1.087943496704101562e+02,
1.101092605590820312e+02,
1.124900588989257812e+02,
1.177362213134765625e+02,
1.247137451171875000e+02,
1.308672332763671875e+02,
1.367277221679687500e+02,
1.394001617431640625e+02,
1.457943572998046875e+02,
1.509522705078125000e+02,
1.594558258056640625e+02,
1.648284606933593750e+02,
1.675231933593750000e+02,
1.691110839843750000e+02,
1.682874908447265625e+02,
1.656481018066406250e+02,
1.631346282958984375e+02,
1.627600708007812500e+02,
1.617576141357421875e+02,
1.614658508300781250e+02,
1.619939727783203125e+02,
1.676448516845703125e+02,
1.716298980712890625e+02,
1.716638031005859375e+02,
1.687541198730468750e+02,
1.647873077392578125e+02,
1.647329559326171875e+02,
1.698158264160156250e+02,
1.709318389892578125e+02,
1.671595306396484375e+02,
1.641167907714843750e+02,
1.608326568603515625e+02,
1.542167663574218750e+02,
1.463712463378906250e+02,
1.413914031982421875e+02,
1.365710296630859375e+02,
1.373642425537109375e+02,
1.378618774414062500e+02,
1.379412536621093750e+02,
1.357713012695312500e+02,
1.331821289062500000e+02,
1.341148223876953125e+02,
1.333033447265625000e+02,
1.316322631835937500e+02,
1.329957885742187500e+02,
1.314806671142578125e+02,
1.279261093139648438e+02,
1.258850784301757812e+02,
1.238242187500000000e+02,
1.229450531005859375e+02,
1.206484222412109375e+02,
1.192573165893554688e+02,
1.190898513793945312e+02,
1.224595565795898438e+02,
1.256869583129882812e+02,
1.329837493896484375e+02,
1.392577819824218750e+02,
1.453000335693359375e+02,
1.500230560302734375e+02,
1.550507202148437500e+02,
1.549474945068359375e+02,
1.510524291992187500e+02,
1.482065277099609375e+02,
1.450274505615234375e+02,
1.459642028808593750e+02,
1.487044372558593750e+02,
1.499787597656250000e+02,
1.508466796875000000e+02,
1.530032653808593750e+02,
1.544850769042968750e+02,
1.561358642578125000e+02,
1.581997985839843750e+02,
1.601089477539062500e+02,
1.606197204589843750e+02,
1.610541839599609375e+02,
1.604044799804687500e+02,
1.599268493652343750e+02,
1.576946868896484375e+02,
1.573501586914062500e+02,
1.607247314453125000e+02,
1.600242309570312500e+02,
1.613587188720703125e+02,
1.615303802490234375e+02,
1.553772125244140625e+02,
1.488271942138671875e+02,
1.448087158203125000e+02,
1.495208740234375000e+02,
1.504625396728515625e+02,
1.568192901611328125e+02,
1.606135864257812500e+02,
1.656087188720703125e+02,
1.661257781982421875e+02,
1.668010559082031250e+02,
1.680259552001953125e+02,
1.694822540283203125e+02,
1.732433013916015625e+02,
1.710285034179687500e+02,
1.635632629394531250e+02,
1.634531707763671875e+02,
1.647696228027343750e+02,
1.648862609863281250e+02,
1.704708862304687500e+02,
1.716801147460937500e+02,
1.690559082031250000e+02,
1.780397033691406250e+02,
2.128399047851562500e+02,
2.348506469726562500e+02,
2.598196411132812500e+02,
2.850119628906250000e+02,
2.799947204589843750e+02,
2.578951721191406250e+02,
2.448704681396484375e+02,
2.213521270751953125e+02,
2.078009643554687500e+02,
1.932514190673828125e+02,
1.872769012451171875e+02,
1.719800109863281250e+02,
1.648897247314453125e+02,
1.620996551513671875e+02,
1.654153747558593750e+02,
1.689885406494140625e+02,
1.693279266357421875e+02,
1.668798828125000000e+02,
1.557345428466796875e+02,
1.502947387695312500e+02,
1.381361083984375000e+02,
1.337982788085937500e+02,
1.333494415283203125e+02,
1.288484344482421875e+02,
1.221652755737304688e+02,
1.166924133300781250e+02,
1.073476562500000000e+02,
9.874719238281250000e+01,
9.701197052001953125e+01,
9.896644592285156250e+01,
1.000905227661132812e+02,
9.912966156005859375e+01,
9.907447052001953125e+01,
9.911062622070312500e+01,
9.988052368164062500e+01,
1.010811767578125000e+02,
1.018485565185546875e+02,
1.024705123901367188e+02,
1.028382110595703125e+02,
1.027817230224609375e+02,
1.021390457153320312e+02,
1.035100479125976562e+02,
1.056986465454101562e+02,
1.089927673339843750e+02,
1.106157836914062500e+02,
1.133208999633789062e+02,
1.152352981567382812e+02,
1.140853652954101562e+02,
1.119338226318359375e+02,
1.095672531127929688e+02,
1.069830398559570312e+02,
1.063117218017578125e+02,
1.072823791503906250e+02,
1.076377792358398438e+02,
1.082059249877929688e+02,
1.110368118286132812e+02,
1.164143447875976562e+02,
1.220032806396484375e+02,
1.266028213500976562e+02,
1.303003387451171875e+02,
1.297938537597656250e+02,
1.286502685546875000e+02,
1.270225982666015625e+02,
1.244600219726562500e+02,
1.305816497802734375e+02,
1.367557067871093750e+02,
1.432584228515625000e+02,
1.467281188964843750e+02,
1.470094604492187500e+02,
1.421602325439453125e+02,
1.334966430664062500e+02,
1.321046295166015625e+02,
1.329002990722656250e+02,
1.393907012939453125e+02,
1.449781799316406250e+02,
1.449441070556640625e+02,
1.458390655517578125e+02,
1.476445922851562500e+02,
1.462373046875000000e+02,
1.461817321777343750e+02,
1.423786163330078125e+02,
1.334953002929687500e+02,
1.285030670166015625e+02,
1.259567413330078125e+02,
1.271302642822265625e+02,
1.276374740600585938e+02,
1.298459625244140625e+02,
1.317336273193359375e+02,
1.320587005615234375e+02,
1.339181060791015625e+02,
1.343129577636718750e+02,
1.335229644775390625e+02,
1.330085601806640625e+02,
1.320333404541015625e+02,
1.280268554687500000e+02,
1.220839157104492188e+02,
1.150398101806640625e+02,
1.100420074462890625e+02,
1.073760299682617188e+02,
1.075555038452148438e+02,
1.119173812866210938e+02,
1.188548202514648438e+02,
1.263575363159179688e+02,
1.326113281250000000e+02,
1.339557647705078125e+02,
1.348591766357421875e+02,
1.342296295166015625e+02,
1.292878417968750000e+02,
1.226507568359375000e+02,
1.141988525390625000e+02,
1.092226638793945312e+02,
1.061705856323242188e+02,
1.053248291015625000e+02,
1.044962539672851562e+02,
1.040037612915039062e+02,
1.029431076049804688e+02,
1.034039688110351562e+02,
1.027673034667968750e+02,
1.018237915039062500e+02,
1.020022888183593750e+02,
1.033394699096679688e+02,
1.056152877807617188e+02,
1.058653869628906250e+02,
1.043935623168945312e+02,
1.027242660522460938e+02,
1.006046447753906250e+02,
1.000783157348632812e+02,
1.004436950683593750e+02,
1.000299911499023438e+02,
9.888406372070312500e+01,
9.906136322021484375e+01,
9.973933410644531250e+01,
9.986839294433593750e+01,
9.979785919189453125e+01,
1.004809951782226562e+02,
1.013866119384765625e+02,
1.028697814941406250e+02,
1.049927139282226562e+02,
1.068599166870117188e+02,
1.079745330810546875e+02,
1.077146987915039062e+02,
1.084257049560546875e+02,
1.096020278930664062e+02,
1.095624694824218750e+02,
1.095043869018554688e+02,
1.096010818481445312e+02,
1.094409408569335938e+02,
1.078738784790039062e+02,
1.066998519897460938e+02,
1.066455535888671875e+02,
1.086553268432617188e+02,
1.095249710083007812e+02,
1.110496978759765625e+02,
1.133001403808593750e+02,
1.141635208129882812e+02,
1.159953231811523438e+02,
1.151626281738281250e+02,
1.143294219970703125e+02,
1.136046829223632812e+02,
1.102552108764648438e+02,
1.054925079345703125e+02,
1.031580581665039062e+02,
9.943888092041015625e+01,
9.559751129150390625e+01,
9.327716827392578125e+01,
9.276840972900390625e+01,
9.303313446044921875e+01,
9.456217956542968750e+01,
9.515467071533203125e+01,
9.563522338867187500e+01,
9.744643402099609375e+01,
9.685060119628906250e+01,
9.748719787597656250e+01,
9.898034667968750000e+01,
1.014120407104492188e+02,
1.050993423461914062e+02,
1.065137863159179688e+02,
1.102189712524414062e+02,
1.123506011962890625e+02,
1.142398757934570312e+02,
1.155387420654296875e+02,
1.181438598632812500e+02,
1.200290832519531250e+02,
1.196610260009765625e+02,
1.189004287719726562e+02,
1.180793609619140625e+02,
1.181771850585937500e+02,
1.162465667724609375e+02,
1.156214599609375000e+02,
1.130326843261718750e+02,
1.101474151611328125e+02,
1.056673049926757812e+02,
1.031179885864257812e+02,
1.046667785644531250e+02,
1.067251892089843750e+02,
1.113332748413085938e+02,
1.142935867309570312e+02,
1.155221862792968750e+02,
1.158265686035156250e+02,
1.135467453002929688e+02,
1.116478652954101562e+02,
1.105366897583007812e+02,
1.111196365356445312e+02,
1.124656448364257812e+02,
1.122269668579101562e+02,
1.118908462524414062e+02,
1.113853683471679688e+02,
1.116222534179687500e+02,
1.114719238281250000e+02,
1.099131240844726562e+02,
1.082973937988281250e+02,
1.067742843627929688e+02,
1.049633712768554688e+02,
1.058834075927734375e+02,
1.086612243652343750e+02,
1.106397247314453125e+02,
1.114236602783203125e+02,
1.116721267700195312e+02,
1.123581008911132812e+02,
1.211460647583007812e+02,
1.769140930175781250e+02,
2.690531005859375000e+02,
3.738338317871093750e+02,
4.922117004394531250e+02,
5.986669921875000000e+02,
6.558447265625000000e+02,
6.734965209960937500e+02,
6.741907958984375000e+02,
6.622144775390625000e+02,
6.497451171875000000e+02,
6.334175415039062500e+02,
6.188135986328125000e+02,
6.274581909179687500e+02,
6.509851684570312500e+02,
6.705290527343750000e+02,
6.741818847656250000e+02,
6.695089721679687500e+02,
6.415194702148437500e+02,
5.942354125976562500e+02,
5.518503417968750000e+02,
5.031699218750000000e+02,
4.508410949707031250e+02,
4.080113830566406250e+02,
3.711165771484375000e+02,
3.401527099609375000e+02,
3.216440429687500000e+02,
3.125980529785156250e+02,
3.107540588378906250e+02,
3.115173950195312500e+02,
3.047110900878906250e+02,
3.039766540527343750e+02,
3.004307556152343750e+02,
2.957966308593750000e+02,
2.916756896972656250e+02,
2.796581420898437500e+02,
2.610023193359375000e+02,
2.424074554443359375e+02,
2.303895568847656250e+02,
2.156102600097656250e+02,
2.048853607177734375e+02,
1.973153533935546875e+02,
1.875286712646484375e+02,
1.856375122070312500e+02,
1.898334350585937500e+02,
1.945450286865234375e+02,
2.021802062988281250e+02,
2.012201232910156250e+02,
2.023039398193359375e+02,
2.050593566894531250e+02,
2.055851593017578125e+02,
2.036603698730468750e+02,
2.024576263427734375e+02,
2.023740386962890625e+02,
1.943906250000000000e+02,
1.936077117919921875e+02,
1.907425842285156250e+02,
1.908121643066406250e+02,
1.874934082031250000e+02,
1.897625274658203125e+02,
1.943410949707031250e+02,
1.943303222656250000e+02,
1.975736236572265625e+02,
2.011974639892578125e+02,
2.040379943847656250e+02,
2.018939361572265625e+02,
1.989070129394531250e+02,
1.940955047607421875e+02,
1.980829620361328125e+02,
1.932353515625000000e+02,
1.904135284423828125e+02,
1.930199279785156250e+02,
1.973019866943359375e+02,
2.035390625000000000e+02,
2.142535705566406250e+02,
2.267006225585937500e+02,
2.495148315429687500e+02,
2.620130920410156250e+02,
2.629978027343750000e+02,
2.668460998535156250e+02,
2.571441955566406250e+02,
2.625228576660156250e+02,
2.776051025390625000e+02,
2.682591552734375000e+02,
2.636900024414062500e+02,
2.572895202636718750e+02,
2.418940429687500000e+02,
1.942769927978515625e+02,
1.826006927490234375e+02,
1.776259765625000000e+02,
1.770412597656250000e+02,
1.731067810058593750e+02,
1.635534667968750000e+02,
1.528324127197265625e+02,
1.477736511230468750e+02,
1.444523925781250000e+02,
1.377123870849609375e+02,
1.303674926757812500e+02,
1.273952484130859375e+02,
1.264735031127929688e+02,
1.270743179321289062e+02,
1.287447509765625000e+02,
1.266547088623046875e+02,
1.267059631347656250e+02,
1.274529495239257812e+02,
1.284271087646484375e+02,
1.277531967163085938e+02,
1.295351409912109375e+02,
1.269180755615234375e+02,
1.246565628051757812e+02,
1.211305923461914062e+02,
1.190390090942382812e+02,
1.169314804077148438e+02,
1.169483795166015625e+02,
1.186440353393554688e+02,
1.208264236450195312e+02,
1.209202346801757812e+02,
1.215058670043945312e+02,
1.225159683227539062e+02,
1.255262069702148438e+02,
1.250774536132812500e+02,
1.249210205078125000e+02,
1.262031250000000000e+02,
1.273675155639648438e+02,
1.240187301635742188e+02,
1.210647506713867188e+02,
1.190334472656250000e+02,
1.173928298950195312e+02,
1.152761917114257812e+02,
1.139844741821289062e+02,
1.143231430053710938e+02,
1.155253982543945312e+02,
1.150400924682617188e+02,
1.163865280151367188e+02,
1.168955841064453125e+02,
1.189607238769531250e+02,
1.189030075073242188e+02,
1.186632614135742188e+02,
1.166000747680664062e+02,
1.159247207641601562e+02,
1.158554458618164062e+02,
1.165313568115234375e+02,
1.197693862915039062e+02,
1.289300384521484375e+02,
1.486609344482421875e+02,
1.758057250976562500e+02,
1.974238281250000000e+02,
2.194344177246093750e+02,
2.502886199951171875e+02,
2.729825744628906250e+02,
2.909033813476562500e+02,
2.922137145996093750e+02,
2.813110961914062500e+02,
2.732898559570312500e+02,
2.724616699218750000e+02,
2.644455871582031250e+02,
2.540174560546875000e+02,
2.501096801757812500e+02,
2.462025604248046875e+02,
2.266963500976562500e+02,
2.172729034423828125e+02,
2.236947479248046875e+02,
2.270891113281250000e+02,
2.299795227050781250e+02,
2.386407775878906250e+02,
2.484385833740234375e+02,
2.636451721191406250e+02,
2.772288818359375000e+02,
2.818392639160156250e+02,
2.781324768066406250e+02,
2.758767089843750000e+02,
2.754944763183593750e+02,
2.638578796386718750e+02,
2.539416503906250000e+02,
2.565908813476562500e+02,
2.611854858398437500e+02,
2.606053771972656250e+02,
2.681630249023437500e+02,
2.727364196777343750e+02,
2.681650085449218750e+02,
2.569534912109375000e+02,
2.456369781494140625e+02,
2.233372192382812500e+02,
2.080155487060546875e+02,
1.977233734130859375e+02,
1.855362091064453125e+02,
1.833019256591796875e+02,
1.809250793457031250e+02,
1.808996429443359375e+02,
1.817776641845703125e+02,
1.790246276855468750e+02,
1.807291107177734375e+02,
1.820155792236328125e+02,
1.839957733154296875e+02,
1.874197540283203125e+02,
1.863488006591796875e+02,
1.864797973632812500e+02,
1.861721191406250000e+02,
1.841246337890625000e+02,
1.861254119873046875e+02,
1.902913208007812500e+02,
1.938833007812500000e+02,
1.943927917480468750e+02,
1.954050140380859375e+02,
1.915266113281250000e+02,
1.838362121582031250e+02,
1.807100830078125000e+02,
1.811686553955078125e+02,
1.890599517822265625e+02,
1.958630065917968750e+02,
2.171085510253906250e+02,
2.293983154296875000e+02,
2.355212707519531250e+02,
2.398948211669921875e+02,
2.371990814208984375e+02,
2.265063476562500000e+02,
2.131696014404296875e+02,
1.979408416748046875e+02,
1.850027770996093750e+02,
1.798094787597656250e+02,
1.760623779296875000e+02,
1.713573913574218750e+02,
1.666261138916015625e+02,
1.653766021728515625e+02,
1.688555145263671875e+02,
1.715421142578125000e+02,
1.743354949951171875e+02,
1.758517303466796875e+02,
1.775513305664062500e+02,
1.897951965332031250e+02,
1.916178283691406250e+02,
1.934114837646484375e+02,
1.964750061035156250e+02,
1.939675140380859375e+02,
1.860731201171875000e+02,
1.916972961425781250e+02,
1.881400909423828125e+02,
1.958306121826171875e+02,
1.940920410156250000e+02,
1.868373260498046875e+02,
1.866078796386718750e+02,
1.925779113769531250e+02,
1.821477966308593750e+02,
1.816367797851562500e+02,
1.786143341064453125e+02,
1.709851379394531250e+02,
1.625074920654296875e+02,
1.586356811523437500e+02,
1.567910766601562500e+02,
1.692818603515625000e+02,
1.704918060302734375e+02,
1.789937896728515625e+02,
2.000088043212890625e+02,
2.055738677978515625e+02,
2.125690460205078125e+02,
2.205164947509765625e+02,
2.216428375244140625e+02,
2.195620422363281250e+02,
2.252678222656250000e+02,
2.129482116699218750e+02,
2.039141845703125000e+02,
1.922170104980468750e+02,
1.858993988037109375e+02,
1.821727752685546875e+02,
1.805732574462890625e+02,
1.742066345214843750e+02,
1.704674530029296875e+02,
1.712649383544921875e+02,
1.654961700439453125e+02,
1.632823791503906250e+02,
1.719519195556640625e+02,
1.661779632568359375e+02,
1.646735076904296875e+02,
1.625301208496093750e+02,
1.564533233642578125e+02,
1.422702331542968750e+02,
1.434599914550781250e+02,
1.440668029785156250e+02,
1.428218383789062500e+02,
1.407251129150390625e+02,
1.445915374755859375e+02,
1.446856231689453125e+02,
1.421426391601562500e+02,
1.403259887695312500e+02,
1.406291656494140625e+02,
1.420464782714843750e+02,
1.430563507080078125e+02,
1.490828094482421875e+02,
1.514469909667968750e+02,
1.569752197265625000e+02,
1.646068420410156250e+02,
1.648843994140625000e+02,
1.625727539062500000e+02,
1.679515228271484375e+02,
1.703751831054687500e+02,
1.774716491699218750e+02,
1.878980255126953125e+02,
2.081582946777343750e+02,
2.260150756835937500e+02,
2.349248809814453125e+02,
2.379534606933593750e+02,
2.358831939697265625e+02,
2.319595184326171875e+02,
2.240374145507812500e+02,
2.140306549072265625e+02,
2.015170898437500000e+02,
1.872533264160156250e+02,
1.833814392089843750e+02,
1.876014251708984375e+02,
1.884045410156250000e+02,
1.842266540527343750e+02,
1.711690673828125000e+02,
1.600377655029296875e+02,
1.556639862060546875e+02,
1.592191772460937500e+02,
1.665269622802734375e+02,
1.662472229003906250e+02,
1.631542510986328125e+02,
1.561791687011718750e+02,
1.526109161376953125e+02,
1.508458404541015625e+02,
1.485141906738281250e+02,
1.442141723632812500e+02,
1.413556213378906250e+02,
1.372620697021484375e+02,
1.350177001953125000e+02,
1.457397003173828125e+02,
1.510779571533203125e+02,
1.489755401611328125e+02,
1.414267272949218750e+02,
1.372378082275390625e+02,
1.435045318603515625e+02,
1.593364257812500000e+02,
1.760218658447265625e+02,
1.917656555175781250e+02,
2.050105590820312500e+02,
2.083799896240234375e+02,
1.988370056152343750e+02,
2.006905364990234375e+02,
1.942399444580078125e+02,
1.862840576171875000e+02,
1.828604583740234375e+02,
1.870922241210937500e+02,
1.777934875488281250e+02,
1.619445495605468750e+02,
1.459649047851562500e+02,
1.355054473876953125e+02,
1.276608276367187500e+02,
1.246961669921875000e+02,
1.299150238037109375e+02,
1.398887176513671875e+02,
1.521655883789062500e+02,
1.693836212158203125e+02,
1.809032135009765625e+02,
1.905361175537109375e+02,
1.942771606445312500e+02,
1.957314300537109375e+02,
1.973924407958984375e+02,
2.060917205810546875e+02,
2.076688690185546875e+02,
2.087607574462890625e+02,
2.040711822509765625e+02,
1.971175384521484375e+02,
1.937375335693359375e+02,
1.831439971923828125e+02,
1.755577697753906250e+02,
1.678103790283203125e+02,
1.634707183837890625e+02,
1.625009307861328125e+02,
1.582142028808593750e+02,
1.534611663818359375e+02,
1.491811218261718750e+02,
1.450518341064453125e+02,
1.426829071044921875e+02,
1.468853607177734375e+02,
1.561669769287109375e+02,
1.658175506591796875e+02,
1.724040832519531250e+02,
1.769305572509765625e+02,
1.753317108154296875e+02,
1.742569122314453125e+02,
1.750179443359375000e+02,
1.790478210449218750e+02,
1.862248840332031250e+02,
1.860473937988281250e+02,
1.856851043701171875e+02,
1.896184387207031250e+02,
1.909009704589843750e+02,
1.922292480468750000e+02,
1.854549255371093750e+02,
1.881886291503906250e+02,
1.899816589355468750e+02,
1.970109252929687500e+02,
2.060361938476562500e+02,
2.149438476562500000e+02,
2.156284484863281250e+02,
2.151256408691406250e+02,
2.168899230957031250e+02,
2.136073150634765625e+02,
2.424242553710937500e+02,
2.968332824707031250e+02,
3.402031555175781250e+02,
3.422742309570312500e+02,
3.564775085449218750e+02,
3.108460998535156250e+02,
2.603927001953125000e+02,
2.275489654541015625e+02,
2.096187591552734375e+02,
1.950473480224609375e+02,
1.872398071289062500e+02,
1.731302185058593750e+02,
1.562116699218750000e+02,
1.396256408691406250e+02,
1.314058074951171875e+02,
1.215556869506835938e+02,
1.101136245727539062e+02,
1.094299316406250000e+02,
1.123998565673828125e+02,
1.136631927490234375e+02,
1.150268936157226562e+02,
1.195626220703125000e+02,
1.234275512695312500e+02,
1.250578231811523438e+02,
1.258183135986328125e+02,
1.265671844482421875e+02,
1.262300338745117188e+02,
1.247577590942382812e+02,
1.246503829956054688e+02,
1.318630981445312500e+02,
1.375431060791015625e+02,
1.393896484375000000e+02,
1.464591064453125000e+02,
1.534032745361328125e+02,
1.567484130859375000e+02,
1.611780853271484375e+02,
1.628480224609375000e+02,
1.669035034179687500e+02,
1.618720092773437500e+02,
1.636183929443359375e+02,
1.641986694335937500e+02,
1.601741790771484375e+02,
1.561218414306640625e+02,
1.519988861083984375e+02,
1.501474914550781250e+02,
1.507485961914062500e+02,
1.482353515625000000e+02,
1.463481597900390625e+02,
1.439211730957031250e+02,
1.402615051269531250e+02,
1.302075195312500000e+02,
1.268948211669921875e+02,
1.408690643310546875e+02,
1.479286956787109375e+02,
1.491363220214843750e+02,
1.451537017822265625e+02,
1.353829956054687500e+02,
1.213583450317382812e+02,
1.127621917724609375e+02,
1.100819549560546875e+02,
1.078620605468750000e+02,
1.100711822509765625e+02,
1.126165847778320312e+02,
1.125919265747070312e+02,
1.072188873291015625e+02,
1.027218704223632812e+02,
1.035558624267578125e+02,
1.035003280639648438e+02,
1.062967758178710938e+02,
1.094383926391601562e+02,
1.133577270507812500e+02,
1.171097640991210938e+02,
1.189967880249023438e+02,
1.215217361450195312e+02,
1.212299957275390625e+02,
1.192344360351562500e+02,
1.195946426391601562e+02,
1.207488021850585938e+02,
1.227451019287109375e+02,
1.236394119262695312e+02,
1.203891220092773438e+02,
1.167272186279296875e+02,
1.100022964477539062e+02,
1.042604446411132812e+02,
9.902460479736328125e+01,
9.706292724609375000e+01,
9.880123138427734375e+01,
1.019686508178710938e+02,
1.078292465209960938e+02,
1.137536621093750000e+02,
1.193616104125976562e+02,
1.286813354492187500e+02,
1.351358489990234375e+02,
1.347263793945312500e+02,
1.317827606201171875e+02,
1.280159606933593750e+02,
1.242290496826171875e+02,
1.246180953979492188e+02,
1.261219787597656250e+02,
1.308886871337890625e+02,
1.337480163574218750e+02,
1.341728363037109375e+02,
1.351245269775390625e+02,
1.309947814941406250e+02,
1.286588134765625000e+02,
1.243038711547851562e+02,
1.205629348754882812e+02,
1.180506973266601562e+02,
1.170155410766601562e+02,
1.170614166259765625e+02,
1.385151367187500000e+02,
2.333572387695312500e+02,
3.570587158203125000e+02,
4.769083557128906250e+02,
5.945656738281250000e+02,
6.769686279296875000e+02,
6.780784301757812500e+02,
6.854353637695312500e+02,
6.938947753906250000e+02,
6.819228515625000000e+02,
6.398846435546875000e+02,
5.707161865234375000e+02,
4.852847595214843750e+02,
4.137646789550781250e+02,
3.607655944824218750e+02,
3.348186950683593750e+02,
3.227524108886718750e+02,
3.188114929199218750e+02,
3.193997802734375000e+02,
2.982796020507812500e+02,
2.658602600097656250e+02,
2.403315429687500000e+02,
2.285031585693359375e+02,
2.169107208251953125e+02,
2.256896972656250000e+02,
2.396127014160156250e+02,
2.410699768066406250e+02,
2.316856842041015625e+02,
2.296690368652343750e+02,
2.262608184814453125e+02,
2.208551177978515625e+02,
2.237819061279296875e+02,
2.279859924316406250e+02,
2.256406402587890625e+02,
2.253695831298828125e+02,
2.275303802490234375e+02,
2.327451629638671875e+02,
2.306309967041015625e+02,
2.602990417480468750e+02,
2.881325378417968750e+02,
2.955571289062500000e+02,
3.111792297363281250e+02,
2.990682067871093750e+02,
2.786221618652343750e+02,
2.584134216308593750e+02,
2.442538909912109375e+02,
2.062303009033203125e+02,
1.901423797607421875e+02,
1.681853942871093750e+02,
1.500552825927734375e+02,
1.428205413818359375e+02,
1.359304809570312500e+02,
1.366891479492187500e+02,
1.371359710693359375e+02,
1.374008941650390625e+02,
1.341715850830078125e+02,
1.305738220214843750e+02,
1.299077301025390625e+02,
1.272910308837890625e+02,
1.310156860351562500e+02,
1.347529144287109375e+02,
1.359470367431640625e+02,
1.361626739501953125e+02,
1.325013275146484375e+02,
1.271869583129882812e+02,
1.265140609741210938e+02,
1.262531890869140625e+02,
1.258628692626953125e+02,
1.276431884765625000e+02,
1.299685363769531250e+02,
1.309897460937500000e+02,
1.348539886474609375e+02,
1.652082214355468750e+02,
2.008349609375000000e+02,
2.378809509277343750e+02,
2.660704040527343750e+02,
3.053576965332031250e+02,
3.120680541992187500e+02,
3.056452941894531250e+02,
2.957564392089843750e+02,
2.891805114746093750e+02,
2.850227050781250000e+02,
2.906919860839843750e+02,
3.085190429687500000e+02,
3.184643859863281250e+02,
3.396495666503906250e+02,
3.355021667480468750e+02,
3.447612304687500000e+02,
3.372854919433593750e+02,
3.369072265625000000e+02,
3.155074157714843750e+02,
2.958025817871093750e+02,
2.708126525878906250e+02,
2.480719909667968750e+02,
2.251200256347656250e+02,
2.141330718994140625e+02,
2.131803741455078125e+02,
2.115081634521484375e+02,
2.110673522949218750e+02,
2.121461181640625000e+02,
2.155981597900390625e+02,
2.194648437500000000e+02,
2.176634979248046875e+02,
2.145252380371093750e+02,
2.199608612060546875e+02,
2.271017303466796875e+02,
2.396053466796875000e+02,
2.477361145019531250e+02,
2.493493194580078125e+02,
2.394696350097656250e+02,
2.219734344482421875e+02,
2.025197448730468750e+02,
1.985817871093750000e+02,
1.942611083984375000e+02,
2.066955718994140625e+02,
2.110038146972656250e+02,
2.141764373779296875e+02,
2.203069152832031250e+02,
2.245212097167968750e+02,
2.103543243408203125e+02,
2.178092193603515625e+02,
2.180693969726562500e+02,
2.020894470214843750e+02,
1.958875579833984375e+02,
2.001180267333984375e+02,
2.015304107666015625e+02,
2.320258941650390625e+02,
2.357961120605468750e+02,
2.284983825683593750e+02,
2.438383941650390625e+02,
2.430343170166015625e+02,
2.209796752929687500e+02,
2.034015045166015625e+02,
1.871288299560546875e+02,
1.928771209716796875e+02,
2.109921264648437500e+02,
1.830966186523437500e+02,
1.808397827148437500e+02,
1.768558654785156250e+02,
1.706162719726562500e+02,
1.516856079101562500e+02,
1.527469482421875000e+02,
1.510027008056640625e+02,
1.503890075683593750e+02,
1.489314727783203125e+02,
1.569752044677734375e+02,
1.629481964111328125e+02,
1.708387908935546875e+02,
1.799482269287109375e+02,
1.817289428710937500e+02,
1.873686065673828125e+02,
2.078156280517578125e+02,
2.359276885986328125e+02,
2.493460540771484375e+02,
2.603102416992187500e+02,
2.625358581542968750e+02,
2.541395568847656250e+02,
2.423224945068359375e+02,
2.365860443115234375e+02,
2.195301666259765625e+02,
2.060708923339843750e+02,
2.007980499267578125e+02,
1.914458923339843750e+02,
1.829782562255859375e+02,
1.820555725097656250e+02,
1.839498443603515625e+02,
1.764241027832031250e+02,
1.671042633056640625e+02,
1.603989410400390625e+02,
1.600722961425781250e+02,
1.495480499267578125e+02,
1.500005340576171875e+02,
1.527413635253906250e+02,
1.546093750000000000e+02,
1.533887939453125000e+02,
1.591906280517578125e+02,
1.789317474365234375e+02,
1.981596527099609375e+02,
2.137498931884765625e+02,
2.242681121826171875e+02,
2.195756225585937500e+02,
2.101314697265625000e+02,
2.051386413574218750e+02,
1.981636352539062500e+02,
1.801068115234375000e+02,
1.597926483154296875e+02,
1.458875885009765625e+02,
1.469417419433593750e+02,
1.583470306396484375e+02,
1.832504882812500000e+02,
2.022087554931640625e+02,
2.192527770996093750e+02,
2.315516510009765625e+02,
2.396122436523437500e+02,
2.387196044921875000e+02,
2.334181213378906250e+02,
2.253231658935546875e+02,
2.142879943847656250e+02,
2.049134979248046875e+02,
1.947673187255859375e+02,
1.860459899902343750e+02,
1.780010833740234375e+02,
1.684656066894531250e+02,
1.670245361328125000e+02,
1.758390808105468750e+02,
1.855295104980468750e+02,
1.912595520019531250e+02,
2.021815643310546875e+02,
2.027019348144531250e+02,
2.046072998046875000e+02,
2.076899566650390625e+02,
2.098688354492187500e+02,
2.145139007568359375e+02,
2.143125152587890625e+02,
2.147557525634765625e+02,
2.226559295654296875e+02,
2.362108459472656250e+02,
2.431316223144531250e+02,
2.560613098144531250e+02,
2.574830017089843750e+02,
3.025926208496093750e+02,
3.585864257812500000e+02,
3.881424255371093750e+02,
3.894353942871093750e+02,
3.812046203613281250e+02,
3.183305053710937500e+02,
2.432124023437500000e+02,
2.084405517578125000e+02,
1.852723083496093750e+02,
1.623157653808593750e+02,
1.405368041992187500e+02,
1.317281646728515625e+02,
1.223322067260742188e+02,
1.236884231567382812e+02,
1.292271270751953125e+02,
1.363044891357421875e+02,
1.387846374511718750e+02,
1.338178405761718750e+02,
1.387783203125000000e+02,
1.436503143310546875e+02,
1.467631378173828125e+02,
1.567034606933593750e+02,
1.685808105468750000e+02,
1.749154968261718750e+02,
1.742919006347656250e+02,
1.832862396240234375e+02,
1.831850738525390625e+02,
1.787413330078125000e+02,
1.738443756103515625e+02,
1.677599945068359375e+02,
1.662333831787109375e+02,
1.622675018310546875e+02,
1.593594055175781250e+02,
1.530285949707031250e+02,
1.515456695556640625e+02,
1.502228240966796875e+02,
1.530049591064453125e+02,
1.524651794433593750e+02,
1.447847290039062500e+02,
1.321625976562500000e+02,
1.165718917846679688e+02,
1.169837417602539062e+02,
1.170640106201171875e+02,
1.158312377929687500e+02,
1.105479965209960938e+02,
1.083328094482421875e+02,
1.128594360351562500e+02,
1.199031372070312500e+02,
1.259911422729492188e+02,
1.285677795410156250e+02,
1.319534606933593750e+02,
1.297483520507812500e+02,
1.327421569824218750e+02,
1.312667694091796875e+02,
1.253087997436523438e+02,
1.211889648437500000e+02,
1.130351943969726562e+02,
1.049246139526367188e+02,
1.040465698242187500e+02,
1.133647918701171875e+02,
1.248740081787109375e+02,
1.363871154785156250e+02,
1.454406738281250000e+02,
1.438973541259765625e+02,
1.382708587646484375e+02,
1.410932464599609375e+02,
1.479327392578125000e+02,
1.431915283203125000e+02,
1.481499176025390625e+02,
1.487191009521484375e+02,
1.406069946289062500e+02,
1.335556793212890625e+02,
1.278229827880859375e+02,
1.314927215576171875e+02,
2.300377197265625000e+02,
3.556180725097656250e+02,
4.823827514648437500e+02,
5.914337158203125000e+02,
7.108912353515625000e+02,
7.071453857421875000e+02,
6.599100952148437500e+02,
5.990305786132812500e+02,
5.242529907226562500e+02,
4.288270874023437500e+02,
3.703358459472656250e+02,
3.503022155761718750e+02,
3.320148315429687500e+02,
3.062258911132812500e+02,
2.765076904296875000e+02,
2.517166595458984375e+02,
2.529385528564453125e+02,
2.614546203613281250e+02,
2.660872802734375000e+02,
2.567929077148437500e+02,
2.549316558837890625e+02,
2.467864532470703125e+02,
2.455484161376953125e+02,
2.532075042724609375e+02,
2.686092224121093750e+02,
2.885192260742187500e+02,
3.098608093261718750e+02,
3.205685424804687500e+02,
3.116628723144531250e+02,
2.863281250000000000e+02,
2.565222167968750000e+02,
2.203529510498046875e+02,
1.880316925048828125e+02,
1.599102172851562500e+02,
1.492755737304687500e+02,
1.434960784912109375e+02,
1.408796081542968750e+02,
1.421095886230468750e+02,
1.375762176513671875e+02,
1.393608856201171875e+02,
1.407019348144531250e+02,
1.422347869873046875e+02,
1.401134338378906250e+02,
1.400306243896484375e+02,
1.386215820312500000e+02,
1.368876190185546875e+02,
1.399022827148437500e+02,
1.648698577880859375e+02,
2.112633209228515625e+02,
2.704053039550781250e+02,
3.067559204101562500e+02,
3.536839294433593750e+02,
3.666303405761718750e+02,
3.615950012207031250e+02,
3.476157836914062500e+02,
3.662206420898437500e+02,
3.867811584472656250e+02,
4.061403503417968750e+02,
4.306171569824218750e+02,
4.137279663085937500e+02,
3.744461364746093750e+02,
3.394850158691406250e+02,
2.948050231933593750e+02,
2.624824523925781250e+02,
2.439591522216796875e+02,
2.370408020019531250e+02,
2.414058227539062500e+02,
2.400691986083984375e+02,
2.380245208740234375e+02,
2.612411499023437500e+02,
2.748397521972656250e+02,
2.788588867187500000e+02,
2.817402343750000000e+02,
2.711760559082031250e+02,
2.438245086669921875e+02,
2.276884460449218750e+02,
2.266259307861328125e+02,
2.299018402099609375e+02,
2.410148773193359375e+02,
2.489405517578125000e+02,
2.487931060791015625e+02,
2.400240936279296875e+02,
2.377153167724609375e+02,
2.386883850097656250e+02,
2.474450988769531250e+02,
2.478711853027343750e+02,
2.412089843750000000e+02,
2.446403503417968750e+02,
2.407309112548828125e+02,
2.377041931152343750e+02,
