8.956440429687500000e+02,
9.272897338867187500e+02,
7.916329956054687500e+02,
8.513491210937500000e+02,
1.064837768554687500e+03,
1.445802246093750000e+03,
1.737838134765625000e+03,
1.770544555664062500e+03,
1.853975952148437500e+03,
1.924350463867187500e+03,
1.880732177734375000e+03,
1.908446044921875000e+03,
2.040404541015625000e+03,
2.067760742187500000e+03,
1.947819580078125000e+03,
1.828559936523437500e+03,
1.940447998046875000e+03,
1.990370971679687500e+03,
1.871810180664062500e+03,
1.706907836914062500e+03,
1.620699584960937500e+03,
1.692054931640625000e+03,
1.678825683593750000e+03,
1.677779541015625000e+03,
1.721728271484375000e+03,
1.649807983398437500e+03,
1.897620971679687500e+03,
2.038219970703125000e+03,
2.117249755859375000e+03,
2.341196044921875000e+03,
2.380501464843750000e+03,
2.300905761718750000e+03,
2.249288818359375000e+03,
2.187545410156250000e+03,
2.009951293945312500e+03,
2.040461303710937500e+03,
2.075256103515625000e+03,
2.233780761718750000e+03,
2.277250732421875000e+03,
2.110953857421875000e+03,
2.048326416015625000e+03,
2.284474609375000000e+03,
2.528663818359375000e+03,
2.449508544921875000e+03,
2.559744873046875000e+03,
2.768062988281250000e+03,
2.657908203125000000e+03,
3.078543701171875000e+03,
