5.990911254882812500e+02,
6.066916503906250000e+02,
6.031543579101562500e+02,
5.840790405273437500e+02,
5.453633422851562500e+02,
5.335277099609375000e+02,
5.366590576171875000e+02,
5.552903442382812500e+02,
5.805966186523437500e+02,
6.024968261718750000e+02,
6.194122924804687500e+02,
6.193329467773437500e+02,
6.053247680664062500e+02,
5.841110229492187500e+02,
5.588624267578125000e+02,
5.421533813476562500e+02,
5.200057373046875000e+02,
5.107556762695312500e+02,
5.062565917968750000e+02,
5.115827636718750000e+02,
5.092335205078125000e+02,
5.184573364257812500e+02,
5.222549438476562500e+02,
5.306123657226562500e+02,
5.283334350585937500e+02,
5.307737426757812500e+02,
5.305615844726562500e+02,
5.200626220703125000e+02,
5.132888183593750000e+02,
5.023609313964843750e+02,
5.037746582031250000e+02,
5.098455200195312500e+02,
5.105216064453125000e+02,
4.973576049804687500e+02,
4.894335327148437500e+02,
4.795880432128906250e+02,
4.754629211425781250e+02,
4.799830627441406250e+02,
4.884441223144531250e+02,
4.858851318359375000e+02,
4.838471984863281250e+02,
4.731468505859375000e+02,
4.671311340332031250e+02,
4.605382080078125000e+02,
4.630279541015625000e+02,
4.739473266601562500e+02,
4.872062377929687500e+02,
4.939212036132812500e+02,
4.943170776367187500e+02,
4.930666809082031250e+02,
4.813125000000000000e+02,
4.667294616699218750e+02,
4.508666992187500000e+02,
4.335643920898437500e+02,
4.301429748535156250e+02,
4.202169494628906250e+02,
4.226412963867187500e+02,
4.160197753906250000e+02,
4.079313659667968750e+02,
3.981571350097656250e+02,
4.014222412109375000e+02,
4.022521362304687500e+02,
4.078818969726562500e+02,
4.149628906250000000e+02,
4.233908386230468750e+02,
4.245589294433593750e+02,
4.198983764648437500e+02,
4.143891601562500000e+02,
4.102763366699218750e+02,
4.087036132812500000e+02,
4.093396301269531250e+02,
4.092263793945312500e+02,
4.111887817382812500e+02,
4.118828125000000000e+02,
4.109442138671875000e+02,
4.195206909179687500e+02,
4.273619384765625000e+02,
4.346127929687500000e+02,
4.393049926757812500e+02,
4.481555786132812500e+02,
4.549315490722656250e+02,
4.693481750488281250e+02,
4.755630798339843750e+02,
4.875079040527343750e+02,
5.196238403320312500e+02,
5.870977783203125000e+02,
6.694047241210937500e+02,
7.392108154296875000e+02,
7.996387329101562500e+02,
8.436982421875000000e+02,
8.600756835937500000e+02,
8.697171020507812500e+02,
9.196572265625000000e+02,
9.464149169921875000e+02,
9.679906616210937500e+02,
9.799628295898437500e+02,
9.732057495117187500e+02,
9.530800781250000000e+02,
9.498403930664062500e+02,
9.490964355468750000e+02,
9.556928100585937500e+02,
9.543292236328125000e+02,
9.619739379882812500e+02,
9.625501708984375000e+02,
9.574940795898437500e+02,
9.494915771484375000e+02,
9.384072265625000000e+02,
9.271328125000000000e+02,
9.124080810546875000e+02,
9.017179565429687500e+02,
8.805247802734375000e+02,
8.567385864257812500e+02,
8.398003540039062500e+02,
8.411891479492187500e+02,
8.386476440429687500e+02,
8.435170288085937500e+02,
8.545412597656250000e+02,
8.623281250000000000e+02,
6.516489868164062500e+02,
6.712067260742187500e+02,
6.798274536132812500e+02,
6.850541381835937500e+02,
6.492819824218750000e+02,
6.462798461914062500e+02,
6.216676025390625000e+02,
6.032298583984375000e+02,
5.912008666992187500e+02,
5.882303466796875000e+02,
5.935288696289062500e+02,
5.949431762695312500e+02,
5.896694946289062500e+02,
5.930379638671875000e+02,
5.899873657226562500e+02,
5.867687988281250000e+02,
5.836272583007812500e+02,
5.816520996093750000e+02,
5.660144042968750000e+02,
5.663718261718750000e+02,
5.568601684570312500e+02,
5.554553833007812500e+02,
5.583805541992187500e+02,
5.488543701171875000e+02,
5.406795654296875000e+02,
5.222958984375000000e+02,
4.999748229980468750e+02,
4.725047607421875000e+02,
4.735130310058593750e+02,
4.708285522460937500e+02,
4.703769226074218750e+02,
4.736933593750000000e+02,
4.727748413085937500e+02,
4.713730163574218750e+02,
4.613507385253906250e+02,
4.682393188476562500e+02,
4.829437866210937500e+02,
4.993317260742187500e+02,
5.217236328125000000e+02,
5.460523071289062500e+02,
6.088702392578125000e+02,
7.090855712890625000e+02,
8.128499145507812500e+02,
9.164589233398437500e+02,
1.037460083007812500e+03,
1.096434692382812500e+03,
1.123752075195312500e+03,
1.158989501953125000e+03,
1.153631835937500000e+03,
1.133607055664062500e+03,
1.146277709960937500e+03,
1.155958251953125000e+03,
1.124947631835937500e+03,
1.094073364257812500e+03,
1.060998291015625000e+03,
1.032663085937500000e+03,
1.031808105468750000e+03,
7.363621215820312500e+02,
7.328754882812500000e+02,
7.281849975585937500e+02,
7.176781005859375000e+02,
6.800339965820312500e+02,
6.695153198242187500e+02,
6.505707397460937500e+02,
6.599841308593750000e+02,
6.595479736328125000e+02,
6.634910278320312500e+02,
6.704341430664062500e+02,
6.519357910156250000e+02,
6.340245361328125000e+02,
6.338637084960937500e+02,
6.120884399414062500e+02,
6.008790283203125000e+02,
5.874987182617187500e+02,
5.548012695312500000e+02,
5.291535644531250000e+02,
5.244243164062500000e+02,
5.219529418945312500e+02,
5.210270385742187500e+02,
5.284903564453125000e+02,
5.410300903320312500e+02,
5.690100097656250000e+02,
6.295777587890625000e+02,
7.657498779296875000e+02,
9.086729125976562500e+02,
1.085914062500000000e+03,
1.208126098632812500e+03,
1.289046264648437500e+03,
1.332936889648437500e+03,
1.323485107421875000e+03,
1.298553588867187500e+03,
1.284620605468750000e+03,
1.241098999023437500e+03,
1.203778076171875000e+03,
