3.498669128417968750e+02,
3.515638122558593750e+02,
3.579834594726562500e+02,
3.540369873046875000e+02,
3.060753479003906250e+02,
3.196986694335937500e+02,
3.276658935546875000e+02,
3.316943359375000000e+02,
3.362003479003906250e+02,
3.372886962890625000e+02,
3.344634094238281250e+02,
3.268877563476562500e+02,
3.297164306640625000e+02,
3.349135131835937500e+02,
3.487981567382812500e+02,
3.537748718261718750e+02,
3.484150390625000000e+02,
3.490308227539062500e+02,
3.536452636718750000e+02,
3.505897521972656250e+02,
3.371981201171875000e+02,
3.318724365234375000e+02,
3.311281738281250000e+02,
3.294619750976562500e+02,
3.292627868652343750e+02,
3.356809387207031250e+02,
3.371374511718750000e+02,
3.368992614746093750e+02,
3.284334411621093750e+02,
3.218190002441406250e+02,
3.207818908691406250e+02,
3.193283691406250000e+02,
3.173981018066406250e+02,
3.165410156250000000e+02,
3.195096740722656250e+02,
3.215934143066406250e+02,
3.307285156250000000e+02,
3.428702392578125000e+02,
3.525310058593750000e+02,
3.573934936523437500e+02,
3.570957641601562500e+02,
3.515519714355468750e+02,
3.439816589355468750e+02,
3.405309143066406250e+02,
3.382561035156250000e+02,
3.389804992675781250e+02,
3.319193420410156250e+02,
3.251035766601562500e+02,
3.163335266113281250e+02,
3.114234313964843750e+02,
3.066112365722656250e+02,
3.055720214843750000e+02,
3.050736694335937500e+02,
3.036239929199218750e+02,
3.098210754394531250e+02,
3.184255371093750000e+02,
3.295196533203125000e+02,
3.341594543457031250e+02,
3.359631042480468750e+02,
3.336184082031250000e+02,
3.247297973632812500e+02,
3.156361999511718750e+02,
3.106645202636718750e+02,
3.108182373046875000e+02,
3.130112609863281250e+02,
3.145540771484375000e+02,
3.113482666015625000e+02,
3.114756774902343750e+02,
3.093629455566406250e+02,
3.075569152832031250e+02,
3.048877563476562500e+02,
2.999333801269531250e+02,
2.940159606933593750e+02,
2.934934692382812500e+02,
2.894694213867187500e+02,
2.871568908691406250e+02,
2.854551086425781250e+02,
2.827976684570312500e+02,
2.829307556152343750e+02,
2.823713989257812500e+02,
2.804531555175781250e+02,
2.795028381347656250e+02,
2.810191345214843750e+02,
2.787323608398437500e+02,
2.814472961425781250e+02,
2.823271179199218750e+02,
2.832345886230468750e+02,
2.808147888183593750e+02,
2.780047302246093750e+02,
2.828217468261718750e+02,
2.863298950195312500e+02,
2.933177795410156250e+02,
2.931105041503906250e+02,
2.900502929687500000e+02,
2.886580200195312500e+02,
2.873601684570312500e+02,
2.813810729980468750e+02,
2.806224365234375000e+02,
2.792471618652343750e+02,
2.749272460937500000e+02,
2.743008422851562500e+02,
2.736765441894531250e+02,
2.725835571289062500e+02,
2.748418273925781250e+02,
2.830072021484375000e+02,
2.891859741210937500e+02,
2.926834716796875000e+02,
2.942468566894531250e+02,
2.970626220703125000e+02,
3.015738830566406250e+02,
3.021738281250000000e+02,
3.062828063964843750e+02,
3.047220153808593750e+02,
3.040931396484375000e+02,
3.051092224121093750e+02,
3.136517028808593750e+02,
3.182680053710937500e+02,
3.228778381347656250e+02,
3.256946105957031250e+02,
3.325015869140625000e+02,
3.320923156738281250e+02,
3.374800415039062500e+02,
3.414314880371093750e+02,
3.427270507812500000e+02,
3.347311706542968750e+02,
3.213235473632812500e+02,
3.157568969726562500e+02,
3.215721130371093750e+02,
3.298085021972656250e+02,
3.361446838378906250e+02,
3.421480102539062500e+02,
3.469748535156250000e+02,
3.491005249023437500e+02,
3.491546630859375000e+02,
3.484817504882812500e+02,
3.500120544433593750e+02,
3.551201782226562500e+02,
3.587751770019531250e+02,
3.495885620117187500e+02,
3.412215270996093750e+02,
3.322726135253906250e+02,
3.321885986328125000e+02,
3.324273071289062500e+02,
3.274948730468750000e+02,
3.244717712402343750e+02,
3.258132934570312500e+02,
3.305232849121093750e+02,
3.348510742187500000e+02,
3.395429382324218750e+02,
3.414710083007812500e+02,
3.419386596679687500e+02,
3.395436401367187500e+02,
3.384505920410156250e+02,
3.353091125488281250e+02,
3.356316833496093750e+02,
3.354941711425781250e+02,
3.373525390625000000e+02,
3.342414550781250000e+02,
3.340089111328125000e+02,
3.343524475097656250e+02,
3.309335021972656250e+02,
3.323800659179687500e+02,
3.331098327636718750e+02,
3.379995727539062500e+02,
3.456146545410156250e+02,
3.476048583984375000e+02,
3.544989013671875000e+02,
3.560058288574218750e+02,
3.565015258789062500e+02,
3.524122924804687500e+02,
3.587983093261718750e+02,
3.634038391113281250e+02,
3.679593505859375000e+02,
3.710149536132812500e+02,
3.747335815429687500e+02,
3.724093627929687500e+02,
3.690443725585937500e+02,
3.628199462890625000e+02,
3.559739074707031250e+02,
3.472956542968750000e+02,
3.373776855468750000e+02,
3.314299011230468750e+02,
3.332098388671875000e+02,
3.351065673828125000e+02,
3.421245117187500000e+02,
3.447684326171875000e+02,
3.528203430175781250e+02,
3.631247558593750000e+02,
3.682355346679687500e+02,
3.790845336914062500e+02,
3.862097473144531250e+02,
3.895544128417968750e+02,
3.995995178222656250e+02,
4.087727661132812500e+02,
4.059349975585937500e+02,
4.090455932617187500e+02,
4.040890808105468750e+02,
4.021747131347656250e+02,
3.969841918945312500e+02,
3.840515747070312500e+02,
3.748759460449218750e+02,
3.726736755371093750e+02,
3.715201721191406250e+02,
3.713745422363281250e+02,
3.673890075683593750e+02,
3.617581481933593750e+02,
3.576426391601562500e+02,
3.566109619140625000e+02,
3.649028625488281250e+02,
3.770632934570312500e+02,
4.004664611816406250e+02,
4.071987915039062500e+02,
4.210573425292968750e+02,
4.357948608398437500e+02,
4.375880432128906250e+02,
4.316149291992187500e+02,
4.265606994628906250e+02,
4.182384643554687500e+02,
4.018608398437500000e+02,
4.014717712402343750e+02,
4.224862365722656250e+02,
4.366312255859375000e+02,
4.528983764648437500e+02,
4.641512756347656250e+02,
4.682894592285156250e+02,
4.662787780761718750e+02,
4.685051269531250000e+02,
4.643120727539062500e+02,
4.503396911621093750e+02,
4.382591247558593750e+02,
4.277344970703125000e+02,
4.232171630859375000e+02,
4.119804077148437500e+02,
4.078969421386718750e+02,
3.949714965820312500e+02,
3.889314575195312500e+02,
3.829000549316406250e+02,
3.773263244628906250e+02,
3.696766967773437500e+02,
3.589313049316406250e+02,
3.589785461425781250e+02,
3.629143981933593750e+02,
3.639072875976562500e+02,
3.621952514648437500e+02,
3.575813293457031250e+02,
3.438945312500000000e+02,
3.336469116210937500e+02,
3.306782531738281250e+02,
3.315696105957031250e+02,
3.263224792480468750e+02,
3.231975708007812500e+02,
4.293890686035156250e+02,
4.471969604492187500e+02,
4.561640014648437500e+02,
4.488846130371093750e+02,
3.743062438964843750e+02,
3.909134826660156250e+02,
3.910382080078125000e+02,
3.852444152832031250e+02,
3.734260253906250000e+02,
3.759205322265625000e+02,
3.690474243164062500e+02,
3.688110351562500000e+02,
3.621979370117187500e+02,
3.620776977539062500e+02,
3.529869689941406250e+02,
3.509214477539062500e+02,
3.630858459472656250e+02,
3.808723144531250000e+02,
3.889076232910156250e+02,
3.977759704589843750e+02,
3.903544006347656250e+02,
3.814876708984375000e+02,
3.719022521972656250e+02,
3.537763671875000000e+02,
3.419974975585937500e+02,
3.454775085449218750e+02,
3.688798217773437500e+02,
3.727583618164062500e+02,
3.813703613281250000e+02,
3.768650817871093750e+02,
3.693301391601562500e+02,
3.575823059082031250e+02,
3.529247741699218750e+02,
3.454595336914062500e+02,
3.359199218750000000e+02,
3.272706298828125000e+02,
3.155379943847656250e+02,
3.098596496582031250e+02,
3.018219299316406250e+02,
3.015170898437500000e+02,
3.006089172363281250e+02,
3.007279968261718750e+02,
3.013526916503906250e+02,
3.051904907226562500e+02,
3.061421813964843750e+02,
3.062121887207031250e+02,
3.073168945312500000e+02,
3.054013977050781250e+02,
2.949588623046875000e+02,
2.957471923828125000e+02,
2.979201965332031250e+02,
3.061981811523437500e+02,
3.178130798339843750e+02,
3.267104492187500000e+02,
3.311805725097656250e+02,
3.362333374023437500e+02,
3.508608703613281250e+02,
3.591039123535156250e+02,
3.661251525878906250e+02,
3.834285583496093750e+02,
3.925228881835937500e+02,
3.817662353515625000e+02,
3.762567138671875000e+02,
3.674835815429687500e+02,
3.761309509277343750e+02,
3.844441528320312500e+02,
4.027800903320312500e+02,
4.075404968261718750e+02,
3.968943176269531250e+02,
3.807593078613281250e+02,
3.699609680175781250e+02,
3.699598083496093750e+02,
3.658276062011718750e+02,
3.761696777343750000e+02,
3.821546325683593750e+02,
3.875123901367187500e+02,
3.838714599609375000e+02,
3.820422363281250000e+02,
3.772297668457031250e+02,
3.800049438476562500e+02,
3.845238037109375000e+02,
3.855566711425781250e+02,
3.975484313964843750e+02,
4.115812072753906250e+02,
4.239017333984375000e+02,
4.313020324707031250e+02,
4.278807983398437500e+02,
4.124952087402343750e+02,
4.026136169433593750e+02,
3.904429321289062500e+02,
3.922646484375000000e+02,
4.005232543945312500e+02,
4.187990417480468750e+02,
4.358475341796875000e+02,
4.637907714843750000e+02,
4.811178894042968750e+02,
4.830397949218750000e+02,
4.868918762207031250e+02,
4.792739562988281250e+02,
4.728315734863281250e+02,
4.521282348632812500e+02,
4.429017333984375000e+02,
4.390662841796875000e+02,
4.527098083496093750e+02,
4.744263000488281250e+02,
4.869642944335937500e+02,
4.915051269531250000e+02,
4.871811523437500000e+02,
4.752022094726562500e+02,
4.796399536132812500e+02,
4.958493041992187500e+02,
5.049744873046875000e+02,
5.054180908203125000e+02,
4.935269775390625000e+02,
4.760997619628906250e+02,
4.545264587402343750e+02,
4.398692932128906250e+02,
4.273532104492187500e+02,
4.125911254882812500e+02,
4.044435119628906250e+02,
3.925029296875000000e+02,
3.876427001953125000e+02,
3.794404907226562500e+02,
4.978854064941406250e+02,
4.821017150878906250e+02,
4.974191894531250000e+02,
4.904182739257812500e+02,
4.091562194824218750e+02,
4.033741455078125000e+02,
4.100065307617187500e+02,
3.963462219238281250e+02,
3.876180114746093750e+02,
3.923086547851562500e+02,
4.088658752441406250e+02,
4.249521179199218750e+02,
4.357463684082031250e+02,
4.266127014160156250e+02,
4.073140563964843750e+02,
3.942929992675781250e+02,
4.107943725585937500e+02,
4.172119140625000000e+02,
4.258742065429687500e+02,
4.321115112304687500e+02,
4.130421142578125000e+02,
3.891522521972656250e+02,
3.698877868652343750e+02,
3.530602722167968750e+02,
3.345074768066406250e+02,
3.229441223144531250e+02,
3.201848144531250000e+02,
3.285502929687500000e+02,
3.260558776855468750e+02,
3.272648315429687500e+02,
3.229066772460937500e+02,
3.209819335937500000e+02,
3.227957458496093750e+02,
3.286088562011718750e+02,
3.443083496093750000e+02,
3.557927551269531250e+02,
3.765704040527343750e+02,
3.890553894042968750e+02,
4.131244201660156250e+02,
4.197053527832031250e+02,
4.328341064453125000e+02,
4.225375366210937500e+02,
4.113594360351562500e+02,
4.399631958007812500e+02,
4.467951660156250000e+02,
4.349447326660156250e+02,
4.169198913574218750e+02,
4.113666992187500000e+02,
4.151133422851562500e+02,
4.290921630859375000e+02,
4.267676696777343750e+02,
4.238428649902343750e+02,
4.284035949707031250e+02,
4.319177551269531250e+02,
4.386228942871093750e+02,
4.658852539062500000e+02,
4.690951538085937500e+02,
4.551200866699218750e+02,
4.455980224609375000e+02,
4.461925354003906250e+02,
4.542390136718750000e+02,
4.888779907226562500e+02,
5.277235107421875000e+02,
5.389589843750000000e+02,
5.484736938476562500e+02,
5.484547729492187500e+02,
5.257066040039062500e+02,
5.118629760742187500e+02,
5.259013061523437500e+02,
5.204315185546875000e+02,
5.202882080078125000e+02,
5.272177124023437500e+02,
5.263329467773437500e+02,
5.264304809570312500e+02,
5.306007690429687500e+02,
5.200347290039062500e+02,
4.913012390136718750e+02,
4.730332946777343750e+02,
4.524569091796875000e+02,
4.384951782226562500e+02,
4.270164489746093750e+02,
