1.290570678710937500e+02,
1.215873107910156250e+02,
1.163835144042968750e+02,
1.097228164672851562e+02,
1.000312576293945312e+02,
1.020779266357421875e+02,
1.039275360107421875e+02,
1.082503509521484375e+02,
1.163675537109375000e+02,
1.255113754272460938e+02,
1.297570343017578125e+02,
1.303433074951171875e+02,
1.325115814208984375e+02,
1.351558074951171875e+02,
1.396351318359375000e+02,
1.377229766845703125e+02,
1.324449005126953125e+02,
1.245538558959960938e+02,
1.190774002075195312e+02,
1.145199890136718750e+02,
1.080498123168945312e+02,
1.015378341674804688e+02,
9.752433776855468750e+01,
9.515260314941406250e+01,
9.227394866943359375e+01,
9.388143157958984375e+01,
9.679714202880859375e+01,
1.011557846069335938e+02,
1.048717803955078125e+02,
1.088738403320312500e+02,
1.123046035766601562e+02,
1.136976623535156250e+02,
1.135482330322265625e+02,
1.149046478271484375e+02,
1.129819183349609375e+02,
1.155494384765625000e+02,
1.209270477294921875e+02,
1.347144622802734375e+02,
1.517304992675781250e+02,
1.705209960937500000e+02,
1.874657440185546875e+02,
2.041042785644531250e+02,
2.121815948486328125e+02,
2.194027404785156250e+02,
2.234004821777343750e+02,
2.235826721191406250e+02,
2.195026092529296875e+02,
2.138610229492187500e+02,
2.058186492919921875e+02,
1.981632232666015625e+02,
1.929400482177734375e+02,
1.866758728027343750e+02,
1.796378631591796875e+02,
1.747251129150390625e+02,
1.674465484619140625e+02,
1.594347686767578125e+02,
1.548453979492187500e+02,
1.499368743896484375e+02,
1.453387756347656250e+02,
1.380061798095703125e+02,
1.329050140380859375e+02,
1.256220779418945312e+02,
1.201317749023437500e+02,
1.142362976074218750e+02,
1.095068969726562500e+02,
1.045898437500000000e+02,
1.023415832519531250e+02,
9.925836944580078125e+01,
9.790215301513671875e+01,
9.670184326171875000e+01,
9.557765960693359375e+01,
9.319727325439453125e+01,
9.040081787109375000e+01,
8.876953125000000000e+01,
8.774028015136718750e+01,
8.690377807617187500e+01,
8.722750854492187500e+01,
8.818670654296875000e+01,
8.709598541259765625e+01,
8.661978149414062500e+01,
8.509061431884765625e+01,
8.236535644531250000e+01,
8.034799194335937500e+01,
7.898060607910156250e+01,
7.723807525634765625e+01,
7.678562927246093750e+01,
7.646354675292968750e+01,
7.712739562988281250e+01,
7.748912048339843750e+01,
7.835040283203125000e+01,
7.842964172363281250e+01,
7.945100402832031250e+01,
8.066330718994140625e+01,
8.092211151123046875e+01,
8.005377960205078125e+01,
7.964395141601562500e+01,
7.947917175292968750e+01,
7.997977447509765625e+01,
7.953379058837890625e+01,
7.971359252929687500e+01,
7.890583801269531250e+01,
7.792823028564453125e+01,
7.715618133544921875e+01,
7.738882446289062500e+01,
7.800228118896484375e+01,
7.817807769775390625e+01,
7.828735351562500000e+01,
7.886994171142578125e+01,
7.810733795166015625e+01,
7.869605255126953125e+01,
7.832379150390625000e+01,
7.802492523193359375e+01,
7.804843139648437500e+01,
7.911302185058593750e+01,
8.006922912597656250e+01,
8.075355529785156250e+01,
8.143973541259765625e+01,
8.086063385009765625e+01,
8.056713104248046875e+01,
8.016766357421875000e+01,
8.014875030517578125e+01,
8.211209869384765625e+01,
8.507756042480468750e+01,
9.134111022949218750e+01,
9.480371093750000000e+01,
9.727044677734375000e+01,
9.759817504882812500e+01,
1.007910461425781250e+02,
1.017994613647460938e+02,
1.022784194946289062e+02,
1.018744049072265625e+02,
1.009904861450195312e+02,
1.006601867675781250e+02,
1.018188934326171875e+02,
1.016875686645507812e+02,
1.022497863769531250e+02,
1.057225112915039062e+02,
1.099439468383789062e+02,
1.111261291503906250e+02,
1.144132995605468750e+02,
1.184203567504882812e+02,
1.202886428833007812e+02,
1.199487457275390625e+02,
1.213093185424804688e+02,
1.194564514160156250e+02,
1.194113464355468750e+02,
1.184624176025390625e+02,
1.208683166503906250e+02,
1.211636505126953125e+02,
1.224660644531250000e+02,
1.251687088012695312e+02,
1.221989364624023438e+02,
1.215857849121093750e+02,
1.189023742675781250e+02,
1.171254119873046875e+02,
1.152297210693359375e+02,
1.172064208984375000e+02,
1.201134948730468750e+02,
1.216079711914062500e+02,
1.237808074951171875e+02,
1.240742111206054688e+02,
1.214068832397460938e+02,
1.200456085205078125e+02,
1.213726196289062500e+02,
1.211286392211914062e+02,
1.176606979370117188e+02,
1.151407241821289062e+02,
1.145715179443359375e+02,
1.113275222778320312e+02,
1.086124191284179688e+02,
1.067979736328125000e+02,
1.052945632934570312e+02,
1.029691162109375000e+02,
1.015166091918945312e+02,
9.973680114746093750e+01,
1.012294311523437500e+02,
9.988639831542968750e+01,
9.927428436279296875e+01,
9.806128692626953125e+01,
1.001196136474609375e+02,
1.010982131958007812e+02,
1.027590713500976562e+02,
1.049670333862304688e+02,
1.089966354370117188e+02,
1.119352035522460938e+02,
1.135357437133789062e+02,
1.123890914916992188e+02,
1.116582794189453125e+02,
1.104550170898437500e+02,
1.071375732421875000e+02,
1.056176910400390625e+02,
1.024942245483398438e+02,
9.951728820800781250e+01,
9.971578979492187500e+01,
9.995226287841796875e+01,
1.003540802001953125e+02,
1.011482315063476562e+02,
1.000173645019531250e+02,
9.760900878906250000e+01,
9.599547576904296875e+01,
9.296794128417968750e+01,
9.019080352783203125e+01,
9.022350311279296875e+01,
9.183213043212890625e+01,
9.239277648925781250e+01,
9.359560394287109375e+01,
9.448548889160156250e+01,
9.639997863769531250e+01,
9.795069885253906250e+01,
9.920333862304687500e+01,
9.990025329589843750e+01,
1.013716278076171875e+02,
1.010232772827148438e+02,
1.006431274414062500e+02,
9.864303588867187500e+01,
9.677993011474609375e+01,
9.516189575195312500e+01,
9.461865234375000000e+01,
9.702421569824218750e+01,
9.959311676025390625e+01,
1.008638229370117188e+02,
1.003982238769531250e+02,
9.878555297851562500e+01,
9.711772155761718750e+01,
9.841483306884765625e+01,
1.022607574462890625e+02,
1.068423309326171875e+02,
1.068623657226562500e+02,
1.066455307006835938e+02,
1.043986282348632812e+02,
1.034730148315429688e+02,
1.032991561889648438e+02,
1.051304016113281250e+02,
1.060178985595703125e+02,
1.056999282836914062e+02,
1.072848968505859375e+02,
1.112307968139648438e+02,
1.150259552001953125e+02,
1.186180725097656250e+02,
1.205338973999023438e+02,
1.167756423950195312e+02,
1.160939941406250000e+02,
1.165623168945312500e+02,
1.160735778808593750e+02,
1.169964675903320312e+02,
1.164395065307617188e+02,
1.146567535400390625e+02,
1.164662475585937500e+02,
1.185088500976562500e+02,
1.198139648437500000e+02,
1.230412216186523438e+02,
1.278269500732421875e+02,
1.278177032470703125e+02,
1.284378967285156250e+02,
1.286403350830078125e+02,
1.258988342285156250e+02,
1.268512191772460938e+02,
1.307409362792968750e+02,
1.310151367187500000e+02,
1.339948120117187500e+02,
1.361090698242187500e+02,
1.340552673339843750e+02,
1.320537261962890625e+02,
1.291222991943359375e+02,
1.235099258422851562e+02,
1.174094314575195312e+02,
1.120536346435546875e+02,
1.057826461791992188e+02,
1.020924148559570312e+02,
9.871968078613281250e+01,
9.613740539550781250e+01,
9.374331665039062500e+01,
9.109059143066406250e+01,
8.870587158203125000e+01,
8.779772949218750000e+01,
8.811369323730468750e+01,
8.909400177001953125e+01,
9.025334167480468750e+01,
8.984836578369140625e+01,
9.217591857910156250e+01,
9.240783691406250000e+01,
9.204179382324218750e+01,
8.908412170410156250e+01,
8.724092102050781250e+01,
8.381798553466796875e+01,
8.125333404541015625e+01,
8.075191497802734375e+01,
8.218051910400390625e+01,
8.511759185791015625e+01,
8.690405273437500000e+01,
9.011832427978515625e+01,
9.282962799072265625e+01,
9.260007476806640625e+01,
9.268450927734375000e+01,
9.352132415771484375e+01,
9.368989562988281250e+01,
9.656423187255859375e+01,
9.918059539794921875e+01,
9.730504608154296875e+01,
9.512196350097656250e+01,
9.279162597656250000e+01,
9.216099548339843750e+01,
9.119204711914062500e+01,
8.960207366943359375e+01,
8.908543395996093750e+01,
8.904737854003906250e+01,
8.836441802978515625e+01,
8.962046813964843750e+01,
9.136930084228515625e+01,
9.404993438720703125e+01,
9.804891204833984375e+01,
1.019429626464843750e+02,
1.037637481689453125e+02,
1.052816009521484375e+02,
1.050490646362304688e+02,
1.067877197265625000e+02,
1.066700134277343750e+02,
1.064487915039062500e+02,
1.067920379638671875e+02,
1.068574676513671875e+02,
1.051818466186523438e+02,
1.045876388549804688e+02,
1.048626556396484375e+02,
1.028807678222656250e+02,
1.004853363037109375e+02,
9.892816162109375000e+01,
9.868954467773437500e+01,
9.689485931396484375e+01,
9.322971343994140625e+01,
8.971297454833984375e+01,
8.756372833251953125e+01,
8.407077789306640625e+01,
8.220735931396484375e+01,
8.232862854003906250e+01,
8.349072265625000000e+01,
8.480231475830078125e+01,
8.745463562011718750e+01,
9.046269226074218750e+01,
9.743632507324218750e+01,
1.050880889892578125e+02,
1.133489913940429688e+02,
1.198355178833007812e+02,
1.263831253051757812e+02,
1.280397796630859375e+02,
1.257753219604492188e+02,
1.226646423339843750e+02,
1.189485092163085938e+02,
1.125828094482421875e+02,
1.076774368286132812e+02,
1.043081512451171875e+02,
1.058531570434570312e+02,
1.102080688476562500e+02,
1.195038452148437500e+02,
1.287088470458984375e+02,
1.356572265625000000e+02,
1.415109100341796875e+02,
1.419998168945312500e+02,
1.396369476318359375e+02,
1.343668975830078125e+02,
1.284766387939453125e+02,
1.233518905639648438e+02,
1.182424087524414062e+02,
1.135664672851562500e+02,
1.090288238525390625e+02,
1.059948654174804688e+02,
1.002531127929687500e+02,
9.681945037841796875e+01,
9.544236755371093750e+01,
9.155706787109375000e+01,
8.969208526611328125e+01,
8.883406829833984375e+01,
8.875108337402343750e+01,
8.786232757568359375e+01,
8.685350799560546875e+01,
8.589899444580078125e+01,
8.439637756347656250e+01,
8.396737670898437500e+01,
8.242073059082031250e+01,
8.139820098876953125e+01,
8.230019378662109375e+01,
8.294247436523437500e+01,
8.333863830566406250e+01,
8.437290954589843750e+01,
8.501447296142578125e+01,
8.546775817871093750e+01,
8.565049743652343750e+01,
8.658473205566406250e+01,
8.849779510498046875e+01,
8.903334045410156250e+01,
8.853401947021484375e+01,
8.868151092529296875e+01,
9.002812194824218750e+01,
9.186587524414062500e+01,
9.112311553955078125e+01,
9.210953521728515625e+01,
9.399109649658203125e+01,
9.530477142333984375e+01,
9.591710662841796875e+01,
9.559133148193359375e+01,
9.553934478759765625e+01,
9.463921356201171875e+01,
9.530748748779296875e+01,
9.436792755126953125e+01,
9.375901031494140625e+01,
9.282443237304687500e+01,
9.246235656738281250e+01,
9.045072937011718750e+01,
9.177129364013671875e+01,
9.313052368164062500e+01,
9.415938568115234375e+01,
9.603108978271484375e+01,
9.618495178222656250e+01,
9.742591094970703125e+01,
9.805519866943359375e+01,
9.884103393554687500e+01,
9.966232299804687500e+01,
9.993253326416015625e+01,
1.015187530517578125e+02,
1.014290924072265625e+02,
1.020356369018554688e+02,
1.011885833740234375e+02,
1.009205780029296875e+02,
1.054161834716796875e+02,
1.070529632568359375e+02,
1.066543579101562500e+02,
1.064067687988281250e+02,
1.063875350952148438e+02,
1.034108428955078125e+02,
1.043616485595703125e+02,
1.056782760620117188e+02,
1.072307205200195312e+02,
1.065335464477539062e+02,
1.076846389770507812e+02,
1.071058120727539062e+02,
1.083332214355468750e+02,
1.099608306884765625e+02,
1.106787872314453125e+02,
1.116461868286132812e+02,
1.110282669067382812e+02,
1.122315902709960938e+02,
1.136294631958007812e+02,
1.152860183715820312e+02,
1.172003097534179688e+02,
1.166774520874023438e+02,
1.152330017089843750e+02,
1.143554763793945312e+02,
1.109104309082031250e+02,
1.110684280395507812e+02,
1.101554107666015625e+02,
1.082292251586914062e+02,
1.053591918945312500e+02,
1.030158233642578125e+02,
9.795531463623046875e+01,
9.305538940429687500e+01,
8.838864135742187500e+01,
8.624008941650390625e+01,
8.840361785888671875e+01,
9.303454589843750000e+01,
9.760620880126953125e+01,
1.010122299194335938e+02,
1.031444168090820312e+02,
1.046733322143554688e+02,
1.020183486938476562e+02,
9.900276947021484375e+01,
9.729147338867187500e+01,
9.625675201416015625e+01,
9.457404327392578125e+01,
9.193059539794921875e+01,
9.345382690429687500e+01,
9.489224243164062500e+01,
9.657896423339843750e+01,
9.996723937988281250e+01,
1.007459640502929688e+02,
1.049604721069335938e+02,
1.094524993896484375e+02,
1.131883010864257812e+02,
1.203146362304687500e+02,
1.263114318847656250e+02,
1.291250762939453125e+02,
1.311743316650390625e+02,
1.313017272949218750e+02,
1.333545227050781250e+02,
1.330376892089843750e+02,
1.353755035400390625e+02,
1.380211791992187500e+02,
1.371783142089843750e+02,
1.323668823242187500e+02,
1.316038208007812500e+02,
1.306382141113281250e+02,
1.261232757568359375e+02,
1.251231536865234375e+02,
1.256420516967773438e+02,
1.262519989013671875e+02,
1.301398010253906250e+02,
1.328574371337890625e+02,
1.331074981689453125e+02,
1.332350006103515625e+02,
1.312229461669921875e+02,
1.269429168701171875e+02,
1.258335037231445312e+02,
1.236919708251953125e+02,
1.216265411376953125e+02,
1.220586166381835938e+02,
1.214003524780273438e+02,
1.208032760620117188e+02,
1.185614013671875000e+02,
1.199494171142578125e+02,
1.202412261962890625e+02,
1.218435821533203125e+02,
1.240696640014648438e+02,
1.252759780883789062e+02,
1.282177124023437500e+02,
1.326162414550781250e+02,
1.341938018798828125e+02,
1.359861450195312500e+02,
1.401252899169921875e+02,
1.478776245117187500e+02,
1.536157989501953125e+02,
1.639972076416015625e+02,
1.672350311279296875e+02,
1.723568725585937500e+02,
1.730921020507812500e+02,
1.701214904785156250e+02,
1.644564666748046875e+02,
1.652211303710937500e+02,
1.633240051269531250e+02,
1.632312774658203125e+02,
1.623866577148437500e+02,
1.584961395263671875e+02,
1.675716705322265625e+02,
1.739324035644531250e+02,
1.735915222167968750e+02,
1.815881042480468750e+02,
1.817773742675781250e+02,
1.841591186523437500e+02,
1.935771484375000000e+02,
1.994304962158203125e+02,
1.984811706542968750e+02,
2.435411987304687500e+02,
2.616456604003906250e+02,
2.636745605468750000e+02,
2.542726593017578125e+02,
2.418288116455078125e+02,
2.399993133544921875e+02,
2.434580383300781250e+02,
2.398923034667968750e+02,
2.220648651123046875e+02,
2.236515197753906250e+02,
2.283313446044921875e+02,
2.270470886230468750e+02,
2.285547637939453125e+02,
2.371837005615234375e+02,
2.517645874023437500e+02,
2.619400329589843750e+02,
2.744071655273437500e+02,
2.777551879882812500e+02,
2.813077697753906250e+02,
2.702302246093750000e+02,
2.473607482910156250e+02,
2.495580749511718750e+02,
2.532354888916015625e+02,
2.517177124023437500e+02,
2.560753479003906250e+02,
2.604377441406250000e+02,
2.475647430419921875e+02,
2.336415405273437500e+02,
2.271485748291015625e+02,
2.324262390136718750e+02,
2.420357208251953125e+02,
2.480726165771484375e+02,
2.485162200927734375e+02,
2.462303161621093750e+02,
2.830258178710937500e+02,
3.303999023437500000e+02,
3.432919921875000000e+02,
3.526716918945312500e+02,
3.442330932617187500e+02,
3.268753051757812500e+02,
2.734598388671875000e+02,
2.381759185791015625e+02,
2.269748382568359375e+02,
2.079649810791015625e+02,
1.872193908691406250e+02,
2.290249481201171875e+02,
2.815864868164062500e+02,
3.065220947265625000e+02,
2.899446105957031250e+02,
2.669137573242187500e+02,
3.073753967285156250e+02,
3.025075073242187500e+02,
2.463382568359375000e+02,
1.866165924072265625e+02,
1.803793182373046875e+02,
1.848363189697265625e+02,
1.796389617919921875e+02,
1.774463043212890625e+02,
1.816329803466796875e+02,
1.875174102783203125e+02,
2.083434753417968750e+02,
2.164389953613281250e+02,
2.187967681884765625e+02,
2.200979309082031250e+02,
2.183305511474609375e+02,
2.134932556152343750e+02,
2.259480743408203125e+02,
2.466839904785156250e+02,
2.524698944091796875e+02,
2.619799804687500000e+02,
2.742057189941406250e+02,
2.797233581542968750e+02,
2.798550720214843750e+02,
2.931989135742187500e+02,
3.061707458496093750e+02,
3.124491271972656250e+02,
3.620327148437500000e+02,
4.002588195800781250e+02,
4.221143188476562500e+02,
4.260191955566406250e+02,
4.367182006835937500e+02,
4.310209655761718750e+02,
4.170116577148437500e+02,
4.125640869140625000e+02,
4.074335632324218750e+02,
3.966246337890625000e+02,
3.770800781250000000e+02,
3.456699218750000000e+02,
3.132966918945312500e+02,
2.814225158691406250e+02,
2.645650939941406250e+02,
2.513777618408203125e+02,
2.405657958984375000e+02,
2.393675384521484375e+02,
2.427899780273437500e+02,
2.404851989746093750e+02,
2.349585113525390625e+02,
2.338013916015625000e+02,
2.192675018310546875e+02,
1.983628234863281250e+02,
1.848330383300781250e+02,
1.727175598144531250e+02,
1.696508026123046875e+02,
1.734672241210937500e+02,
1.690719757080078125e+02,
1.749828796386718750e+02,
1.876712951660156250e+02,
1.930583190917968750e+02,
2.021087493896484375e+02,
2.048916625976562500e+02,
2.032707672119140625e+02,
2.004734802246093750e+02,
2.029774169921875000e+02,
2.011779937744140625e+02,
1.948518066406250000e+02,
1.810486755371093750e+02,
1.759274597167968750e+02,
1.755556182861328125e+02,
1.731821136474609375e+02,
1.820317687988281250e+02,
1.776682281494140625e+02,
1.840166473388671875e+02,
1.927872009277343750e+02,
1.973777008056640625e+02,
1.902105255126953125e+02,
1.965492858886718750e+02,
2.077775268554687500e+02,
2.229580993652343750e+02,
2.226828918457031250e+02,
2.225653991699218750e+02,
2.183811340332031250e+02,
2.218950805664062500e+02,
2.202634887695312500e+02,
2.265675964355468750e+02,
2.063296051025390625e+02,
1.811699523925781250e+02,
1.751366577148437500e+02,
1.622210388183593750e+02,
1.661789398193359375e+02,
1.766245117187500000e+02,
1.812315368652343750e+02,
1.888607482910156250e+02,
2.079034118652343750e+02,
2.426536254882812500e+02,
2.400668640136718750e+02,
2.132117462158203125e+02,
2.094560699462890625e+02,
2.390252380371093750e+02,
2.758685607910156250e+02,
2.854920654296875000e+02,
2.864194030761718750e+02,
2.815985107421875000e+02,
2.654093322753906250e+02,
1.360356597900390625e+02,
1.457785339355468750e+02,
1.509841308593750000e+02,
1.510432586669921875e+02,
1.376925354003906250e+02,
1.455470428466796875e+02,
1.443805847167968750e+02,
1.378689727783203125e+02,
1.261466293334960938e+02,
1.181651687622070312e+02,
1.113552780151367188e+02,
1.135396423339843750e+02,
1.180778884887695312e+02,
1.245554351806640625e+02,
1.286452026367187500e+02,
1.342988128662109375e+02,
1.398451538085937500e+02,
1.542716522216796875e+02,
1.782135009765625000e+02,
2.001024475097656250e+02,
2.224849700927734375e+02,
2.358501892089843750e+02,
2.342394409179687500e+02,
2.252395477294921875e+02,
2.103108520507812500e+02,
1.975532073974609375e+02,
1.845199737548828125e+02,
1.702929840087890625e+02,
1.547118072509765625e+02,
1.431235046386718750e+02,
1.309654998779296875e+02,
1.203629608154296875e+02,
1.110305175781250000e+02,
1.054692077636718750e+02,
9.991159820556640625e+01,
9.697255706787109375e+01,
9.414462280273437500e+01,
9.295278167724609375e+01,
9.275347137451171875e+01,
8.904284667968750000e+01,
8.582118988037109375e+01,
8.412296295166015625e+01,
8.252439117431640625e+01,
8.250310516357421875e+01,
8.413477325439453125e+01,
8.572161865234375000e+01,
8.492928314208984375e+01,
8.541567230224609375e+01,
8.433593750000000000e+01,
8.457747650146484375e+01,
8.414638519287109375e+01,
8.369531250000000000e+01,
8.451712799072265625e+01,
8.423242187500000000e+01,
8.511595153808593750e+01,
8.624842071533203125e+01,
8.664313507080078125e+01,
8.601849365234375000e+01,
8.688269042968750000e+01,
9.326119995117187500e+01,
9.905251312255859375e+01,
1.050195846557617188e+02,
1.117720031738281250e+02,
1.152951507568359375e+02,
1.168866043090820312e+02,
1.170610809326171875e+02,
1.221792221069335938e+02,
1.264326782226562500e+02,
1.325270080566406250e+02,
1.359998779296875000e+02,
1.427429351806640625e+02,
1.436237487792968750e+02,
1.476894073486328125e+02,
1.462889251708984375e+02,
1.468429565429687500e+02,
1.450654602050781250e+02,
1.457441101074218750e+02,
1.470304107666015625e+02,
1.462046356201171875e+02,
1.462782440185546875e+02,
1.483816986083984375e+02,
1.414347229003906250e+02,
1.390328216552734375e+02,
1.286798248291015625e+02,
1.256976852416992188e+02,
1.202792205810546875e+02,
1.174669876098632812e+02,
1.143637771606445312e+02,
1.190561294555664062e+02,
1.197892990112304688e+02,
1.258965377807617188e+02,
1.282713470458984375e+02,
1.286946716308593750e+02,
1.243114242553710938e+02,
1.224046401977539062e+02,
1.179004898071289062e+02,
1.155240325927734375e+02,
1.119587707519531250e+02,
1.100538482666015625e+02,
1.078448333740234375e+02,
1.049317169189453125e+02,
1.021462631225585938e+02,
1.059891128540039062e+02,
1.100799179077148438e+02,
1.123756332397460938e+02,
1.125852279663085938e+02,
1.113282089233398438e+02,
1.119181365966796875e+02,
1.129252700805664062e+02,
1.133178634643554688e+02,
1.190251770019531250e+02,
1.209319076538085938e+02,
1.198181838989257812e+02,
1.202733459472656250e+02,
1.265375213623046875e+02,
1.273447113037109375e+02,
1.293328857421875000e+02,
1.350671691894531250e+02,
1.373536376953125000e+02,
1.407086181640625000e+02,
1.411785888671875000e+02,
1.411482391357421875e+02,
1.421308135986328125e+02,
1.481378326416015625e+02,
1.503961639404296875e+02,
1.551058959960937500e+02,
1.589723052978515625e+02,
1.644748535156250000e+02,
1.606717834472656250e+02,
1.608058471679687500e+02,
1.558751068115234375e+02,
1.476229400634765625e+02,
1.342799835205078125e+02,
1.225267257690429688e+02,
1.124586410522460938e+02,
1.055177383422851562e+02,
1.021278381347656250e+02,
1.011169128417968750e+02,
1.015437545776367188e+02,
1.000021133422851562e+02,
9.885200500488281250e+01,
9.509931945800781250e+01,
9.455363464355468750e+01,
9.634274291992187500e+01,
1.002772979736328125e+02,
1.046793594360351562e+02,
1.071284790039062500e+02,
1.059381179809570312e+02,
1.060051116943359375e+02,
1.066138458251953125e+02,
1.021874694824218750e+02,
9.937715911865234375e+01,
1.028866729736328125e+02,
1.071075210571289062e+02,
1.116396713256835938e+02,
1.194613494873046875e+02,
1.222708129882812500e+02,
1.236423492431640625e+02,
1.237810287475585938e+02,
1.209979858398437500e+02,
1.190129470825195312e+02,
1.147605667114257812e+02,
1.092856979370117188e+02,
1.038660888671875000e+02,
9.935414886474609375e+01,
9.371216583251953125e+01,
9.304419708251953125e+01,
1.018268051147460938e+02,
1.139519042968750000e+02,
1.260178833007812500e+02,
1.329865417480468750e+02,
1.357181091308593750e+02,
1.312633819580078125e+02,
1.302017364501953125e+02,
1.325391540527343750e+02,
1.371399841308593750e+02,
1.447490539550781250e+02,
1.480987701416015625e+02,
1.451065521240234375e+02,
1.379295196533203125e+02,
1.277856674194335938e+02,
1.190583114624023438e+02,
1.105809326171875000e+02,
1.035541915893554688e+02,
9.791469573974609375e+01,
9.469136810302734375e+01,
9.244993591308593750e+01,
9.092089843750000000e+01,
9.039976501464843750e+01,
9.105951690673828125e+01,
9.348678588867187500e+01,
9.516709136962890625e+01,
9.623147583007812500e+01,
9.708377838134765625e+01,
1.002558135986328125e+02,
1.006451568603515625e+02,
1.036664123535156250e+02,
1.057283172607421875e+02,
1.064655838012695312e+02,
1.065778427124023438e+02,
1.067456512451171875e+02,
1.082197723388671875e+02,
1.069597015380859375e+02,
1.046410675048828125e+02,
1.068451690673828125e+02,
1.105580139160156250e+02,
1.129757919311523438e+02,
1.130369338989257812e+02,
1.141546554565429688e+02,
1.190882873535156250e+02,
1.184377365112304688e+02,
1.192389602661132812e+02,
1.214002761840820312e+02,
1.240409393310546875e+02,
1.204436035156250000e+02,
1.231754837036132812e+02,
1.252461395263671875e+02,
1.267849884033203125e+02,
1.295695343017578125e+02,
1.305216827392578125e+02,
1.339994812011718750e+02,
1.341513671875000000e+02,
1.314817199707031250e+02,
1.274694976806640625e+02,
1.190769424438476562e+02,
1.110375671386718750e+02,
1.095412673950195312e+02,
1.069467315673828125e+02,
1.083066558837890625e+02,
1.138893814086914062e+02,
1.154432601928710938e+02,
1.116987228393554688e+02,
1.100590744018554688e+02,
1.138476715087890625e+02,
1.166524658203125000e+02,
1.235895614624023438e+02,
1.334725646972656250e+02,
1.480079956054687500e+02,
1.571892089843750000e+02,
1.662955627441406250e+02,
1.705901947021484375e+02,
1.681270904541015625e+02,
1.645466461181640625e+02,
1.608873291015625000e+02,
1.597219848632812500e+02,
1.628892059326171875e+02,
1.607182159423828125e+02,
1.569631347656250000e+02,
1.563152618408203125e+02,
1.530218811035156250e+02,
1.484268493652343750e+02,
1.446976013183593750e+02,
1.454960327148437500e+02,
1.477215881347656250e+02,
1.530643005371093750e+02,
1.560869903564453125e+02,
1.690643768310546875e+02,
1.839390411376953125e+02,
1.916588287353515625e+02,
1.971713409423828125e+02,
2.033338928222656250e+02,
2.049808197021484375e+02,
1.986659698486328125e+02,
2.035840606689453125e+02,
2.073541564941406250e+02,
2.157073364257812500e+02,
2.257710571289062500e+02,
2.701101074218750000e+02,
2.936295776367187500e+02,
3.043856811523437500e+02,
3.098197326660156250e+02,
2.881017456054687500e+02,
2.806435241699218750e+02,
2.734512939453125000e+02,
2.951514892578125000e+02,
3.081140747070312500e+02,
3.106912536621093750e+02,
3.191588745117187500e+02,
3.199817504882812500e+02,
3.106096496582031250e+02,
2.966527404785156250e+02,
3.112575683593750000e+02,
3.269441833496093750e+02,
3.078973999023437500e+02,
3.546196289062500000e+02,
3.599912109375000000e+02,
3.457240905761718750e+02,
3.563778381347656250e+02,
3.484862670898437500e+02,
2.946118164062500000e+02,
3.013719482421875000e+02,
3.054862670898437500e+02,
3.299784545898437500e+02,
3.324026184082031250e+02,
3.208624572753906250e+02,
2.561401062011718750e+02,
2.018607788085937500e+02,
2.298218078613281250e+02,
2.341185150146484375e+02,
2.339906311035156250e+02,
2.544362945556640625e+02,
2.587578735351562500e+02,
2.776352844238281250e+02,
2.856587829589843750e+02,
3.090832214355468750e+02,
3.652087097167968750e+02,
3.911314086914062500e+02,
4.186121215820312500e+02,
4.362841796875000000e+02,
4.361505432128906250e+02,
4.246386413574218750e+02,
4.245060119628906250e+02,
3.824237060546875000e+02,
3.172405395507812500e+02,
2.839806518554687500e+02,
2.693005676269531250e+02,
2.747418823242187500e+02,
2.575217590332031250e+02,
2.352086944580078125e+02,
1.993138580322265625e+02,
2.049699249267578125e+02,
2.051654357910156250e+02,
2.129869384765625000e+02,
2.214264068603515625e+02,
2.240282287597656250e+02,
2.118242950439453125e+02,
2.047304534912109375e+02,
1.968795471191406250e+02,
1.969598846435546875e+02,
2.009728698730468750e+02,
2.258998107910156250e+02,
2.284527435302734375e+02,
2.288486175537109375e+02,
2.633361816406250000e+02,
2.721734313964843750e+02,
2.419833068847656250e+02,
2.191325378417968750e+02,
1.927379150390625000e+02,
2.170736236572265625e+02,
2.842465209960937500e+02,
3.276065063476562500e+02,
3.339410095214843750e+02,
2.688480529785156250e+02,
2.645592956542968750e+02,
1.555326080322265625e+02,
1.532234344482421875e+02,
1.697186584472656250e+02,
1.634770965576171875e+02,
1.401380004882812500e+02,
1.317198638916015625e+02,
1.342928314208984375e+02,
1.390902709960937500e+02,
1.419722442626953125e+02,
1.561200408935546875e+02,
1.802663269042968750e+02,
2.047928771972656250e+02,
2.283386993408203125e+02,
2.455113983154296875e+02,
2.508867340087890625e+02,
2.394267425537109375e+02,
2.162476348876953125e+02,
1.917000122070312500e+02,
1.673905487060546875e+02,
1.511025238037109375e+02,
1.332402038574218750e+02,
1.163276138305664062e+02,
1.067442550659179688e+02,
1.020654525756835938e+02,
9.855332946777343750e+01,
9.432623291015625000e+01,
9.170800781250000000e+01,
8.918970489501953125e+01,
8.858358764648437500e+01,
8.927232360839843750e+01,
8.967638397216796875e+01,
8.951939392089843750e+01,
8.857741546630859375e+01,
8.945299530029296875e+01,
8.899998474121093750e+01,
9.075256347656250000e+01,
9.124941253662109375e+01,
9.125354766845703125e+01,
9.878720092773437500e+01,
1.086647567749023438e+02,
1.194567642211914062e+02,
1.249360504150390625e+02,
1.345598602294921875e+02,
1.428584747314453125e+02,
1.505046234130859375e+02,
1.604683074951171875e+02,
1.680858001708984375e+02,
1.795358581542968750e+02,
1.782060699462890625e+02,
1.797304840087890625e+02,
1.813609466552734375e+02,
1.789954681396484375e+02,
1.772859649658203125e+02,
1.696380462646484375e+02,
1.578948974609375000e+02,
1.489087829589843750e+02,
1.397443084716796875e+02,
1.360223999023437500e+02,
1.376954956054687500e+02,
1.428560180664062500e+02,
1.439702758789062500e+02,
1.421702270507812500e+02,
1.402009277343750000e+02,
1.309512176513671875e+02,
1.238633728027343750e+02,
1.201844787597656250e+02,
1.184958724975585938e+02,
1.173090591430664062e+02,
1.207810134887695312e+02,
1.236190719604492188e+02,
1.262931594848632812e+02,
1.281893615722656250e+02,
1.312763061523437500e+02,
1.354217987060546875e+02,
1.367212829589843750e+02,
1.420882415771484375e+02,
1.529524078369140625e+02,
1.587684783935546875e+02,
1.625525054931640625e+02,
1.665090332031250000e+02,
1.688035583496093750e+02,
1.762213897705078125e+02,
1.804869384765625000e+02,
1.969367828369140625e+02,
1.997172698974609375e+02,
1.975558166503906250e+02,
1.821848297119140625e+02,
1.676732177734375000e+02,
1.450697784423828125e+02,
1.262760696411132812e+02,
1.162270660400390625e+02,
1.090099334716796875e+02,
1.051877670288085938e+02,
1.080166473388671875e+02,
1.110059432983398438e+02,
1.106084899902343750e+02,
1.155647048950195312e+02,
1.194543685913085938e+02,
1.192955017089843750e+02,
1.148473663330078125e+02,
1.157342147827148438e+02,
1.181900405883789062e+02,
1.292493133544921875e+02,
1.344906005859375000e+02,
1.397496337890625000e+02,
1.365760650634765625e+02,
1.295694427490234375e+02,
1.204003448486328125e+02,
1.132790832519531250e+02,
1.075113677978515625e+02,
1.110946121215820312e+02,
1.227829971313476562e+02,
1.353274536132812500e+02,
1.404211425781250000e+02,
1.482280883789062500e+02,
1.519073486328125000e+02,
1.536495361328125000e+02,
1.529819946289062500e+02,
1.512926177978515625e+02,
1.445767822265625000e+02,
1.322532196044921875e+02,
1.177581329345703125e+02,
1.075000152587890625e+02,
9.996780395507812500e+01,
9.780714416503906250e+01,
9.841140747070312500e+01,
1.005251235961914062e+02,
1.023689346313476562e+02,
1.044809951782226562e+02,
1.074456558227539062e+02,
1.102510070800781250e+02,
1.139519805908203125e+02,
1.170985641479492188e+02,
1.191895904541015625e+02,
1.208539123535156250e+02,
1.204694290161132812e+02,
1.239076614379882812e+02,
1.277848129272460938e+02,
1.318195343017578125e+02,
1.348255310058593750e+02,
1.363872680664062500e+02,
1.393175048828125000e+02,
1.436342773437500000e+02,
1.426717987060546875e+02,
1.485265960693359375e+02,
1.498846893310546875e+02,
1.526079559326171875e+02,
1.503601074218750000e+02,
1.382935791015625000e+02,
1.317441253662109375e+02,
1.267241287231445312e+02,
1.257758102416992188e+02,
1.187377319335937500e+02,
1.263920135498046875e+02,
1.279689102172851562e+02,
1.375055999755859375e+02,
1.529583740234375000e+02,
1.724638519287109375e+02,
1.918303985595703125e+02,
2.042184906005859375e+02,
2.040125885009765625e+02,
2.057301177978515625e+02,
2.066151580810546875e+02,
1.957859039306640625e+02,
1.871441650390625000e+02,
1.866132202148437500e+02,
1.795099182128906250e+02,
1.692373046875000000e+02,
1.763625488281250000e+02,
1.829140319824218750e+02,
2.007873687744140625e+02,
2.118935241699218750e+02,
2.209252929687500000e+02,
2.309128570556640625e+02,
2.448242645263671875e+02,
2.467980041503906250e+02,
2.616147766113281250e+02,
2.994280395507812500e+02,
3.198500366210937500e+02,
3.334485168457031250e+02,
3.415517578125000000e+02,
3.311529846191406250e+02,
3.465661315917968750e+02,
3.490922851562500000e+02,
3.595074462890625000e+02,
3.631075134277343750e+02,
3.728125915527343750e+02,
3.804617614746093750e+02,
4.384996337890625000e+02,
3.934793090820312500e+02,
3.767514038085937500e+02,
3.688258056640625000e+02,
3.945568847656250000e+02,
3.423406677246093750e+02,
3.258206787109375000e+02,
3.249529418945312500e+02,
3.278915405273437500e+02,
2.543986358642578125e+02,
2.561125488281250000e+02,
2.804814147949218750e+02,
2.983237304687500000e+02,
3.222300109863281250e+02,
3.854450073242187500e+02,
4.034625854492187500e+02,
4.108744812011718750e+02,
4.200313110351562500e+02,
4.444423522949218750e+02,
4.159538574218750000e+02,
3.728175354003906250e+02,
3.227262878417968750e+02,
2.820559997558593750e+02,
2.609444580078125000e+02,
2.484009094238281250e+02,
2.240127563476562500e+02,
2.286208496093750000e+02,
2.338427124023437500e+02,
2.418319244384765625e+02,
2.305459442138671875e+02,
2.314010162353515625e+02,
2.507855377197265625e+02,
2.527167816162109375e+02,
2.811802062988281250e+02,
3.027621459960937500e+02,
2.861423645019531250e+02,
2.610348510742187500e+02,
2.908044738769531250e+02,
3.674303894042968750e+02,
3.479067382812500000e+02,
