2.691217346191406250e+02,
2.611858215332031250e+02,
2.577710876464843750e+02,
2.445413818359375000e+02,
2.164128723144531250e+02,
2.142398071289062500e+02,
2.169906921386718750e+02,
2.166017608642578125e+02,
2.238698272705078125e+02,
2.283429870605468750e+02,
2.315420532226562500e+02,
2.333835144042968750e+02,
2.341912841796875000e+02,
2.315739288330078125e+02,
2.277089691162109375e+02,
2.291864776611328125e+02,
2.380005798339843750e+02,
2.472209014892578125e+02,
2.505638122558593750e+02,
2.579943237304687500e+02,
2.605338745117187500e+02,
2.580852661132812500e+02,
2.577602233886718750e+02,
2.534568481445312500e+02,
2.520143280029296875e+02,
2.521551361083984375e+02,
2.449013824462890625e+02,
2.397129211425781250e+02,
2.337343292236328125e+02,
2.273474884033203125e+02,
2.202515411376953125e+02,
2.159273071289062500e+02,
2.105016632080078125e+02,
2.047390441894531250e+02,
1.997895355224609375e+02,
1.936780700683593750e+02,
1.912923583984375000e+02,
1.870575714111328125e+02,
1.868195037841796875e+02,
1.885081939697265625e+02,
1.930460662841796875e+02,
1.965784149169921875e+02,
1.962531585693359375e+02,
1.948287048339843750e+02,
1.927526550292968750e+02,
1.887044372558593750e+02,
1.865097045898437500e+02,
1.875859222412109375e+02,
1.890786590576171875e+02,
1.908009948730468750e+02,
1.933234405517578125e+02,
1.930919494628906250e+02,
1.899070281982421875e+02,
1.873299102783203125e+02,
1.870593566894531250e+02,
1.906890716552734375e+02,
1.902073211669921875e+02,
1.893075103759765625e+02,
1.860181121826171875e+02,
1.869744567871093750e+02,
1.872194213867187500e+02,
1.863092651367187500e+02,
1.848826751708984375e+02,
1.870936584472656250e+02,
1.870607757568359375e+02,
1.837069854736328125e+02,
1.794013366699218750e+02,
1.757387237548828125e+02,
1.719543151855468750e+02,
1.709039916992187500e+02,
1.703985290527343750e+02,
1.692214508056640625e+02,
1.684786987304687500e+02,
1.690695343017578125e+02,
1.665037841796875000e+02,
1.661495819091796875e+02,
1.661809234619140625e+02,
1.642221527099609375e+02,
1.629519805908203125e+02,
1.602236022949218750e+02,
1.568445129394531250e+02,
1.559023132324218750e+02,
1.562543640136718750e+02,
1.579723510742187500e+02,
1.592730712890625000e+02,
1.618639526367187500e+02,
1.653355255126953125e+02,
1.697882995605468750e+02,
1.752721099853515625e+02,
1.836004486083984375e+02,
1.889318237304687500e+02,
1.895929870605468750e+02,
1.873987579345703125e+02,
1.826568756103515625e+02,
1.787385101318359375e+02,
1.757085876464843750e+02,
1.730831604003906250e+02,
1.694990844726562500e+02,
1.653029632568359375e+02,
1.603563232421875000e+02,
1.568519897460937500e+02,
1.579384155273437500e+02,
1.574141540527343750e+02,
1.576455688476562500e+02,
1.584709320068359375e+02,
1.589611511230468750e+02,
1.580678405761718750e+02,
1.602098083496093750e+02,
1.623613433837890625e+02,
1.648947448730468750e+02,
1.647403411865234375e+02,
1.627258148193359375e+02,
1.603837127685546875e+02,
1.569388885498046875e+02,
1.533782653808593750e+02,
1.547367401123046875e+02,
1.575979614257812500e+02,
1.593710937500000000e+02,
1.590286254882812500e+02,
1.591792144775390625e+02,
1.609668731689453125e+02,
1.589246673583984375e+02,
1.578929595947265625e+02,
1.582675323486328125e+02,
1.584211883544921875e+02,
1.594042053222656250e+02,
1.586427764892578125e+02,
1.610824584960937500e+02,
1.610057525634765625e+02,
1.601970825195312500e+02,
1.596523895263671875e+02,
1.590519714355468750e+02,
1.594811553955078125e+02,
1.609953765869140625e+02,
1.595809478759765625e+02,
1.593606872558593750e+02,
1.601594543457031250e+02,
1.596420745849609375e+02,
1.587685241699218750e+02,
1.594005126953125000e+02,
1.600589141845703125e+02,
1.600084228515625000e+02,
1.615925903320312500e+02,
1.621126403808593750e+02,
1.611852264404296875e+02,
1.593596496582031250e+02,
1.566386413574218750e+02,
1.538240661621093750e+02,
1.526531982421875000e+02,
1.499386444091796875e+02,
1.487855987548828125e+02,
1.492553100585937500e+02,
1.487685241699218750e+02,
1.489823455810546875e+02,
1.491300964355468750e+02,
1.508812713623046875e+02,
1.530511627197265625e+02,
1.537240447998046875e+02,
1.562368927001953125e+02,
1.568041076660156250e+02,
1.553792266845703125e+02,
1.540014648437500000e+02,
1.523610534667968750e+02,
1.488078460693359375e+02,
1.462750091552734375e+02,
1.446185455322265625e+02,
1.423122863769531250e+02,
1.409370574951171875e+02,
1.394900360107421875e+02,
1.388773345947265625e+02,
1.408202667236328125e+02,
1.416611175537109375e+02,
1.418301239013671875e+02,
1.425621643066406250e+02,
1.433280792236328125e+02,
1.440418548583984375e+02,
1.444009246826171875e+02,
1.448164825439453125e+02,
1.452092895507812500e+02,
1.448763580322265625e+02,
1.442685699462890625e+02,
1.438480834960937500e+02,
1.433103179931640625e+02,
1.428558654785156250e+02,
1.421883850097656250e+02,
1.416703796386718750e+02,
1.403628387451171875e+02,
1.413882751464843750e+02,
1.414165496826171875e+02,
1.417747802734375000e+02,
1.427864379882812500e+02,
1.725549316406250000e+02,
1.997794952392578125e+02,
2.248182678222656250e+02,
4.307633056640625000e+02,
6.551567382812500000e+02,
8.819203491210937500e+02,
1.003541625976562500e+03,
9.948419189453125000e+02,
9.578489379882812500e+02,
9.435093994140625000e+02,
8.015706787109375000e+02,
5.244382934570312500e+02,
3.168110046386718750e+02,
2.614315185546875000e+02,
2.535022125244140625e+02,
2.565693664550781250e+02,
2.562492675781250000e+02,
2.549556427001953125e+02,
2.543535308837890625e+02,
2.527096405029296875e+02,
2.506330261230468750e+02,
2.489971466064453125e+02,
2.475850524902343750e+02,
2.467289428710937500e+02,
2.472805938720703125e+02,
2.463435058593750000e+02,
2.474144134521484375e+02,
2.497226562500000000e+02,
2.487732238769531250e+02,
2.505411987304687500e+02,
2.518225402832031250e+02,
2.532543334960937500e+02,
2.566527709960937500e+02,
2.626565856933593750e+02,
2.651208496093750000e+02,
2.664778137207031250e+02,
2.640676269531250000e+02,
2.609798278808593750e+02,
2.553922271728515625e+02,
2.529381408691406250e+02,
2.487425384521484375e+02,
2.444612884521484375e+02,
2.431469726562500000e+02,
2.411850433349609375e+02,
2.442279510498046875e+02,
2.521014251708984375e+02,
2.570079956054687500e+02,
2.619882202148437500e+02,
2.673552246093750000e+02,
2.718896789550781250e+02,
2.736149902343750000e+02,
2.758854064941406250e+02,
2.770785217285156250e+02,
2.745252075195312500e+02,
2.718249511718750000e+02,
2.693653869628906250e+02,
2.683664245605468750e+02,
2.677848815917968750e+02,
2.685428466796875000e+02,
2.673968200683593750e+02,
2.667977600097656250e+02,
2.645507507324218750e+02,
2.634074096679687500e+02,
2.666663513183593750e+02,
2.665397949218750000e+02,
2.675572509765625000e+02,
2.699383544921875000e+02,
2.751924133300781250e+02,
2.774118041992187500e+02,
2.799599304199218750e+02,
2.797306823730468750e+02,
2.774158020019531250e+02,
2.736643371582031250e+02,
2.727128906250000000e+02,
2.709318237304687500e+02,
2.718886413574218750e+02,
2.714490966796875000e+02,
2.761755981445312500e+02,
2.774579772949218750e+02,
2.775871276855468750e+02,
2.754923095703125000e+02,
2.717071533203125000e+02,
2.664596252441406250e+02,
2.643847961425781250e+02,
2.612383117675781250e+02,
2.600027160644531250e+02,
2.593907775878906250e+02,
2.566265869140625000e+02,
2.536338958740234375e+02,
2.523153228759765625e+02,
2.516491088867187500e+02,
2.518648529052734375e+02,
2.524277038574218750e+02,
2.530806884765625000e+02,
2.534582977294921875e+02,
2.559638061523437500e+02,
2.587037963867187500e+02,
2.594316406250000000e+02,
2.601120605468750000e+02,
2.597745971679687500e+02,
2.567311706542968750e+02,
2.564631347656250000e+02,
2.585990600585937500e+02,
2.598479309082031250e+02,
2.618801574707031250e+02,
2.632059936523437500e+02,
2.655501708984375000e+02,
2.679066162109375000e+02,
2.720885620117187500e+02,
2.765490722656250000e+02,
2.782141723632812500e+02,
2.824690856933593750e+02,
2.846971435546875000e+02,
2.842638244628906250e+02,
2.843880615234375000e+02,
2.844758911132812500e+02,
2.849291381835937500e+02,
2.835010375976562500e+02,
2.841183166503906250e+02,
2.831460571289062500e+02,
2.829148254394531250e+02,
2.834914855957031250e+02,
2.883035583496093750e+02,
2.899789123535156250e+02,
2.876389465332031250e+02,
2.865997314453125000e+02,
2.860775756835937500e+02,
2.835460510253906250e+02,
2.829555358886718750e+02,
2.846427307128906250e+02,
2.877420654296875000e+02,
2.898857727050781250e+02,
2.914851074218750000e+02,
2.925737304687500000e+02,
2.911352233886718750e+02,
2.891854858398437500e+02,
2.838654785156250000e+02,
2.780624084472656250e+02,
2.774722900390625000e+02,
2.780670776367187500e+02,
2.773682556152343750e+02,
2.761480102539062500e+02,
2.755959472656250000e+02,
2.739817504882812500e+02,
2.735418701171875000e+02,
2.725509338378906250e+02,
2.718360595703125000e+02,
2.714606933593750000e+02,
2.692392883300781250e+02,
2.671127929687500000e+02,
2.671204833984375000e+02,
2.690591430664062500e+02,
2.727459716796875000e+02,
2.737478332519531250e+02,
2.764880676269531250e+02,
2.775409851074218750e+02,
2.785094909667968750e+02,
2.735875854492187500e+02,
2.675746459960937500e+02,
2.652121582031250000e+02,
2.583363647460937500e+02,
2.584209594726562500e+02,
2.597049560546875000e+02,
2.595584411621093750e+02,
2.575615539550781250e+02,
2.587487182617187500e+02,
2.596568908691406250e+02,
2.600910949707031250e+02,
2.613060302734375000e+02,
2.607811279296875000e+02,
2.645679321289062500e+02,
2.657300415039062500e+02,
2.674033813476562500e+02,
2.716727600097656250e+02,
2.764110412597656250e+02,
2.785780639648437500e+02,
2.817289123535156250e+02,
2.863362121582031250e+02,
2.858221740722656250e+02,
2.864855041503906250e+02,
2.862833862304687500e+02,
2.904138488769531250e+02,
2.900729064941406250e+02,
2.866174926757812500e+02,
2.851584167480468750e+02,
2.851260070800781250e+02,
2.859605102539062500e+02,
2.832737426757812500e+02,
2.880000000000000000e+02,
2.866748657226562500e+02,
2.837972717285156250e+02,
2.824118041992187500e+02,
2.900748901367187500e+02,
3.048635864257812500e+02,
3.257030639648437500e+02,
3.514652404785156250e+02,
3.690388183593750000e+02,
3.837414550781250000e+02,
3.846105346679687500e+02,
3.748258361816406250e+02,
3.616507568359375000e+02,
3.441323547363281250e+02,
3.206669616699218750e+02,
3.036726074218750000e+02,
2.953710632324218750e+02,
2.888306884765625000e+02,
2.851179504394531250e+02,
2.829749145507812500e+02,
2.840093994140625000e+02,
2.856395263671875000e+02,
2.906376037597656250e+02,
2.932927856445312500e+02,
2.965360412597656250e+02,
2.972661132812500000e+02,
3.013770751953125000e+02,
3.075264282226562500e+02,
3.189360046386718750e+02,
3.261622924804687500e+02,
3.285410766601562500e+02,
3.272686462402343750e+02,
3.206388244628906250e+02,
3.140509643554687500e+02,
3.062368774414062500e+02,
3.002283325195312500e+02,
2.959290771484375000e+02,
2.906066589355468750e+02,
2.833079833984375000e+02,
2.790557861328125000e+02,
2.745512390136718750e+02,
2.751568298339843750e+02,
2.761172180175781250e+02,
2.813645629882812500e+02,
2.830386657714843750e+02,
2.810671997070312500e+02,
2.787546997070312500e+02,
2.718616333007812500e+02,
2.673101806640625000e+02,
2.644063415527343750e+02,
2.620781555175781250e+02,
2.622344055175781250e+02,
2.611735229492187500e+02,
2.618867187500000000e+02,
2.639956665039062500e+02,
2.653598632812500000e+02,
2.647681884765625000e+02,
2.669701538085937500e+02,
2.697338867187500000e+02,
2.701770935058593750e+02,
2.719998779296875000e+02,
2.717126464843750000e+02,
2.696138000488281250e+02,
2.651508483886718750e+02,
2.630727233886718750e+02,
2.627745666503906250e+02,
2.665903320312500000e+02,
2.713753356933593750e+02,
2.727213439941406250e+02,
2.734617309570312500e+02,
2.750167541503906250e+02,
2.734564514160156250e+02,
2.757428894042968750e+02,
2.806318359375000000e+02,
2.842810058593750000e+02,
2.835751342773437500e+02,
2.799656066894531250e+02,
2.750414123535156250e+02,
2.711483459472656250e+02,
2.688319396972656250e+02,
2.655650634765625000e+02,
2.611233520507812500e+02,
2.602671508789062500e+02,
2.589455871582031250e+02,
2.588585205078125000e+02,
2.574870605468750000e+02,
2.578917236328125000e+02,
2.600743408203125000e+02,
2.627479553222656250e+02,
2.636327819824218750e+02,
2.624238281250000000e+02,
2.662071228027343750e+02,
2.687204895019531250e+02,
2.727687377929687500e+02,
2.783439941406250000e+02,
2.812633056640625000e+02,
2.819442443847656250e+02,
2.817418518066406250e+02,
2.793359375000000000e+02,
2.755649414062500000e+02,
2.747347717285156250e+02,
2.718005065917968750e+02,
2.700473327636718750e+02,
2.706662902832031250e+02,
2.735743713378906250e+02,
2.772210693359375000e+02,
2.805580749511718750e+02,
2.859911193847656250e+02,
2.895674438476562500e+02,
2.940901794433593750e+02,
2.958871154785156250e+02,
2.954189758300781250e+02,
2.962944641113281250e+02,
2.976682434082031250e+02,
2.978612060546875000e+02,
2.998267517089843750e+02,
2.992824401855468750e+02,
2.984557189941406250e+02,
2.960909729003906250e+02,
3.002744140625000000e+02,
3.005333557128906250e+02,
3.022994384765625000e+02,
3.013844909667968750e+02,
2.991759643554687500e+02,
2.963977355957031250e+02,
2.929726867675781250e+02,
2.918402709960937500e+02,
2.882651672363281250e+02,
2.895304260253906250e+02,
2.889790954589843750e+02,
2.910408325195312500e+02,
2.935360717773437500e+02,
2.960989379882812500e+02,
2.930228881835937500e+02,
2.930475463867187500e+02,
2.932754211425781250e+02,
2.949737854003906250e+02,
2.964475708007812500e+02,
3.000458984375000000e+02,
3.013206481933593750e+02,
3.007972412109375000e+02,
2.961235656738281250e+02,
2.888175659179687500e+02,
2.802058105468750000e+02,
2.744945068359375000e+02,
2.734466247558593750e+02,
2.727060852050781250e+02,
2.748365173339843750e+02,
2.764206848144531250e+02,
2.781278686523437500e+02,
2.815716247558593750e+02,
2.903858032226562500e+02,
2.982133483886718750e+02,
3.007322387695312500e+02,
3.049930419921875000e+02,
3.045917358398437500e+02,
3.011169433593750000e+02,
2.987322998046875000e+02,
2.973001708984375000e+02,
2.934197387695312500e+02,
2.862550659179687500e+02,
2.812387084960937500e+02,
2.774472961425781250e+02,
2.722722778320312500e+02,
2.714315490722656250e+02,
2.724566650390625000e+02,
2.754064636230468750e+02,
2.753265380859375000e+02,
2.748227233886718750e+02,
2.768399963378906250e+02,
2.741205749511718750e+02,
2.741330871582031250e+02,
2.744848632812500000e+02,
2.766577453613281250e+02,
2.751395568847656250e+02,
2.769414367675781250e+02,
2.748710021972656250e+02,
2.734009704589843750e+02,
2.697563171386718750e+02,
2.668184204101562500e+02,
2.687295837402343750e+02,
2.699708557128906250e+02,
2.705163879394531250e+02,
2.716983337402343750e+02,
2.727558898925781250e+02,
2.723420104980468750e+02,
2.752425537109375000e+02,
2.797050170898437500e+02,
2.841515502929687500e+02,
2.853372497558593750e+02,
2.860194702148437500e+02,
2.866182250976562500e+02,
2.831412658691406250e+02,
2.820398254394531250e+02,
2.822020263671875000e+02,
2.793819274902343750e+02,
2.803028869628906250e+02,
2.775212402343750000e+02,
2.773410644531250000e+02,
2.734425354003906250e+02,
2.718633422851562500e+02,
2.683619689941406250e+02,
2.655264587402343750e+02,
2.607954101562500000e+02,
2.583979797363281250e+02,
2.615345153808593750e+02,
2.640853881835937500e+02,
2.650186157226562500e+02,
2.703862915039062500e+02,
2.753267517089843750e+02,
2.806664428710937500e+02,
2.789295654296875000e+02,
2.728845825195312500e+02,
2.678408203125000000e+02,
2.638084411621093750e+02,
2.580425109863281250e+02,
2.553957214355468750e+02,
2.550163116455078125e+02,
2.531221771240234375e+02,
2.510159912109375000e+02,
2.475020294189453125e+02,
2.427848510742187500e+02,
2.417966003417968750e+02,
2.422766418457031250e+02,
2.425792846679687500e+02,
2.445575256347656250e+02,
2.433813781738281250e+02,
2.435544738769531250e+02,
2.453792724609375000e+02,
2.463102722167968750e+02,
2.480535278320312500e+02,
2.496716766357421875e+02,
2.509399566650390625e+02,
2.526083831787109375e+02,
2.545468902587890625e+02,
2.579842529296875000e+02,
2.598425292968750000e+02,
2.617998657226562500e+02,
2.642667846679687500e+02,
2.639623107910156250e+02,
2.644068603515625000e+02,
2.624012145996093750e+02,
2.593921813964843750e+02,
2.545132446289062500e+02,
2.515491180419921875e+02,
2.491825714111328125e+02,
2.465317840576171875e+02,
2.440386810302734375e+02,
2.426881256103515625e+02,
2.398556518554687500e+02,
2.369396667480468750e+02,
2.367286834716796875e+02,
2.393201904296875000e+02,
2.399232177734375000e+02,
2.406271972656250000e+02,
2.427480316162109375e+02,
2.443244171142578125e+02,
2.438004302978515625e+02,
2.446165771484375000e+02,
2.448706359863281250e+02,
2.453922729492187500e+02,
2.457098236083984375e+02,
2.469180755615234375e+02,
2.471865234375000000e+02,
2.486636505126953125e+02,
2.503851623535156250e+02,
2.523487243652343750e+02,
2.545192871093750000e+02,
2.586976928710937500e+02,
2.576024780273437500e+02,
2.597746276855468750e+02,
2.602120361328125000e+02,
2.624244995117187500e+02,
2.620200195312500000e+02,
2.613424377441406250e+02,
2.618700866699218750e+02,
2.623948364257812500e+02,
2.633981628417968750e+02,
2.634724426269531250e+02,
2.635507507324218750e+02,
2.636758728027343750e+02,
2.634739074707031250e+02,
2.644534912109375000e+02,
2.669888916015625000e+02,
2.705493164062500000e+02,
2.758792724609375000e+02,
2.809458312988281250e+02,
2.839214477539062500e+02,
2.870068054199218750e+02,
2.866696777343750000e+02,
2.865003356933593750e+02,
2.860550231933593750e+02,
2.859304504394531250e+02,
2.878834838867187500e+02,
2.892776489257812500e+02,
2.911886901855468750e+02,
2.915287170410156250e+02,
2.900401611328125000e+02,
2.880971374511718750e+02,
2.875358581542968750e+02,
2.878932800292968750e+02,
2.864888000488281250e+02,
2.857954711914062500e+02,
2.840723571777343750e+02,
2.827229003906250000e+02,
2.825818481445312500e+02,
2.800939331054687500e+02,
2.789456481933593750e+02,
2.775546569824218750e+02,
2.767347717285156250e+02,
2.767600708007812500e+02,
2.799885559082031250e+02,
2.816712951660156250e+02,
2.835688476562500000e+02,
2.862664489746093750e+02,
2.841897583007812500e+02,
2.848538513183593750e+02,
2.836373291015625000e+02,
2.836635742187500000e+02,
2.843825683593750000e+02,
2.836757202148437500e+02,
2.842592773437500000e+02,
2.880482482910156250e+02,
2.890817871093750000e+02,
2.883719482421875000e+02,
2.897098693847656250e+02,
2.917159423828125000e+02,
2.932608032226562500e+02,
2.983910522460937500e+02,
3.117727661132812500e+02,
3.233070678710937500e+02,
3.430469970703125000e+02,
3.660516052246093750e+02,
3.900325622558593750e+02,
4.379382019042968750e+02,
4.635978393554687500e+02,
4.971080322265625000e+02,
5.118687744140625000e+02,
5.094707031250000000e+02,
5.133168945312500000e+02,
5.149708251953125000e+02,
5.107219238281250000e+02,
5.046610717773437500e+02,
5.090266113281250000e+02,
5.116428527832031250e+02,
5.097356262207031250e+02,
5.099786987304687500e+02,
5.400537109375000000e+02,
5.692559814453125000e+02,
6.039135131835937500e+02,
6.339768676757812500e+02,
6.617426147460937500e+02,
6.681119995117187500e+02,
6.750839843750000000e+02,
6.718609619140625000e+02,
6.648947753906250000e+02,
6.349360961914062500e+02,
6.473333740234375000e+02,
6.704034423828125000e+02,
7.041940307617187500e+02,
3.125225219726562500e+02,
2.975099182128906250e+02,
2.982387084960937500e+02,
2.853987731933593750e+02,
2.652327880859375000e+02,
2.712127685546875000e+02,
2.796471862792968750e+02,
2.839723510742187500e+02,
2.889093627929687500e+02,
3.005790100097656250e+02,
3.047362670898437500e+02,
2.972308044433593750e+02,
2.850301208496093750e+02,
2.727646484375000000e+02,
2.556009979248046875e+02,
2.390862579345703125e+02,
2.251164855957031250e+02,
2.154258422851562500e+02,
2.118044586181640625e+02,
2.142798767089843750e+02,
2.154399261474609375e+02,
2.163791198730468750e+02,
2.136940612792968750e+02,
2.119033355712890625e+02,
2.097935791015625000e+02,
2.120716552734375000e+02,
2.131838836669921875e+02,
2.113241882324218750e+02,
2.136511230468750000e+02,
2.117558746337890625e+02,
2.110260314941406250e+02,
2.059161682128906250e+02,
2.019641418457031250e+02,
1.953396759033203125e+02,
1.909917297363281250e+02,
1.880927886962890625e+02,
1.856068115234375000e+02,
1.825391235351562500e+02,
1.783695678710937500e+02,
1.747905578613281250e+02,
1.703615875244140625e+02,
1.728976287841796875e+02,
1.852015075683593750e+02,
1.956951141357421875e+02,
2.003461303710937500e+02,
2.019941711425781250e+02,
1.972837677001953125e+02,
1.849486846923828125e+02,
1.778777313232421875e+02,
1.717038879394531250e+02,
1.690507049560546875e+02,
1.674849395751953125e+02,
1.712417297363281250e+02,
1.725677032470703125e+02,
1.715338897705078125e+02,
1.716796417236328125e+02,
1.716903686523437500e+02,
1.707285156250000000e+02,
1.696215972900390625e+02,
1.676978607177734375e+02,
1.703712463378906250e+02,
1.682768554687500000e+02,
1.680369262695312500e+02,
1.689688568115234375e+02,
1.706828308105468750e+02,
1.679728851318359375e+02,
1.682863922119140625e+02,
1.689407043457031250e+02,
1.690752258300781250e+02,
1.697047576904296875e+02,
1.697132873535156250e+02,
1.658425292968750000e+02,
1.631111907958984375e+02,
1.596179504394531250e+02,
1.551774139404296875e+02,
1.546871185302734375e+02,
1.571963043212890625e+02,
1.590304718017578125e+02,
1.592005920410156250e+02,
1.582043304443359375e+02,
1.550931243896484375e+02,
1.504421844482421875e+02,
1.454928588867187500e+02,
1.433356781005859375e+02,
1.415786590576171875e+02,
1.431314849853515625e+02,
1.441840515136718750e+02,
1.446711425781250000e+02,
1.449284515380859375e+02,
1.448494873046875000e+02,
1.444764709472656250e+02,
1.434235992431640625e+02,
1.433136138916015625e+02,
1.614233093261718750e+02,
1.767276000976562500e+02,
4.610444641113281250e+02,
8.486000366210937500e+02,
1.003760681152343750e+03,
9.913740234375000000e+02,
9.240599365234375000e+02,
8.197652587890625000e+02,
4.786252441406250000e+02,
2.634702758789062500e+02,
2.582633361816406250e+02,
2.613336486816406250e+02,
2.598853149414062500e+02,
2.596070861816406250e+02,
2.571110534667968750e+02,
2.587132873535156250e+02,
2.660327453613281250e+02,
2.746763305664062500e+02,
2.779401550292968750e+02,
2.791451721191406250e+02,
2.749284057617187500e+02,
2.677368774414062500e+02,
2.612411193847656250e+02,
2.616253662109375000e+02,
2.667667846679687500e+02,
2.762926025390625000e+02,
2.843627014160156250e+02,
2.895398864746093750e+02,
2.903737487792968750e+02,
2.910562133789062500e+02,
2.889287414550781250e+02,
2.842090454101562500e+02,
2.832227172851562500e+02,
2.845562438964843750e+02,
2.907347412109375000e+02,
2.949024963378906250e+02,
2.947026062011718750e+02,
2.961887817382812500e+02,
2.965003051757812500e+02,
2.967823791503906250e+02,
2.905622253417968750e+02,
2.874035034179687500e+02,
2.855327758789062500e+02,
2.822931823730468750e+02,
2.719044799804687500e+02,
2.685353393554687500e+02,
2.645830078125000000e+02,
2.623931579589843750e+02,
2.643576354980468750e+02,
2.670101928710937500e+02,
2.674396972656250000e+02,
2.692755737304687500e+02,
2.712226867675781250e+02,
2.716633300781250000e+02,
2.779659118652343750e+02,
2.843289489746093750e+02,
2.921328735351562500e+02,
2.978784179687500000e+02,
3.030812683105468750e+02,
3.073926391601562500e+02,
3.028018493652343750e+02,
3.046777954101562500e+02,
3.060769653320312500e+02,
3.046488647460937500e+02,
3.046955871582031250e+02,
3.091534423828125000e+02,
3.081571044921875000e+02,
3.114189147949218750e+02,
3.127582397460937500e+02,
3.079491882324218750e+02,
3.034178466796875000e+02,
2.975650329589843750e+02,
2.964970703125000000e+02,
2.945883789062500000e+02,
2.911375122070312500e+02,
2.920200500488281250e+02,
2.941307373046875000e+02,
2.959144287109375000e+02,
2.991322021484375000e+02,
2.979736022949218750e+02,
2.973467407226562500e+02,
2.946820068359375000e+02,
2.907232055664062500e+02,
2.872687072753906250e+02,
2.880785217285156250e+02,
2.915349731445312500e+02,
2.878319396972656250e+02,
2.964128112792968750e+02,
3.035124511718750000e+02,
3.090585021972656250e+02,
3.126434326171875000e+02,
3.198181457519531250e+02,
3.163096313476562500e+02,
3.172785034179687500e+02,
3.185636291503906250e+02,
3.141147155761718750e+02,
3.120072631835937500e+02,
3.483067016601562500e+02,
3.781468811035156250e+02,
4.112539672851562500e+02,
4.303553771972656250e+02,
4.307235107421875000e+02,
4.050355834960937500e+02,
3.692432250976562500e+02,
3.345600891113281250e+02,
3.241661071777343750e+02,
3.256027526855468750e+02,
3.271898193359375000e+02,
3.448918151855468750e+02,
3.523250122070312500e+02,
3.557811889648437500e+02,
3.556852111816406250e+02,
3.545205383300781250e+02,
3.364685668945312500e+02,
3.216014404296875000e+02,
3.167603149414062500e+02,
3.123710327148437500e+02,
3.051881103515625000e+02,
3.033341369628906250e+02,
3.011951293945312500e+02,
2.966595153808593750e+02,
2.857107238769531250e+02,
2.847780761718750000e+02,
2.879188537597656250e+02,
2.912925415039062500e+02,
2.910295715332031250e+02,
2.894447631835937500e+02,
2.913651428222656250e+02,
2.907329101562500000e+02,
2.898614196777343750e+02,
2.920755920410156250e+02,
3.021185607910156250e+02,
2.994607849121093750e+02,
2.975076904296875000e+02,
2.949609069824218750e+02,
2.872587280273437500e+02,
2.816282043457031250e+02,
2.788257446289062500e+02,
2.752496643066406250e+02,
2.743405761718750000e+02,
2.809014892578125000e+02,
2.901700134277343750e+02,
2.945365905761718750e+02,
2.945914916992187500e+02,
2.954837341308593750e+02,
2.962098999023437500e+02,
2.921468505859375000e+02,
2.958680419921875000e+02,
2.993180847167968750e+02,
3.099420776367187500e+02,
3.163464965820312500e+02,
3.215956115722656250e+02,
3.256117858886718750e+02,
3.266546630859375000e+02,
3.318560180664062500e+02,
3.287949829101562500e+02,
3.256416625976562500e+02,
3.259886169433593750e+02,
3.201049499511718750e+02,
3.190658264160156250e+02,
3.188160400390625000e+02,
3.207585754394531250e+02,
3.261914367675781250e+02,
3.247261352539062500e+02,
3.260277099609375000e+02,
3.226373596191406250e+02,
3.130835876464843750e+02,
3.065776977539062500e+02,
2.953485412597656250e+02,
2.958666076660156250e+02,
3.075496520996093750e+02,
3.169038696289062500e+02,
3.202304382324218750e+02,
3.242502441406250000e+02,
3.237034606933593750e+02,
3.144500732421875000e+02,
3.052143249511718750e+02,
2.949553222656250000e+02,
2.914664306640625000e+02,
2.908203735351562500e+02,
2.944031677246093750e+02,
2.909257507324218750e+02,
2.883177795410156250e+02,
2.882836303710937500e+02,
2.878071899414062500e+02,
2.858243408203125000e+02,
2.816949768066406250e+02,
2.839716186523437500e+02,
2.885007629394531250e+02,
2.946956176757812500e+02,
2.985148315429687500e+02,
2.984086303710937500e+02,
2.983255004882812500e+02,
2.991898803710937500e+02,
2.927601623535156250e+02,
2.889699096679687500e+02,
2.803763732910156250e+02,
2.792962036132812500e+02,
2.786327514648437500e+02,
2.853205566406250000e+02,
2.854980163574218750e+02,
2.871603698730468750e+02,
2.834594726562500000e+02,
2.761719360351562500e+02,
2.669769287109375000e+02,
2.594159545898437500e+02,
2.548216094970703125e+02,
2.514643707275390625e+02,
2.515099792480468750e+02,
2.548320617675781250e+02,
2.553260955810546875e+02,
2.606596679687500000e+02,
2.638013916015625000e+02,
2.698128662109375000e+02,
2.734650573730468750e+02,
2.728424987792968750e+02,
2.707542114257812500e+02,
2.662843322753906250e+02,
2.600465087890625000e+02,
2.548153533935546875e+02,
2.526625976562500000e+02,
2.490698547363281250e+02,
2.462900848388671875e+02,
2.475224456787109375e+02,
2.503224334716796875e+02,
2.529923400878906250e+02,
2.569984130859375000e+02,
2.589774475097656250e+02,
2.638530273437500000e+02,
2.675745544433593750e+02,
2.711496276855468750e+02,
2.730500183105468750e+02,
2.761661071777343750e+02,
2.774328308105468750e+02,
2.767993469238281250e+02,
2.738536071777343750e+02,
2.783137512207031250e+02,
2.853136596679687500e+02,
2.910531921386718750e+02,
2.966521911621093750e+02,
3.011250000000000000e+02,
3.046651916503906250e+02,
3.082457580566406250e+02,
3.097407226562500000e+02,
3.074200744628906250e+02,
3.051468811035156250e+02,
3.066535949707031250e+02,
3.005616455078125000e+02,
2.991081542968750000e+02,
2.968221435546875000e+02,
2.985671997070312500e+02,
3.000427246093750000e+02,
3.028083496093750000e+02,
3.016330871582031250e+02,
3.055599365234375000e+02,
3.054088134765625000e+02,
3.059872741699218750e+02,
3.064910888671875000e+02,
3.124232482910156250e+02,
3.323877258300781250e+02,
3.571760559082031250e+02,
4.207864379882812500e+02,
4.973315734863281250e+02,
5.430635986328125000e+02,
5.317791748046875000e+02,
5.278486938476562500e+02,
5.241917114257812500e+02,
5.296255493164062500e+02,
5.529835205078125000e+02,
5.923531494140625000e+02,
6.290176391601562500e+02,
6.609345703125000000e+02,
6.822516479492187500e+02,
7.003732910156250000e+02,
7.366376342773437500e+02,
3.563100280761718750e+02,
3.607694091796875000e+02,
3.505906982421875000e+02,
3.519456176757812500e+02,
3.353647766113281250e+02,
3.435333251953125000e+02,
3.405852661132812500e+02,
3.379300537109375000e+02,
3.091272583007812500e+02,
2.794158935546875000e+02,
2.534469909667968750e+02,
2.418234405517578125e+02,
2.331510925292968750e+02,
2.378995819091796875e+02,
2.396272430419921875e+02,
2.374805755615234375e+02,
2.352928924560546875e+02,
2.393859558105468750e+02,
2.393665161132812500e+02,
2.341875305175781250e+02,
2.309041442871093750e+02,
2.202071685791015625e+02,
2.141361846923828125e+02,
2.059302520751953125e+02,
1.997954254150390625e+02,
1.947549591064453125e+02,
1.930142211914062500e+02,
1.986257934570312500e+02,
2.054470825195312500e+02,
2.084612274169921875e+02,
2.062812347412109375e+02,
1.976809692382812500e+02,
1.858373565673828125e+02,
1.827636566162109375e+02,
1.797156372070312500e+02,
1.806095428466796875e+02,
1.848374328613281250e+02,
1.847803497314453125e+02,
1.804832458496093750e+02,
1.785420227050781250e+02,
1.804376831054687500e+02,
1.795708312988281250e+02,
1.774119415283203125e+02,
1.783785400390625000e+02,
1.796667022705078125e+02,
1.797704010009765625e+02,
1.744600677490234375e+02,
1.711466064453125000e+02,
1.653513336181640625e+02,
1.637161712646484375e+02,
1.626933441162109375e+02,
1.621303863525390625e+02,
1.596301269531250000e+02,
1.558532409667968750e+02,
1.518807220458984375e+02,
1.465995025634765625e+02,
1.440903167724609375e+02,
1.446996307373046875e+02,
1.454857330322265625e+02,
1.460674285888671875e+02,
1.452946166992187500e+02,
1.917194976806640625e+02,
5.105726623535156250e+02,
8.758778686523437500e+02,
9.566840209960937500e+02,
9.346832275390625000e+02,
8.289539794921875000e+02,
6.490239257812500000e+02,
2.697519836425781250e+02,
2.697966918945312500e+02,
2.713297424316406250e+02,
2.716975402832031250e+02,
2.836853942871093750e+02,
2.903358154296875000e+02,
2.893212890625000000e+02,
2.864812622070312500e+02,
2.882554321289062500e+02,
2.839083251953125000e+02,
2.889595336914062500e+02,
2.964081115722656250e+02,
3.042860717773437500e+02,
3.057048950195312500e+02,
3.074827575683593750e+02,
3.089081420898437500e+02,
3.136991882324218750e+02,
3.143197631835937500e+02,
3.195339050292968750e+02,
3.188968505859375000e+02,
3.101064758300781250e+02,
3.010930480957031250e+02,
2.940404357910156250e+02,
2.868905334472656250e+02,
2.807635498046875000e+02,
2.769411926269531250e+02,
2.775547485351562500e+02,
2.818303527832031250e+02,
2.841469421386718750e+02,
2.932002563476562500e+02,
3.042510986328125000e+02,
3.153581848144531250e+02,
3.238911132812500000e+02,
3.266315002441406250e+02,
3.275184936523437500e+02,
3.297991333007812500e+02,
3.322259521484375000e+02,
3.360471801757812500e+02,
3.325994873046875000e+02,
3.297563171386718750e+02,
3.280563659667968750e+02,
3.207524719238281250e+02,
3.163919067382812500e+02,
3.161982727050781250e+02,
3.214427185058593750e+02,
3.213341369628906250e+02,
3.210214233398437500e+02,
3.237593688964843750e+02,
3.237180175781250000e+02,
3.245723266601562500e+02,
3.256563720703125000e+02,
3.302316589355468750e+02,
3.366777954101562500e+02,
3.408983764648437500e+02,
3.436116027832031250e+02,
3.424750976562500000e+02,
3.449270324707031250e+02,
3.649695434570312500e+02,
4.157259216308593750e+02,
4.516654052734375000e+02,
4.620883178710937500e+02,
4.700152893066406250e+02,
4.287825317382812500e+02,
3.904350280761718750e+02,
3.701082763671875000e+02,
3.773918151855468750e+02,
3.913873291015625000e+02,
3.939668884277343750e+02,
3.785119018554687500e+02,
3.698712158203125000e+02,
3.568900756835937500e+02,
3.429892578125000000e+02,
3.276762390136718750e+02,
3.280076599121093750e+02,
3.167885742187500000e+02,
3.123608703613281250e+02,
3.125601806640625000e+02,
3.094507141113281250e+02,
3.146339416503906250e+02,
3.120266113281250000e+02,
3.129609985351562500e+02,
3.126038513183593750e+02,
3.099238586425781250e+02,
3.020144348144531250e+02,
2.994976196289062500e+02,
2.902990112304687500e+02,
2.922121582031250000e+02,
3.026197509765625000e+02,
3.091779174804687500e+02,
3.086572570800781250e+02,
3.137325134277343750e+02,
3.143166809082031250e+02,
3.252664184570312500e+02,
3.349258728027343750e+02,
3.440382690429687500e+02,
3.528696594238281250e+02,
3.581958312988281250e+02,
3.592919921875000000e+02,
3.573768615722656250e+02,
3.580446472167968750e+02,
3.525231323242187500e+02,
3.543294982910156250e+02,
3.560411376953125000e+02,
3.451506958007812500e+02,
3.358754272460937500e+02,
3.292009277343750000e+02,
3.308156738281250000e+02,
3.331698913574218750e+02,
3.356306457519531250e+02,
3.376461181640625000e+02,
3.330672607421875000e+02,
3.198901977539062500e+02,
3.104136657714843750e+02,
3.058871765136718750e+02,
3.019251708984375000e+02,
3.016149902343750000e+02,
2.986154479980468750e+02,
2.976463317871093750e+02,
2.992786254882812500e+02,
3.056724243164062500e+02,
3.098140563964843750e+02,
3.115901489257812500e+02,
3.149127807617187500e+02,
3.068862609863281250e+02,
3.007240295410156250e+02,
3.002636108398437500e+02,
2.965498046875000000e+02,
2.937830200195312500e+02,
2.909224853515625000e+02,
2.836756591796875000e+02,
2.709793701171875000e+02,
2.644861755371093750e+02,
2.635281066894531250e+02,
2.649908447265625000e+02,
2.710917053222656250e+02,
2.786413574218750000e+02,
2.794568176269531250e+02,
2.796800231933593750e+02,
2.745305786132812500e+02,
2.693235168457031250e+02,
2.612691040039062500e+02,
2.587355346679687500e+02,
2.547160797119140625e+02,
2.581515808105468750e+02,
2.676315917968750000e+02,
2.720021362304687500e+02,
2.779565124511718750e+02,
2.838750000000000000e+02,
2.888867492675781250e+02,
2.893007507324218750e+02,
2.895595703125000000e+02,
2.986132202148437500e+02,
3.053855895996093750e+02,
3.110956115722656250e+02,
3.243161926269531250e+02,
3.250477600097656250e+02,
3.249270324707031250e+02,
3.275984497070312500e+02,
3.211614379882812500e+02,
3.199610290527343750e+02,
3.202087097167968750e+02,
3.201632995605468750e+02,
3.212487487792968750e+02,
3.279732360839843750e+02,
3.288985595703125000e+02,
3.354904174804687500e+02,
3.638173522949218750e+02,
4.837001342773437500e+02,
5.822030029296875000e+02,
5.973221435546875000e+02,
5.852774047851562500e+02,
5.849227294921875000e+02,
6.193541870117187500e+02,
6.522764892578125000e+02,
6.827784423828125000e+02,
7.618111572265625000e+02,
