1.490643920898437500e+03,
1.436037353515625000e+03,
1.367234619140625000e+03,
1.278326904296875000e+03,
1.326637084960937500e+03,
1.518341186523437500e+03,
1.430360839843750000e+03,
1.413114379882812500e+03,
1.307952758789062500e+03,
1.274156250000000000e+03,
1.209777099609375000e+03,
1.232908447265625000e+03,
1.178158325195312500e+03,
1.188657592773437500e+03,
1.192323608398437500e+03,
1.224083129882812500e+03,
1.205853027343750000e+03,
1.252829956054687500e+03,
1.284425781250000000e+03,
1.265848754882812500e+03,
1.278476562500000000e+03,
1.243632690429687500e+03,
1.302361328125000000e+03,
1.316800292968750000e+03,
1.188031494140625000e+03,
1.119274536132812500e+03,
1.093238891601562500e+03,
1.080762817382812500e+03,
1.115252319335937500e+03,
1.179646484375000000e+03,
1.168898803710937500e+03,
1.159501220703125000e+03,
1.115722290039062500e+03,
1.081661621093750000e+03,
1.109138793945312500e+03,
1.121553710937500000e+03,
1.149002685546875000e+03,
1.180797241210937500e+03,
1.173595214843750000e+03,
1.163408569335937500e+03,
1.102378295898437500e+03,
1.101200073242187500e+03,
1.109859008789062500e+03,
1.138280029296875000e+03,
1.176645385742187500e+03,
1.228805053710937500e+03,
1.336537963867187500e+03,
1.209331787109375000e+03,
1.112062500000000000e+03,
1.082750488281250000e+03,
1.096403198242187500e+03,
1.128719970703125000e+03,
1.150812622070312500e+03,
1.147527832031250000e+03,
1.129585083007812500e+03,
1.111998657226562500e+03,
1.231794921875000000e+03,
