2.221787567138671875e+02,
2.120131530761718750e+02,
2.130491485595703125e+02,
2.082595977783203125e+02,
1.873179321289062500e+02,
1.893773345947265625e+02,
1.900007171630859375e+02,
1.846708679199218750e+02,
1.836706237792968750e+02,
1.803444519042968750e+02,
1.739622039794921875e+02,
1.699782104492187500e+02,
1.693176879882812500e+02,
1.729649047851562500e+02,
1.772965850830078125e+02,
1.733746185302734375e+02,
1.693900451660156250e+02,
1.658438873291015625e+02,
1.647765808105468750e+02,
1.656752166748046875e+02,
1.692809600830078125e+02,
1.715607910156250000e+02,
1.726688995361328125e+02,
1.657459259033203125e+02,
1.635756225585937500e+02,
1.627146606445312500e+02,
1.606828765869140625e+02,
1.589072875976562500e+02,
1.594061279296875000e+02,
1.654319000244140625e+02,
1.725643310546875000e+02,
1.748248443603515625e+02,
1.750850677490234375e+02,
1.719091186523437500e+02,
1.694841308593750000e+02,
1.653811340332031250e+02,
1.708846282958984375e+02,
1.789348144531250000e+02,
1.890435791015625000e+02,
1.935369262695312500e+02,
2.001745605468750000e+02,
1.985035095214843750e+02,
1.969700469970703125e+02,
1.972823486328125000e+02,
1.966115875244140625e+02,
1.884011840820312500e+02,
1.826299743652343750e+02,
1.761285705566406250e+02,
1.691157531738281250e+02,
1.655562744140625000e+02,
1.651363677978515625e+02,
1.639542388916015625e+02,
1.634183197021484375e+02,
1.610051879882812500e+02,
1.578053894042968750e+02,
1.573020019531250000e+02,
1.549307708740234375e+02,
1.530503692626953125e+02,
1.542552642822265625e+02,
1.523717041015625000e+02,
1.473369293212890625e+02,
1.458206481933593750e+02,
1.452269439697265625e+02,
1.464447174072265625e+02,
1.490255889892578125e+02,
1.525201110839843750e+02,
1.536902923583984375e+02,
1.575269317626953125e+02,
1.586269531250000000e+02,
1.580893096923828125e+02,
1.561386260986328125e+02,
1.533612518310546875e+02,
1.515994110107421875e+02,
1.548511199951171875e+02,
1.664085693359375000e+02,
1.909352111816406250e+02,
2.295239410400390625e+02,
2.690389404296875000e+02,
3.055642395019531250e+02,
3.232664489746093750e+02,
3.269450378417968750e+02,
3.147008361816406250e+02,
2.906533813476562500e+02,
2.719904785156250000e+02,
2.625063171386718750e+02,
2.545600585937500000e+02,
2.497131652832031250e+02,
2.430055389404296875e+02,
2.412853240966796875e+02,
2.318019714355468750e+02,
2.234414062500000000e+02,
2.130268554687500000e+02,
2.037390594482421875e+02,
1.935582733154296875e+02,
1.873587341308593750e+02,
1.913545227050781250e+02,
1.932913665771484375e+02,
1.956373443603515625e+02,
1.984826507568359375e+02,
1.967660980224609375e+02,
1.960432434082031250e+02,
1.938676147460937500e+02,
1.960435485839843750e+02,
1.976876525878906250e+02,
2.020578002929687500e+02,
2.025981292724609375e+02,
2.009942779541015625e+02,
1.969582214355468750e+02,
1.936777954101562500e+02,
1.912686157226562500e+02,
1.934894256591796875e+02,
1.931846618652343750e+02,
1.919111480712890625e+02,
1.877433471679687500e+02,
1.829953918457031250e+02,
1.806069946289062500e+02,
1.795069427490234375e+02,
1.796510620117187500e+02,
1.853048248291015625e+02,
1.823520812988281250e+02,
1.853488616943359375e+02,
1.863253021240234375e+02,
1.940635223388671875e+02,
2.000658111572265625e+02,
2.011496582031250000e+02,
1.997710876464843750e+02,
1.979528808593750000e+02,
1.960298919677734375e+02,
1.939101562500000000e+02,
1.924884033203125000e+02,
1.886634521484375000e+02,
1.895399780273437500e+02,
1.890546417236328125e+02,
1.890048828125000000e+02,
1.917745971679687500e+02,
1.936549987792968750e+02,
1.967066497802734375e+02,
1.981554107666015625e+02,
1.970046539306640625e+02,
1.928618316650390625e+02,
1.912152099609375000e+02,
1.880396270751953125e+02,
1.838357086181640625e+02,
1.788782501220703125e+02,
1.719753723144531250e+02,
1.693401641845703125e+02,
1.697489166259765625e+02,
1.706562957763671875e+02,
1.705030822753906250e+02,
1.780518188476562500e+02,
1.840531158447265625e+02,
1.893724212646484375e+02,
1.967577667236328125e+02,
1.980336914062500000e+02,
1.951440734863281250e+02,
1.886488342285156250e+02,
1.804768676757812500e+02,
1.750238800048828125e+02,
1.719980163574218750e+02,
1.703261871337890625e+02,
1.687274475097656250e+02,
1.679976501464843750e+02,
1.656756591796875000e+02,
1.623858795166015625e+02,
1.579860534667968750e+02,
1.540780792236328125e+02,
1.498538818359375000e+02,
1.448554077148437500e+02,
1.450507049560546875e+02,
1.456199340820312500e+02,
1.450086212158203125e+02,
1.447985839843750000e+02,
1.441516876220703125e+02,
1.424846343994140625e+02,
1.399796447753906250e+02,
1.382115020751953125e+02,
1.358754882812500000e+02,
1.315553741455078125e+02,
1.310925903320312500e+02,
1.312970275878906250e+02,
1.335516815185546875e+02,
1.352460632324218750e+02,
1.393550872802734375e+02,
1.419805450439453125e+02,
1.437190246582031250e+02,
1.445919036865234375e+02,
1.456187133789062500e+02,
1.487079467773437500e+02,
1.471506347656250000e+02,
1.453084106445312500e+02,
1.405354614257812500e+02,
1.358606872558593750e+02,
1.330627441406250000e+02,
1.326865234375000000e+02,
1.360928344726562500e+02,
1.394708709716796875e+02,
1.441179962158203125e+02,
1.478961181640625000e+02,
1.496105499267578125e+02,
1.519982604980468750e+02,
1.534149322509765625e+02,
1.526081695556640625e+02,
1.498744964599609375e+02,
1.492090454101562500e+02,
1.468886260986328125e+02,
1.433219451904296875e+02,
1.437174682617187500e+02,
1.435261993408203125e+02,
1.412770843505859375e+02,
1.434437561035156250e+02,
1.424566955566406250e+02,
1.422694396972656250e+02,
1.418221893310546875e+02,
1.393734741210937500e+02,
1.372645874023437500e+02,
1.365685729980468750e+02,
1.404390258789062500e+02,
1.422691955566406250e+02,
1.439074249267578125e+02,
1.470698242187500000e+02,
1.492331237792968750e+02,
1.484532318115234375e+02,
1.473470458984375000e+02,
1.466455383300781250e+02,
1.466586303710937500e+02,
1.454798431396484375e+02,
1.424235076904296875e+02,
1.425810241699218750e+02,
1.417042846679687500e+02,
1.399159698486328125e+02,
1.402044067382812500e+02,
1.397093353271484375e+02,
1.391018066406250000e+02,
1.388345794677734375e+02,
1.383287506103515625e+02,
1.432735290527343750e+02,
1.441847381591796875e+02,
1.459805450439453125e+02,
1.442454986572265625e+02,
1.410605468750000000e+02,
1.421756134033203125e+02,
1.436834716796875000e+02,
1.507442626953125000e+02,
1.566459350585937500e+02,
1.615898132324218750e+02,
1.645824890136718750e+02,
1.627519531250000000e+02,
1.609208526611328125e+02,
1.601517486572265625e+02,
1.603755340576171875e+02,
1.602418060302734375e+02,
1.609919433593750000e+02,
1.565621185302734375e+02,
1.542128906250000000e+02,
1.527551422119140625e+02,
1.513827362060546875e+02,
1.557824707031250000e+02,
1.572215118408203125e+02,
1.556140136718750000e+02,
1.545179138183593750e+02,
1.492181854248046875e+02,
1.433745880126953125e+02,
1.376695251464843750e+02,
1.322926940917968750e+02,
1.285828399658203125e+02,
1.268996658325195312e+02,
1.294273986816406250e+02,
1.302348175048828125e+02,
1.320538482666015625e+02,
1.322885742187500000e+02,
1.291149139404296875e+02,
1.291639404296875000e+02,
1.283872985839843750e+02,
1.232911453247070312e+02,
1.248217468261718750e+02,
1.236993865966796875e+02,
1.230964126586914062e+02,
1.235858688354492188e+02,
1.264275588989257812e+02,
1.266479110717773438e+02,
1.243350601196289062e+02,
1.240778427124023438e+02,
1.224809570312500000e+02,
1.214653472900390625e+02,
1.249466018676757812e+02,
1.253678436279296875e+02,
1.274546127319335938e+02,
1.311817932128906250e+02,
1.351658325195312500e+02,
1.375287933349609375e+02,
1.411698760986328125e+02,
1.466296997070312500e+02,
1.526233825683593750e+02,
1.547526550292968750e+02,
1.561160888671875000e+02,
1.618778686523437500e+02,
1.667225036621093750e+02,
1.685233154296875000e+02,
1.694466247558593750e+02,
1.684927825927734375e+02,
1.667943420410156250e+02,
1.583783721923828125e+02,
1.510277404785156250e+02,
1.505540924072265625e+02,
1.589339141845703125e+02,
1.796538696289062500e+02,
2.089571990966796875e+02,
2.504838409423828125e+02,
2.852546386718750000e+02,
2.995725708007812500e+02,
2.885687255859375000e+02,
2.744779052734375000e+02,
2.477886657714843750e+02,
2.202026519775390625e+02,
2.028093719482421875e+02,
1.934675598144531250e+02,
1.899975585937500000e+02,
1.928479766845703125e+02,
1.944143524169921875e+02,
1.989767303466796875e+02,
2.021086120605468750e+02,
2.014040527343750000e+02,
1.989444885253906250e+02,
1.912526092529296875e+02,
1.820013580322265625e+02,
1.752615661621093750e+02,
1.716122894287109375e+02,
1.660990295410156250e+02,
1.664087219238281250e+02,
1.681590423583984375e+02,
1.653763885498046875e+02,
1.647550811767578125e+02,
1.612672119140625000e+02,
1.575750732421875000e+02,
1.613681945800781250e+02,
1.603834075927734375e+02,
1.615893402099609375e+02,
1.638357696533203125e+02,
1.610115966796875000e+02,
1.595011749267578125e+02,
1.547938842773437500e+02,
1.507789459228515625e+02,
1.509340362548828125e+02,
1.563624114990234375e+02,
1.603309783935546875e+02,
1.607498779296875000e+02,
1.570694122314453125e+02,
1.555935211181640625e+02,
1.523442230224609375e+02,
1.498766021728515625e+02,
1.549522705078125000e+02,
1.613570251464843750e+02,
1.655004425048828125e+02,
1.661051483154296875e+02,
1.673166503906250000e+02,
1.684937286376953125e+02,
1.684923553466796875e+02,
1.684695587158203125e+02,
1.708245391845703125e+02,
1.695845794677734375e+02,
1.648534240722656250e+02,
1.622386016845703125e+02,
1.590097808837890625e+02,
1.536605377197265625e+02,
1.507210540771484375e+02,
1.477054290771484375e+02,
1.417041015625000000e+02,
1.378583526611328125e+02,
1.354442596435546875e+02,
1.328090515136718750e+02,
1.311932983398437500e+02,
1.309868774414062500e+02,
1.297767791748046875e+02,
1.326199493408203125e+02,
1.310465087890625000e+02,
1.306597137451171875e+02,
1.272679138183593750e+02,
1.270291976928710938e+02,
1.256604080200195312e+02,
1.242911300659179688e+02,
1.238628845214843750e+02,
1.239207153320312500e+02,
1.264604492187500000e+02,
1.296223907470703125e+02,
1.337872467041015625e+02,
1.368483123779296875e+02,
2.816815795898437500e+02,
2.827174682617187500e+02,
2.695184936523437500e+02,
2.542434692382812500e+02,
2.301035614013671875e+02,
2.288840637207031250e+02,
2.224022827148437500e+02,
2.238274993896484375e+02,
2.197485961914062500e+02,
2.165190887451171875e+02,
2.075391387939453125e+02,
2.056295471191406250e+02,
2.080751190185546875e+02,
2.125851440429687500e+02,
2.111081085205078125e+02,
2.127626800537109375e+02,
2.207450714111328125e+02,
2.188201599121093750e+02,
2.255965728759765625e+02,
2.327199554443359375e+02,
2.351055450439453125e+02,
2.277505340576171875e+02,
2.235410156250000000e+02,
2.159279479980468750e+02,
2.027547912597656250e+02,
1.984265899658203125e+02,
1.986704711914062500e+02,
1.901898040771484375e+02,
1.867641906738281250e+02,
1.829377288818359375e+02,
1.834719390869140625e+02,
1.853625640869140625e+02,
1.889306640625000000e+02,
1.914281005859375000e+02,
1.954565887451171875e+02,
2.087768707275390625e+02,
2.487128601074218750e+02,
2.855655822753906250e+02,
3.150776977539062500e+02,
3.331663818359375000e+02,
3.363337097167968750e+02,
3.116201782226562500e+02,
2.914276123046875000e+02,
2.738068847656250000e+02,
2.612814025878906250e+02,
2.494039001464843750e+02,
2.387037048339843750e+02,
2.361416778564453125e+02,
2.408571166992187500e+02,
2.439356231689453125e+02,
2.501294860839843750e+02,
2.475179901123046875e+02,
2.455460357666015625e+02,
2.435389862060546875e+02,
2.381681365966796875e+02,
2.319325714111328125e+02,
2.335896911621093750e+02,
2.251223602294921875e+02,
2.260201873779296875e+02,
2.328737792968750000e+02,
2.377044525146484375e+02,
2.417804870605468750e+02,
2.453425292968750000e+02,
2.394631347656250000e+02,
2.362017211914062500e+02,
2.400814971923828125e+02,
2.406688079833984375e+02,
2.413572692871093750e+02,
2.416344909667968750e+02,
2.339267120361328125e+02,
2.237374420166015625e+02,
2.186497650146484375e+02,
2.137055358886718750e+02,
2.176078186035156250e+02,
2.206951141357421875e+02,
2.256168060302734375e+02,
2.221056976318359375e+02,
2.160975036621093750e+02,
2.074250488281250000e+02,
1.998728332519531250e+02,
1.928121185302734375e+02,
1.838064880371093750e+02,
1.798451690673828125e+02,
1.731035614013671875e+02,
1.683360595703125000e+02,
1.655768432617187500e+02,
1.631259918212890625e+02,
1.575461120605468750e+02,
1.580569305419921875e+02,
1.603305664062500000e+02,
1.659787902832031250e+02,
1.720753631591796875e+02,
1.740269012451171875e+02,
1.691039733886718750e+02,
1.675822906494140625e+02,
1.667940216064453125e+02,
1.674901580810546875e+02,
1.727808837890625000e+02,
1.769122161865234375e+02,
1.782513275146484375e+02,
1.783592071533203125e+02,
1.745019378662109375e+02,
1.723616638183593750e+02,
1.726846923828125000e+02,
1.703611907958984375e+02,
1.664563903808593750e+02,
1.730861511230468750e+02,
1.765459594726562500e+02,
1.781007995605468750e+02,
1.797225646972656250e+02,
1.818712615966796875e+02,
1.780200805664062500e+02,
1.766192321777343750e+02,
1.729319305419921875e+02,
1.718494567871093750e+02,
1.712316284179687500e+02,
1.789447326660156250e+02,
1.784783020019531250e+02,
1.795231323242187500e+02,
1.877232208251953125e+02,
1.941703643798828125e+02,
2.002921752929687500e+02,
2.017290649414062500e+02,
2.042653045654296875e+02,
1.975472412109375000e+02,
1.968260040283203125e+02,
1.975911102294921875e+02,
1.932690277099609375e+02,
1.864817047119140625e+02,
1.787559661865234375e+02,
1.704361877441406250e+02,
1.633163299560546875e+02,
1.550699768066406250e+02,
1.521537170410156250e+02,
1.536733093261718750e+02,
1.512521972656250000e+02,
1.521957092285156250e+02,
1.484357452392578125e+02,
1.469868774414062500e+02,
1.502494201660156250e+02,
1.542957000732421875e+02,
1.524095458984375000e+02,
1.582521820068359375e+02,
1.648453216552734375e+02,
1.769892578125000000e+02,
1.869547576904296875e+02,
1.979624633789062500e+02,
1.998515167236328125e+02,
1.994556579589843750e+02,
1.939277801513671875e+02,
2.054172210693359375e+02,
2.360121612548828125e+02,
2.718852233886718750e+02,
2.908471374511718750e+02,
3.072825927734375000e+02,
3.015714721679687500e+02,
2.768369750976562500e+02,
2.553142547607421875e+02,
2.410062255859375000e+02,
2.392459411621093750e+02,
2.324404296875000000e+02,
2.227807922363281250e+02,
2.125894012451171875e+02,
2.022431793212890625e+02,
1.996298370361328125e+02,
1.949469909667968750e+02,
1.926482238769531250e+02,
1.899372253417968750e+02,
1.935946044921875000e+02,
1.951184234619140625e+02,
1.926661224365234375e+02,
1.862365875244140625e+02,
1.922564392089843750e+02,
1.927189025878906250e+02,
1.892781066894531250e+02,
1.926257171630859375e+02,
2.008323059082031250e+02,
1.992643890380859375e+02,
1.980920867919921875e+02,
1.942691650390625000e+02,
1.851990203857421875e+02,
1.743552093505859375e+02,
1.649191894531250000e+02,
1.604891510009765625e+02,
1.569845886230468750e+02,
1.524093933105468750e+02,
1.502870941162109375e+02,
1.478754425048828125e+02,
1.446300506591796875e+02,
1.454573974609375000e+02,
1.495923004150390625e+02,
3.280520019531250000e+02,
3.185161132812500000e+02,
3.112098388671875000e+02,
2.936857604980468750e+02,
2.780263061523437500e+02,
2.661668701171875000e+02,
2.585033874511718750e+02,
2.647742309570312500e+02,
2.583198852539062500e+02,
2.614490356445312500e+02,
2.690604248046875000e+02,
2.684600830078125000e+02,
2.649125061035156250e+02,
2.652884521484375000e+02,
2.586872558593750000e+02,
2.509164581298828125e+02,
2.390872344970703125e+02,
2.309364166259765625e+02,
2.241118164062500000e+02,
2.204606323242187500e+02,
2.240799102783203125e+02,
2.251518402099609375e+02,
2.469044494628906250e+02,
3.007780761718750000e+02,
3.262246093750000000e+02,
3.431176452636718750e+02,
3.587571105957031250e+02,
3.456938781738281250e+02,
3.075090942382812500e+02,
2.941747436523437500e+02,
2.899354553222656250e+02,
2.791404113769531250e+02,
2.864226074218750000e+02,
2.878440551757812500e+02,
2.869977111816406250e+02,
2.869803161621093750e+02,
2.781673583984375000e+02,
2.714457092285156250e+02,
2.728811035156250000e+02,
2.731459655761718750e+02,
2.749241333007812500e+02,
2.775795288085937500e+02,
2.830578308105468750e+02,
2.808554687500000000e+02,
2.811334228515625000e+02,
2.743187255859375000e+02,
2.667861328125000000e+02,
2.639378967285156250e+02,
2.527372741699218750e+02,
2.486137847900390625e+02,
2.478445587158203125e+02,
2.429249572753906250e+02,
2.250219421386718750e+02,
2.145840911865234375e+02,
2.043759613037109375e+02,
1.938671417236328125e+02,
1.836808776855468750e+02,
1.841020202636718750e+02,
1.821862792968750000e+02,
1.899035949707031250e+02,
1.924416809082031250e+02,
1.955159606933593750e+02,
1.961101074218750000e+02,
2.000542449951171875e+02,
2.009523315429687500e+02,
2.010040740966796875e+02,
2.050749206542968750e+02,
2.035434417724609375e+02,
1.970023040771484375e+02,
1.978881530761718750e+02,
2.038324584960937500e+02,
2.080485839843750000e+02,
2.086757659912109375e+02,
2.142234802246093750e+02,
2.085136718750000000e+02,
2.103645172119140625e+02,
2.118039855957031250e+02,
2.148894805908203125e+02,
2.263061676025390625e+02,
2.411559448242187500e+02,
2.464468841552734375e+02,
2.464390258789062500e+02,
2.474527740478515625e+02,
2.418765106201171875e+02,
2.275123901367187500e+02,
2.139818878173828125e+02,
1.993190307617187500e+02,
1.851361999511718750e+02,
1.731644439697265625e+02,
1.734975585937500000e+02,
1.769013977050781250e+02,
1.710468444824218750e+02,
1.786669616699218750e+02,
1.840521392822265625e+02,
1.921953735351562500e+02,
2.055787506103515625e+02,
2.265009613037109375e+02,
2.358158569335937500e+02,
2.333474578857421875e+02,
2.647590332031250000e+02,
3.005481872558593750e+02,
3.160020446777343750e+02,
3.277061767578125000e+02,
3.405411071777343750e+02,
3.229705810546875000e+02,
2.892830810546875000e+02,
2.676781921386718750e+02,
2.559764251708984375e+02,
2.385820312500000000e+02,
2.329207000732421875e+02,
2.251536560058593750e+02,
2.267071685791015625e+02,
2.285611419677734375e+02,
2.237953948974609375e+02,
2.225850982666015625e+02,
2.263385620117187500e+02,
2.270945281982421875e+02,
2.275082244873046875e+02,
2.211062011718750000e+02,
2.128267211914062500e+02,
1.986882019042968750e+02,
1.869009552001953125e+02,
1.780233612060546875e+02,
1.702660980224609375e+02,
1.640441131591796875e+02,
1.630304718017578125e+02,
