2.471478271484375000e+02,
2.386404266357421875e+02,
2.318130798339843750e+02,
2.463157043457031250e+02,
2.705958251953125000e+02,
3.141360778808593750e+02,
3.527706604003906250e+02,
3.762728881835937500e+02,
3.728987426757812500e+02,
3.484292602539062500e+02,
3.186621704101562500e+02,
2.964067993164062500e+02,
2.775749206542968750e+02,
2.647588500976562500e+02,
2.602195739746093750e+02,
2.599512329101562500e+02,
2.568471374511718750e+02,
2.533462219238281250e+02,
2.532738647460937500e+02,
2.563026123046875000e+02,
2.604130554199218750e+02,
2.589183044433593750e+02,
2.537060699462890625e+02,
2.441828918457031250e+02,
2.352252960205078125e+02,
2.317418975830078125e+02,
2.291573028564453125e+02,
2.284780426025390625e+02,
2.243854675292968750e+02,
2.282609252929687500e+02,
2.297273864746093750e+02,
2.299468231201171875e+02,
2.301618499755859375e+02,
2.248679351806640625e+02,
2.226776123046875000e+02,
2.153347473144531250e+02,
2.090707092285156250e+02,
2.073193359375000000e+02,
2.081681976318359375e+02,
2.092944183349609375e+02,
2.120413970947265625e+02,
2.143430023193359375e+02,
2.181484832763671875e+02,
2.216155853271484375e+02,
2.303358001708984375e+02,
2.403644104003906250e+02,
2.523735351562500000e+02,
2.659892578125000000e+02,
2.735761718750000000e+02,
2.739758300781250000e+02,
2.710247497558593750e+02,
2.629493408203125000e+02,
2.472394409179687500e+02,
2.319446716308593750e+02,
2.225079803466796875e+02,
2.107331542968750000e+02,
2.065966491699218750e+02,
2.105862884521484375e+02,
2.142840423583984375e+02,
2.258159942626953125e+02,
2.374456176757812500e+02,
2.472612152099609375e+02,
2.521587066650390625e+02,
2.551556396484375000e+02,
2.572009887695312500e+02,
2.538448486328125000e+02,
2.500388183593750000e+02,
2.478806762695312500e+02,
2.480872650146484375e+02,
2.479078979492187500e+02,
2.442681732177734375e+02,
2.370028381347656250e+02,
2.337017517089843750e+02,
2.289685821533203125e+02,
2.206024169921875000e+02,
2.138567810058593750e+02,
2.098152770996093750e+02,
2.071391448974609375e+02,
2.086419372558593750e+02,
2.127180328369140625e+02,
2.126971435546875000e+02,
2.162962493896484375e+02,
2.169871673583984375e+02,
2.151441040039062500e+02,
2.125079498291015625e+02,
2.073289337158203125e+02,
2.053476715087890625e+02,
2.013780822753906250e+02,
1.988931884765625000e+02,
1.972015075683593750e+02,
1.957537689208984375e+02,
1.935377655029296875e+02,
1.952818756103515625e+02,
1.950581817626953125e+02,
1.982824249267578125e+02,
2.005022277832031250e+02,
2.065811614990234375e+02,
2.133715820312500000e+02,
2.154622192382812500e+02,
2.092120971679687500e+02,
2.026417388916015625e+02,
1.967917633056640625e+02,
1.903698425292968750e+02,
1.896759643554687500e+02,
1.894716644287109375e+02,
1.881218719482421875e+02,
1.879851989746093750e+02,
1.928338012695312500e+02,
1.965554962158203125e+02,
2.036884765625000000e+02,
2.052268371582031250e+02,
2.071623229980468750e+02,
2.102164459228515625e+02,
2.128544769287109375e+02,
2.129189910888671875e+02,
2.172576141357421875e+02,
2.145813293457031250e+02,
2.135544128417968750e+02,
2.175469818115234375e+02,
2.199377441406250000e+02,
2.209046173095703125e+02,
2.206437225341796875e+02,
2.207934875488281250e+02,
2.177785644531250000e+02,
2.127908325195312500e+02,
2.078296356201171875e+02,
2.034979858398437500e+02,
2.000380096435546875e+02,
1.953572235107421875e+02,
1.905583953857421875e+02,
1.878825836181640625e+02,
1.897854003906250000e+02,
1.950680999755859375e+02,
2.013282012939453125e+02,
2.060397491455078125e+02,
2.095146026611328125e+02,
2.146984252929687500e+02,
2.184724731445312500e+02,
2.256307373046875000e+02,
2.317158966064453125e+02,
2.312113189697265625e+02,
2.237258300781250000e+02,
2.155108337402343750e+02,
2.070106353759765625e+02,
2.003034057617187500e+02,
1.982208557128906250e+02,
1.991764221191406250e+02,
2.006917419433593750e+02,
2.032938842773437500e+02,
2.045908508300781250e+02,
2.089030456542968750e+02,
2.102396087646484375e+02,
2.122189941406250000e+02,
2.124641876220703125e+02,
2.110454254150390625e+02,
2.072224426269531250e+02,
2.026331024169921875e+02,
1.977779235839843750e+02,
1.955267944335937500e+02,
1.950548553466796875e+02,
2.018468933105468750e+02,
2.177368316650390625e+02,
2.320742645263671875e+02,
2.478188476562500000e+02,
2.611590881347656250e+02,
2.656528320312500000e+02,
2.676745910644531250e+02,
2.659314270019531250e+02,
2.672278747558593750e+02,
2.615195922851562500e+02,
2.542975616455078125e+02,
2.554934082031250000e+02,
2.565518493652343750e+02,
2.590584106445312500e+02,
2.641095275878906250e+02,
2.662328186035156250e+02,
2.676606445312500000e+02,
2.688167419433593750e+02,
2.664523925781250000e+02,
2.600325622558593750e+02,
2.497254638671875000e+02,
2.462214660644531250e+02,
2.469088592529296875e+02,
2.718774108886718750e+02,
3.122105102539062500e+02,
3.516659240722656250e+02,
3.942026367187500000e+02,
4.271328430175781250e+02,
4.417108459472656250e+02,
4.476119995117187500e+02,
4.443608093261718750e+02,
4.348688049316406250e+02,
4.199593505859375000e+02,
4.072605285644531250e+02,
3.902689819335937500e+02,
3.726896362304687500e+02,
3.505936889648437500e+02,
3.368663635253906250e+02,
3.201132812500000000e+02,
3.024046630859375000e+02,
2.869735107421875000e+02,
2.773398742675781250e+02,
2.613689880371093750e+02,
2.517850799560546875e+02,
2.446530609130859375e+02,
2.415269317626953125e+02,
2.387306976318359375e+02,
2.370664062500000000e+02,
2.341891174316406250e+02,
2.327699127197265625e+02,
2.302753448486328125e+02,
2.266243896484375000e+02,
2.202329711914062500e+02,
2.127693023681640625e+02,
2.067071838378906250e+02,
2.050262603759765625e+02,
2.104547119140625000e+02,
2.169317016601562500e+02,
2.277679901123046875e+02,
2.338264923095703125e+02,
2.442458953857421875e+02,
2.556962585449218750e+02,
2.661429748535156250e+02,
2.766829833984375000e+02,
2.871349792480468750e+02,
2.896083374023437500e+02,
2.881381530761718750e+02,
2.925641174316406250e+02,
2.906644592285156250e+02,
2.855776367187500000e+02,
2.843853759765625000e+02,
2.747063293457031250e+02,
2.679519958496093750e+02,
2.586221618652343750e+02,
2.446780853271484375e+02,
2.229022827148437500e+02,
2.075373229980468750e+02,
2.066279754638671875e+02,
2.078768615722656250e+02,
2.043367156982421875e+02,
1.971275634765625000e+02,
1.886434478759765625e+02,
1.809968109130859375e+02,
1.807922515869140625e+02,
1.877622680664062500e+02,
1.906418762207031250e+02,
1.901855163574218750e+02,
1.845803222656250000e+02,
1.745907440185546875e+02,
1.740449523925781250e+02,
1.770224456787109375e+02,
1.801567230224609375e+02,
1.808505249023437500e+02,
1.836801147460937500e+02,
1.860898284912109375e+02,
1.866884460449218750e+02,
1.850232696533203125e+02,
1.859745330810546875e+02,
1.827579650878906250e+02,
1.801845397949218750e+02,
1.793599243164062500e+02,
1.817703857421875000e+02,
1.880950622558593750e+02,
1.957449188232421875e+02,
2.041944274902343750e+02,
2.124152221679687500e+02,
2.132229919433593750e+02,
2.112234802246093750e+02,
2.060817108154296875e+02,
2.016675720214843750e+02,
1.984869537353515625e+02,
1.942000427246093750e+02,
1.880228118896484375e+02,
1.845235443115234375e+02,
1.846366271972656250e+02,
1.812411956787109375e+02,
1.773408660888671875e+02,
1.736323242187500000e+02,
1.741375427246093750e+02,
1.735686187744140625e+02,
1.724499664306640625e+02,
1.700904235839843750e+02,
1.697120819091796875e+02,
1.693108367919921875e+02,
1.708979034423828125e+02,
1.731294555664062500e+02,
1.772099609375000000e+02,
1.796306762695312500e+02,
1.787805633544921875e+02,
1.771470031738281250e+02,
1.744976196289062500e+02,
1.725321655273437500e+02,
1.721378631591796875e+02,
1.711914825439453125e+02,
1.687682952880859375e+02,
1.695082244873046875e+02,
1.702778472900390625e+02,
1.694736328125000000e+02,
1.707212524414062500e+02,
1.721335296630859375e+02,
1.737513732910156250e+02,
1.744402008056640625e+02,
1.771777801513671875e+02,
1.788913421630859375e+02,
1.789712829589843750e+02,
1.769427185058593750e+02,
1.748843383789062500e+02,
1.712170562744140625e+02,
1.687638244628906250e+02,
1.685886383056640625e+02,
1.685810852050781250e+02,
1.694846954345703125e+02,
1.680779876708984375e+02,
1.655516204833984375e+02,
1.629623870849609375e+02,
1.625228118896484375e+02,
1.625117797851562500e+02,
1.614780426025390625e+02,
1.604485626220703125e+02,
1.606133880615234375e+02,
1.626726837158203125e+02,
1.642319641113281250e+02,
1.636993560791015625e+02,
1.632930450439453125e+02,
1.621160736083984375e+02,
1.618439025878906250e+02,
1.606470947265625000e+02,
1.579964294433593750e+02,
1.570820922851562500e+02,
1.561367187500000000e+02,
1.544507598876953125e+02,
1.540593414306640625e+02,
1.530796966552734375e+02,
1.530655364990234375e+02,
1.520952301025390625e+02,
1.497292938232421875e+02,
1.487865905761718750e+02,
1.469906158447265625e+02,
1.443033294677734375e+02,
1.423598785400390625e+02,
1.416996002197265625e+02,
1.412295837402343750e+02,
1.422141571044921875e+02,
1.448719024658203125e+02,
1.480240783691406250e+02,
1.501269378662109375e+02,
1.520038604736328125e+02,
1.527690734863281250e+02,
1.535966186523437500e+02,
1.546862335205078125e+02,
1.537669525146484375e+02,
1.526489562988281250e+02,
1.518749542236328125e+02,
1.510342712402343750e+02,
1.506413574218750000e+02,
1.532469177246093750e+02,
1.573974761962890625e+02,
1.608660125732421875e+02,
1.635454559326171875e+02,
1.650604400634765625e+02,
1.651258850097656250e+02,
1.665727539062500000e+02,
1.691989440917968750e+02,
1.703755950927734375e+02,
1.709921569824218750e+02,
1.701867065429687500e+02,
1.681357727050781250e+02,
1.674623565673828125e+02,
1.652028656005859375e+02,
1.650196228027343750e+02,
1.650816345214843750e+02,
1.610043029785156250e+02,
1.570567626953125000e+02,
1.541407775878906250e+02,
1.526785736083984375e+02,
1.520959625244140625e+02,
1.550924987792968750e+02,
1.561994018554687500e+02,
1.553765716552734375e+02,
1.552489013671875000e+02,
1.559657135009765625e+02,
1.558798828125000000e+02,
1.530370330810546875e+02,
1.506842346191406250e+02,
1.482684783935546875e+02,
1.463915863037109375e+02,
1.458831787109375000e+02,
1.445339050292968750e+02,
1.438048248291015625e+02,
1.427925415039062500e+02,
1.408187255859375000e+02,
1.408978271484375000e+02,
1.408715057373046875e+02,
1.406647949218750000e+02,
1.416499176025390625e+02,
1.415212860107421875e+02,
1.413137054443359375e+02,
1.418393554687500000e+02,
1.434496002197265625e+02,
1.438024444580078125e+02,
1.448958892822265625e+02,
1.467117309570312500e+02,
1.487922668457031250e+02,
3.451222534179687500e+02,
3.936074523925781250e+02,
4.101054382324218750e+02,
4.117579956054687500e+02,
3.857596435546875000e+02,
3.494840087890625000e+02,
3.301432189941406250e+02,
3.148632507324218750e+02,
3.086731872558593750e+02,
2.966076660156250000e+02,
2.869083251953125000e+02,
2.805354309082031250e+02,
2.759820251464843750e+02,
2.799677429199218750e+02,
2.776533203125000000e+02,
2.759996948242187500e+02,
2.697426757812500000e+02,
2.602548828125000000e+02,
2.552967376708984375e+02,
2.570991516113281250e+02,
2.686484985351562500e+02,
2.883828735351562500e+02,
3.045790710449218750e+02,
3.103232421875000000e+02,
3.021430358886718750e+02,
2.815121154785156250e+02,
2.694306030273437500e+02,
2.668742065429687500e+02,
2.646979980468750000e+02,
2.731909790039062500e+02,
2.840223999023437500e+02,
2.931349487304687500e+02,
2.920460815429687500e+02,
2.869048767089843750e+02,
2.783669128417968750e+02,
2.681549987792968750e+02,
2.580638122558593750e+02,
2.503590850830078125e+02,
2.493788299560546875e+02,
2.485502319335937500e+02,
2.490843963623046875e+02,
2.464106750488281250e+02,
2.409637756347656250e+02,
2.325232238769531250e+02,
2.250062713623046875e+02,
2.258790893554687500e+02,
2.262378692626953125e+02,
2.284812927246093750e+02,
2.276355895996093750e+02,
2.254061889648437500e+02,
2.212017669677734375e+02,
2.185957489013671875e+02,
2.238244628906250000e+02,
2.284835968017578125e+02,
2.348824157714843750e+02,
2.450642852783203125e+02,
2.483177337646484375e+02,
2.526039886474609375e+02,
2.590548706054687500e+02,
2.564851379394531250e+02,
2.526823272705078125e+02,
2.466630249023437500e+02,
2.357707672119140625e+02,
2.282344818115234375e+02,
2.275495452880859375e+02,
2.287653656005859375e+02,
2.352637023925781250e+02,
2.494352874755859375e+02,
2.523002014160156250e+02,
2.482137603759765625e+02,
2.438701019287109375e+02,
2.398420715332031250e+02,
2.339827880859375000e+02,
2.375951385498046875e+02,
2.388944396972656250e+02,
2.427685089111328125e+02,
2.389522094726562500e+02,
2.376538848876953125e+02,
2.397968292236328125e+02,
2.539520263671875000e+02,
2.708552246093750000e+02,
2.868631896972656250e+02,
3.003622131347656250e+02,
3.028978881835937500e+02,
3.035482177734375000e+02,
3.042284240722656250e+02,
3.030343627929687500e+02,
3.036106872558593750e+02,
2.977207031250000000e+02,
3.028609924316406250e+02,
3.337537536621093750e+02,
3.668042602539062500e+02,
4.129434509277343750e+02,
4.516498718261718750e+02,
4.712402038574218750e+02,
4.566525573730468750e+02,
4.265361022949218750e+02,
3.960745849609375000e+02,
3.658858947753906250e+02,
3.307127075195312500e+02,
3.042594604492187500e+02,
2.848525085449218750e+02,
2.714107055664062500e+02,
2.633253173828125000e+02,
2.506964874267578125e+02,
2.462215576171875000e+02,
2.462536468505859375e+02,
2.497118377685546875e+02,
2.644991149902343750e+02,
2.879125671386718750e+02,
3.090255432128906250e+02,
3.216701049804687500e+02,
3.314281921386718750e+02,
3.280181274414062500e+02,
3.224306030273437500e+02,
3.068259582519531250e+02,
2.786405029296875000e+02,
2.544253082275390625e+02,
2.358775177001953125e+02,
2.230668640136718750e+02,
2.168424987792968750e+02,
2.133777770996093750e+02,
2.103974456787109375e+02,
2.056716461181640625e+02,
2.025623168945312500e+02,
2.089241333007812500e+02,
2.119368743896484375e+02,
2.098889770507812500e+02,
2.071099090576171875e+02,
2.090132446289062500e+02,
2.202807464599609375e+02,
2.265107727050781250e+02,
2.299858245849609375e+02,
2.316882171630859375e+02,
2.257107238769531250e+02,
2.141965942382812500e+02,
2.026156005859375000e+02,
1.978094024658203125e+02,
1.889884948730468750e+02,
1.865571441650390625e+02,
1.873927612304687500e+02,
1.915095367431640625e+02,
1.947060241699218750e+02,
1.943930511474609375e+02,
1.931522674560546875e+02,
1.884910888671875000e+02,
1.867228698730468750e+02,
1.864024963378906250e+02,
1.877897491455078125e+02,
1.917095947265625000e+02,
1.960052947998046875e+02,
1.953318176269531250e+02,
1.934656677246093750e+02,
1.878309783935546875e+02,
1.843667755126953125e+02,
1.805780029296875000e+02,
1.775553894042968750e+02,
1.741971435546875000e+02,
1.747234649658203125e+02,
1.744919891357421875e+02,
1.753992614746093750e+02,
1.715436859130859375e+02,
1.691727752685546875e+02,
1.676553039550781250e+02,
1.661924438476562500e+02,
1.645658416748046875e+02,
1.608459930419921875e+02,
1.564921112060546875e+02,
1.539235534667968750e+02,
1.522576904296875000e+02,
1.547967071533203125e+02,
1.581618347167968750e+02,
1.623869171142578125e+02,
1.628220062255859375e+02,
1.630264739990234375e+02,
1.631034698486328125e+02,
1.682132263183593750e+02,
1.742681579589843750e+02,
1.781488189697265625e+02,
1.823395996093750000e+02,
1.847383575439453125e+02,
1.844045257568359375e+02,
1.839929046630859375e+02,
1.815516662597656250e+02,
1.741123657226562500e+02,
1.684974517822265625e+02,
1.656041259765625000e+02,
1.644968719482421875e+02,
1.669440917968750000e+02,
1.640325012207031250e+02,
1.577200317382812500e+02,
1.535373687744140625e+02,
1.501633605957031250e+02,
1.476672821044921875e+02,
1.461457214355468750e+02,
1.440347595214843750e+02,
1.429964599609375000e+02,
1.453556976318359375e+02,
1.484487304687500000e+02,
1.549548797607421875e+02,
4.656605834960937500e+02,
4.278106994628906250e+02,
4.208688659667968750e+02,
4.256576538085937500e+02,
3.888763732910156250e+02,
3.587151489257812500e+02,
3.372092895507812500e+02,
3.350069885253906250e+02,
3.322080993652343750e+02,
3.298305053710937500e+02,
3.211500854492187500e+02,
3.191961364746093750e+02,
3.159465026855468750e+02,
3.360626220703125000e+02,
3.449575500488281250e+02,
3.425402526855468750e+02,
3.315797119140625000e+02,
3.272956542968750000e+02,
3.168207397460937500e+02,
3.173693542480468750e+02,
3.250772399902343750e+02,
3.226875000000000000e+02,
3.081945800781250000e+02,
2.983565368652343750e+02,
2.898064575195312500e+02,
2.834666137695312500e+02,
2.777809143066406250e+02,
2.753287048339843750e+02,
2.651729431152343750e+02,
2.559178161621093750e+02,
2.502081756591796875e+02,
2.476455078125000000e+02,
2.430300598144531250e+02,
2.501532897949218750e+02,
2.527381286621093750e+02,
2.627144775390625000e+02,
2.737410583496093750e+02,
2.860584106445312500e+02,
2.888478393554687500e+02,
2.852270812988281250e+02,
2.695483093261718750e+02,
2.670573425292968750e+02,
2.583100280761718750e+02,
2.654316711425781250e+02,
2.684801940917968750e+02,
2.721424255371093750e+02,
2.742125244140625000e+02,
2.756264038085937500e+02,
2.678278808593750000e+02,
2.686602172851562500e+02,
2.730724182128906250e+02,
2.857640991210937500e+02,
3.009275512695312500e+02,
3.109898376464843750e+02,
3.270702819824218750e+02,
3.418223876953125000e+02,
3.448367919921875000e+02,
3.379187927246093750e+02,
3.454509582519531250e+02,
3.826725463867187500e+02,
4.192462158203125000e+02,
4.502853393554687500e+02,
4.774400634765625000e+02,
4.726974182128906250e+02,
4.274028930664062500e+02,
3.836173706054687500e+02,
3.426183471679687500e+02,
3.117738647460937500e+02,
2.817526245117187500e+02,
2.760437927246093750e+02,
2.826716308593750000e+02,
2.963799133300781250e+02,
3.199888000488281250e+02,
3.440423583984375000e+02,
3.559456787109375000e+02,
3.508466491699218750e+02,
3.295730285644531250e+02,
2.954723815917968750e+02,
2.627696838378906250e+02,
2.446696014404296875e+02,
2.362987518310546875e+02,
2.285643005371093750e+02,
2.272226562500000000e+02,
2.299456329345703125e+02,
2.306636657714843750e+02,
2.354451599121093750e+02,
2.450560607910156250e+02,
2.469349060058593750e+02,
2.488687896728515625e+02,
2.399806671142578125e+02,
2.221503448486328125e+02,
2.069145812988281250e+02,
2.018263244628906250e+02,
2.036470947265625000e+02,
2.043611145019531250e+02,
2.038644409179687500e+02,
2.035892333984375000e+02,
2.005141906738281250e+02,
2.018092498779296875e+02,
2.076767120361328125e+02,
2.058092346191406250e+02,
2.050997467041015625e+02,
1.974176635742187500e+02,
1.896662445068359375e+02,
1.879746093750000000e+02,
1.860572204589843750e+02,
1.834064636230468750e+02,
1.802598724365234375e+02,
1.781917572021484375e+02,
1.736996765136718750e+02,
1.670037689208984375e+02,
1.643867797851562500e+02,
1.645855865478515625e+02,
1.652893829345703125e+02,
1.677891998291015625e+02,
1.683924102783203125e+02,
1.753058776855468750e+02,
1.828184204101562500e+02,
1.905984039306640625e+02,
1.934413146972656250e+02,
1.953637390136718750e+02,
1.947221069335937500e+02,
1.862056427001953125e+02,
1.806117095947265625e+02,
1.762614288330078125e+02,
1.701182861328125000e+02,
1.646112060546875000e+02,
1.587050476074218750e+02,
1.528314056396484375e+02,
1.487789764404296875e+02,
1.464990692138671875e+02,
1.540361328125000000e+02,
