2.753958435058593750e+02,
2.876776428222656250e+02,
2.771526184082031250e+02,
2.642960510253906250e+02,
2.133810119628906250e+02,
2.287043914794921875e+02,
1.951542205810546875e+02,
1.729828186035156250e+02,
1.642356872558593750e+02,
1.578831329345703125e+02,
1.559829406738281250e+02,
1.558171844482421875e+02,
1.512012176513671875e+02,
1.511517333984375000e+02,
1.558481597900390625e+02,
1.629130096435546875e+02,
1.683370666503906250e+02,
1.720131072998046875e+02,
1.759839324951171875e+02,
1.771793670654296875e+02,
1.773895263671875000e+02,
1.781110687255859375e+02,
1.763586730957031250e+02,
1.793552703857421875e+02,
1.844423980712890625e+02,
1.887910156250000000e+02,
1.919336242675781250e+02,
1.948553771972656250e+02,
1.914055328369140625e+02,
1.863601837158203125e+02,
1.853489837646484375e+02,
1.861502838134765625e+02,
1.847548980712890625e+02,
1.852623748779296875e+02,
1.838277435302734375e+02,
1.808504791259765625e+02,
1.762119598388671875e+02,
1.732507629394531250e+02,
1.732092590332031250e+02,
1.693709259033203125e+02,
1.679323883056640625e+02,
1.648243408203125000e+02,
1.608891906738281250e+02,
1.585386810302734375e+02,
1.575477905273437500e+02,
1.574373016357421875e+02,
1.601283264160156250e+02,
1.649754791259765625e+02,
1.769392242431640625e+02,
1.923218688964843750e+02,
2.038442993164062500e+02,
2.150885009765625000e+02,
2.170841674804687500e+02,
2.239645385742187500e+02,
2.167277069091796875e+02,
2.185474700927734375e+02,
2.187545166015625000e+02,
2.154516143798828125e+02,
2.117546844482421875e+02,
2.122777862548828125e+02,
2.131902618408203125e+02,
2.207774200439453125e+02,
2.290695648193359375e+02,
2.377282409667968750e+02,
2.472484436035156250e+02,
2.545823059082031250e+02,
2.611013488769531250e+02,
2.538980102539062500e+02,
2.446383361816406250e+02,
2.217574920654296875e+02,
2.013328552246093750e+02,
1.830524902343750000e+02,
1.693998565673828125e+02,
1.644778900146484375e+02,
1.620670318603515625e+02,
1.608108825683593750e+02,
1.597792663574218750e+02,
1.643387756347656250e+02,
1.631627349853515625e+02,
1.630074920654296875e+02,
1.661928558349609375e+02,
1.681199951171875000e+02,
1.663061523437500000e+02,
1.685120086669921875e+02,
1.691967926025390625e+02,
1.694154205322265625e+02,
1.723665924072265625e+02,
1.753984527587890625e+02,
1.741674194335937500e+02,
1.749913024902343750e+02,
1.738415069580078125e+02,
1.749779052734375000e+02,
1.719512634277343750e+02,
1.723995361328125000e+02,
1.721666259765625000e+02,
1.706704864501953125e+02,
1.721238708496093750e+02,
1.709722137451171875e+02,
1.713700408935546875e+02,
1.712104034423828125e+02,
1.724469146728515625e+02,
1.724249114990234375e+02,
1.703285217285156250e+02,
1.653194732666015625e+02,
1.615441894531250000e+02,
1.595926513671875000e+02,
1.581424865722656250e+02,
1.589378356933593750e+02,
1.573357086181640625e+02,
1.550961608886718750e+02,
1.519608459472656250e+02,
1.466097412109375000e+02,
1.451307525634765625e+02,
1.457589111328125000e+02,
1.504229125976562500e+02,
1.562933349609375000e+02,
1.582657470703125000e+02,
1.607621612548828125e+02,
1.647968292236328125e+02,
1.667727661132812500e+02,
1.653130950927734375e+02,
1.647397460937500000e+02,
1.619638519287109375e+02,
1.604089813232421875e+02,
1.600872344970703125e+02,
1.589577636718750000e+02,
1.611951293945312500e+02,
1.636933746337890625e+02,
1.657773590087890625e+02,
1.650372009277343750e+02,
1.637576293945312500e+02,
1.623582458496093750e+02,
1.588998870849609375e+02,
1.578975372314453125e+02,
1.591671295166015625e+02,
1.608421783447265625e+02,
1.613662719726562500e+02,
1.618134460449218750e+02,
1.596885375976562500e+02,
1.576657714843750000e+02,
1.546129150390625000e+02,
1.548173980712890625e+02,
1.560608215332031250e+02,
1.590974121093750000e+02,
1.621016540527343750e+02,
1.653762359619140625e+02,
1.639487762451171875e+02,
1.649561462402343750e+02,
1.631599121093750000e+02,
1.609021148681640625e+02,
1.591074523925781250e+02,
1.660054779052734375e+02,
2.577677001953125000e+02,
4.190653991699218750e+02,
6.176126708984375000e+02,
8.982326049804687500e+02,
1.170984741210937500e+03,
1.376265747070312500e+03,
1.445743408203125000e+03,
1.444416381835937500e+03,
1.426736572265625000e+03,
1.378468750000000000e+03,
1.295780151367187500e+03,
1.227988769531250000e+03,
1.177630126953125000e+03,
1.109454101562500000e+03,
1.009822326660156250e+03,
9.649880981445312500e+02,
8.944205322265625000e+02,
8.270469360351562500e+02,
7.918640136718750000e+02,
7.398795166015625000e+02,
7.068106689453125000e+02,
7.135902709960937500e+02,
7.224636840820312500e+02,
7.160594482421875000e+02,
7.050196533203125000e+02,
6.888532714843750000e+02,
6.532784423828125000e+02,
6.097116088867187500e+02,
5.973701171875000000e+02,
5.830608520507812500e+02,
5.640375366210937500e+02,
5.511024780273437500e+02,
5.399956665039062500e+02,
5.222755737304687500e+02,
5.370937500000000000e+02,
5.369348754882812500e+02,
5.320727539062500000e+02,
5.240029907226562500e+02,
5.117068176269531250e+02,
4.945986328125000000e+02,
4.688503723144531250e+02,
4.604769592285156250e+02,
4.419245605468750000e+02,
4.258870849609375000e+02,
4.395823974609375000e+02,
4.595331115722656250e+02,
4.632770080566406250e+02,
4.673721313476562500e+02,
4.887662658691406250e+02,
4.698923645019531250e+02,
4.583768005371093750e+02,
4.938272094726562500e+02,
5.278896484375000000e+02,
5.446059570312500000e+02,
5.706190185546875000e+02,
5.559963989257812500e+02,
5.444666137695312500e+02,
5.495319213867187500e+02,
5.415791625976562500e+02,
5.242001342773437500e+02,
5.009387512207031250e+02,
4.823725585937500000e+02,
4.462185974121093750e+02,
4.176143188476562500e+02,
3.887222900390625000e+02,
3.785779418945312500e+02,
3.915538330078125000e+02,
4.563645324707031250e+02,
5.134547729492187500e+02,
5.503327636718750000e+02,
5.764405517578125000e+02,
5.910499267578125000e+02,
5.893820190429687500e+02,
5.850428466796875000e+02,
5.792133789062500000e+02,
5.828523559570312500e+02,
5.717053833007812500e+02,
5.389110717773437500e+02,
5.180664672851562500e+02,
5.054780883789062500e+02,
4.895918884277343750e+02,
4.924738159179687500e+02,
4.919722900390625000e+02,
4.877528686523437500e+02,
4.796456909179687500e+02,
4.686093139648437500e+02,
4.579054260253906250e+02,
4.394162902832031250e+02,
4.405036010742187500e+02,
4.353397521972656250e+02,
4.319106750488281250e+02,
4.245727539062500000e+02,
4.235404663085937500e+02,
4.192297973632812500e+02,
4.137527465820312500e+02,
4.182899780273437500e+02,
4.170676269531250000e+02,
4.139165954589843750e+02,
4.077250366210937500e+02,
4.103252563476562500e+02,
4.000344848632812500e+02,
3.897348632812500000e+02,
3.779830932617187500e+02,
3.720278320312500000e+02,
3.677146301269531250e+02,
3.679073486328125000e+02,
3.709032287597656250e+02,
3.745747680664062500e+02,
3.786879882812500000e+02,
3.856991882324218750e+02,
3.891925659179687500e+02,
3.938375854492187500e+02,
3.893825073242187500e+02,
3.862111206054687500e+02,
3.699849243164062500e+02,
3.518762207031250000e+02,
3.524047546386718750e+02,
3.541129150390625000e+02,
3.496915283203125000e+02,
3.450238647460937500e+02,
3.374327697753906250e+02,
3.344325256347656250e+02,
3.280637207031250000e+02,
3.251026611328125000e+02,
3.286733703613281250e+02,
3.352477111816406250e+02,
3.342543029785156250e+02,
3.291681518554687500e+02,
3.202047424316406250e+02,
3.170330810546875000e+02,
3.149311218261718750e+02,
3.090576477050781250e+02,
3.056005859375000000e+02,
2.994768066406250000e+02,
2.989918823242187500e+02,
2.972554626464843750e+02,
3.003276672363281250e+02,
3.111696472167968750e+02,
3.203374328613281250e+02,
3.203780517578125000e+02,
3.101458435058593750e+02,
2.949180603027343750e+02,
2.800735778808593750e+02,
2.617139587402343750e+02,
2.447670745849609375e+02,
2.354367523193359375e+02,
2.224109039306640625e+02,
2.154745788574218750e+02,
2.060124206542968750e+02,
2.087990417480468750e+02,
2.128849639892578125e+02,
2.148259124755859375e+02,
2.111521759033203125e+02,
2.064825134277343750e+02,
2.005130004882812500e+02,
1.952143249511718750e+02,
1.915117492675781250e+02,
1.879043121337890625e+02,
1.859423065185546875e+02,
1.862998657226562500e+02,
1.863460235595703125e+02,
1.862964324951171875e+02,
1.877906646728515625e+02,
1.892624511718750000e+02,
1.904515075683593750e+02,
1.933513641357421875e+02,
1.925937805175781250e+02,
1.924880523681640625e+02,
1.936686248779296875e+02,
1.958580322265625000e+02,
1.937176971435546875e+02,
1.926640472412109375e+02,
1.872714538574218750e+02,
1.838376617431640625e+02,
1.800394287109375000e+02,
1.797067565917968750e+02,
1.777542572021484375e+02,
1.736925659179687500e+02,
1.722706298828125000e+02,
1.692654418945312500e+02,
1.699937133789062500e+02,
1.721985168457031250e+02,
1.767547149658203125e+02,
1.784989929199218750e+02,
1.810807647705078125e+02,
1.794777679443359375e+02,
1.805505828857421875e+02,
1.769266815185546875e+02,
1.729454498291015625e+02,
1.691865539550781250e+02,
1.686936950683593750e+02,
1.673622436523437500e+02,
1.702196807861328125e+02,
1.721766052246093750e+02,
1.793378601074218750e+02,
1.892744750976562500e+02,
1.920583648681640625e+02,
1.904397583007812500e+02,
1.886496276855468750e+02,
1.876671600341796875e+02,
1.860032958984375000e+02,
1.842842712402343750e+02,
1.815424346923828125e+02,
1.855945434570312500e+02,
1.930424804687500000e+02,
2.090491027832031250e+02,
2.142525329589843750e+02,
2.249421081542968750e+02,
2.309664154052734375e+02,
2.274157867431640625e+02,
2.130810546875000000e+02,
2.093722686767578125e+02,
2.046021423339843750e+02,
1.980662689208984375e+02,
1.957090148925781250e+02,
1.921452941894531250e+02,
1.891978149414062500e+02,
1.880417938232421875e+02,
1.891080780029296875e+02,
2.011255340576171875e+02,
2.104079742431640625e+02,
2.165578155517578125e+02,
2.200707702636718750e+02,
2.240018310546875000e+02,
2.178206481933593750e+02,
2.123454742431640625e+02,
2.070025482177734375e+02,
1.970659637451171875e+02,
1.885359649658203125e+02,
1.823083038330078125e+02,
1.787485961914062500e+02,
1.777720642089843750e+02,
1.806215209960937500e+02,
1.818881988525390625e+02,
1.871939544677734375e+02,
1.894445190429687500e+02,
1.970466308593750000e+02,
1.944714813232421875e+02,
1.972884368896484375e+02,
1.981578521728515625e+02,
2.021286621093750000e+02,
1.981516723632812500e+02,
2.017305755615234375e+02,
2.021910400390625000e+02,
2.035507812500000000e+02,
2.026150817871093750e+02,
1.991926574707031250e+02,
1.959981994628906250e+02,
1.959323730468750000e+02,
1.891569824218750000e+02,
1.822981414794921875e+02,
1.781811676025390625e+02,
1.763876037597656250e+02,
1.741221313476562500e+02,
1.727264556884765625e+02,
1.713316345214843750e+02,
1.738207702636718750e+02,
1.732827911376953125e+02,
1.705202026367187500e+02,
1.621021881103515625e+02,
1.630429229736328125e+02,
1.636488952636718750e+02,
1.653914337158203125e+02,
1.671635589599609375e+02,
1.706080780029296875e+02,
1.729498138427734375e+02,
1.720097808837890625e+02,
1.695281524658203125e+02,
1.639147338867187500e+02,
1.621293640136718750e+02,
1.555306854248046875e+02,
1.522959289550781250e+02,
1.513350830078125000e+02,
1.505664825439453125e+02,
1.478827972412109375e+02,
1.478727874755859375e+02,
1.459772186279296875e+02,
1.452983093261718750e+02,
1.447143096923828125e+02,
1.450637969970703125e+02,
1.459261932373046875e+02,
1.479970397949218750e+02,
1.502595062255859375e+02,
1.530804901123046875e+02,
1.565727996826171875e+02,
1.577286987304687500e+02,
1.587160797119140625e+02,
1.603469085693359375e+02,
1.618176574707031250e+02,
1.627683868408203125e+02,
1.648704376220703125e+02,
1.660758514404296875e+02,
1.704643096923828125e+02,
1.742459106445312500e+02,
1.808690490722656250e+02,
1.853663177490234375e+02,
1.823964080810546875e+02,
1.796804809570312500e+02,
1.781583099365234375e+02,
1.717777404785156250e+02,
1.705034790039062500e+02,
1.708023681640625000e+02,
1.696820526123046875e+02,
1.683922424316406250e+02,
1.718907318115234375e+02,
1.748413696289062500e+02,
1.784540710449218750e+02,
1.829041595458984375e+02,
1.870791778564453125e+02,
1.874029541015625000e+02,
1.889261322021484375e+02,
1.926688995361328125e+02,
1.972644500732421875e+02,
1.997523651123046875e+02,
2.048449859619140625e+02,
2.048667907714843750e+02,
2.017702941894531250e+02,
1.953585662841796875e+02,
1.907041015625000000e+02,
1.903079986572265625e+02,
1.882972259521484375e+02,
1.899801177978515625e+02,
1.915829772949218750e+02,
1.969300079345703125e+02,
1.970177001953125000e+02,
2.003389587402343750e+02,
2.024230346679687500e+02,
2.030070343017578125e+02,
2.009697570800781250e+02,
1.972756347656250000e+02,
1.938678741455078125e+02,
1.965108642578125000e+02,
2.023365478515625000e+02,
2.125161285400390625e+02,
2.233610534667968750e+02,
2.331623687744140625e+02,
2.323766784667968750e+02,
2.313605346679687500e+02,
2.260702819824218750e+02,
2.212546386718750000e+02,
2.173670196533203125e+02,
2.100681610107421875e+02,
2.103482208251953125e+02,
2.156512908935546875e+02,
2.139380035400390625e+02,
2.097280883789062500e+02,
2.059286041259765625e+02,
2.056957702636718750e+02,
1.957381439208984375e+02,
1.878567047119140625e+02,
1.824855194091796875e+02,
1.767618408203125000e+02,
1.742017364501953125e+02,
1.730694732666015625e+02,
1.741313018798828125e+02,
1.723833618164062500e+02,
1.679148101806640625e+02,
1.635185089111328125e+02,
1.610348205566406250e+02,
1.622098083496093750e+02,
1.628407440185546875e+02,
1.674924926757812500e+02,
1.700117645263671875e+02,
1.717973175048828125e+02,
1.724048004150390625e+02,
1.721324462890625000e+02,
1.710121612548828125e+02,
1.717005157470703125e+02,
1.699445190429687500e+02,
1.680556793212890625e+02,
1.655889739990234375e+02,
1.629179534912109375e+02,
1.627707519531250000e+02,
1.618764190673828125e+02,
1.637914428710937500e+02,
1.656024627685546875e+02,
1.648686828613281250e+02,
1.644371948242187500e+02,
1.657777862548828125e+02,
1.657761383056640625e+02,
1.645276947021484375e+02,
1.647342376708984375e+02,
1.644055328369140625e+02,
1.634552307128906250e+02,
1.630592498779296875e+02,
1.659722900390625000e+02,
1.698815765380859375e+02,
1.692299041748046875e+02,
1.726595306396484375e+02,
1.742566375732421875e+02,
1.769118041992187500e+02,
1.773506469726562500e+02,
1.784786834716796875e+02,
1.830415039062500000e+02,
1.846831970214843750e+02,
1.830430145263671875e+02,
1.788981933593750000e+02,
1.750373535156250000e+02,
1.678360595703125000e+02,
1.592446289062500000e+02,
1.599998779296875000e+02,
1.585729675292968750e+02,
1.569189147949218750e+02,
1.571030273437500000e+02,
1.565677642822265625e+02,
1.548790740966796875e+02,
1.532078552246093750e+02,
1.539765014648437500e+02,
1.564462127685546875e+02,
1.593732299804687500e+02,
1.629452362060546875e+02,
1.634056701660156250e+02,
1.619364013671875000e+02,
1.603631896972656250e+02,
1.576683959960937500e+02,
1.573148345947265625e+02,
1.577837219238281250e+02,
1.552386932373046875e+02,
1.544810943603515625e+02,
1.532169189453125000e+02,
1.512990722656250000e+02,
1.486508331298828125e+02,
1.475789337158203125e+02,
1.448544616699218750e+02,
1.445123748779296875e+02,
1.440379180908203125e+02,
1.415983123779296875e+02,
1.393662567138671875e+02,
1.390822601318359375e+02,
1.370456085205078125e+02,
1.369369812011718750e+02,
1.373543090820312500e+02,
1.388078002929687500e+02,
1.393633880615234375e+02,
1.393896484375000000e+02,
1.380911712646484375e+02,
1.358618774414062500e+02,
1.344075012207031250e+02,
1.323712768554687500e+02,
1.307761383056640625e+02,
1.296085205078125000e+02,
1.284191436767578125e+02,
1.283450317382812500e+02,
1.283899841308593750e+02,
1.285215606689453125e+02,
1.274477005004882812e+02,
1.281122436523437500e+02,
1.279100570678710938e+02,
1.267739334106445312e+02,
1.249421005249023438e+02,
1.251719360351562500e+02,
1.246599349975585938e+02,
1.236226577758789062e+02,
1.214900970458984375e+02,
1.207286071777343750e+02,
1.208210220336914062e+02,
1.203601455688476562e+02,
1.203426284790039062e+02,
1.214971313476562500e+02,
1.216044158935546875e+02,
1.201899490356445312e+02,
1.214751815795898438e+02,
1.221964874267578125e+02,
1.210742340087890625e+02,
1.207848205566406250e+02,
1.227207565307617188e+02,
1.226442642211914062e+02,
1.242340774536132812e+02,
1.250234069824218750e+02,
1.256149215698242188e+02,
1.257733612060546875e+02,
1.279106979370117188e+02,
1.270994338989257812e+02,
1.252331085205078125e+02,
1.237226791381835938e+02,
1.215462112426757812e+02,
1.207762985229492188e+02,
1.195832748413085938e+02,
1.205262145996093750e+02,
1.225509567260742188e+02,
1.255271759033203125e+02,
1.297969360351562500e+02,
1.345976867675781250e+02,
1.392201232910156250e+02,
1.450099792480468750e+02,
1.497525939941406250e+02,
1.508112487792968750e+02,
1.496629333496093750e+02,
1.486074371337890625e+02,
1.456174163818359375e+02,
1.419439697265625000e+02,
1.410061187744140625e+02,
1.379565887451171875e+02,
1.348153228759765625e+02,
1.298362884521484375e+02,
1.265016784667968750e+02,
1.217952041625976562e+02,
1.181892318725585938e+02,
1.172328109741210938e+02,
1.163799896240234375e+02,
1.155877990722656250e+02,
1.153083114624023438e+02,
1.144358520507812500e+02,
1.152992172241210938e+02,
1.179784851074218750e+02,
1.188509292602539062e+02,
1.213342819213867188e+02,
1.251208267211914062e+02,
1.299575805664062500e+02,
1.333363494873046875e+02,
1.383942413330078125e+02,
1.397171630859375000e+02,
1.393641204833984375e+02,
1.397059478759765625e+02,
1.408049316406250000e+02,
1.415857849121093750e+02,
1.436358337402343750e+02,
1.432522277832031250e+02,
1.449866638183593750e+02,
1.415430297851562500e+02,
1.355146942138671875e+02,
1.330608978271484375e+02,
1.308672790527343750e+02,
1.276539306640625000e+02,
1.251921005249023438e+02,
1.250205154418945312e+02,
1.246651763916015625e+02,
1.271346893310546875e+02,
1.288642120361328125e+02,
1.311104125976562500e+02,
1.314214324951171875e+02,
1.306563110351562500e+02,
1.295966796875000000e+02,
1.287361907958984375e+02,
1.283528747558593750e+02,
1.262036666870117188e+02,
1.245506744384765625e+02,
1.224316711425781250e+02,
1.203330230712890625e+02,
1.192496566772460938e+02,
1.184174957275390625e+02,
1.170319824218750000e+02,
1.162610015869140625e+02,
1.147549438476562500e+02,
1.140529098510742188e+02,
1.135086669921875000e+02,
1.139355468750000000e+02,
1.140570983886718750e+02,
1.145448379516601562e+02,
1.146897277832031250e+02,
1.143422622680664062e+02,
1.148799057006835938e+02,
1.156275634765625000e+02,
1.157272872924804688e+02,
1.162488555908203125e+02,
1.157543106079101562e+02,
1.155566864013671875e+02,
1.158925170898437500e+02,
1.158780212402343750e+02,
1.154761199951171875e+02,
1.150477447509765625e+02,
1.139582901000976562e+02,
1.127428894042968750e+02,
1.128352890014648438e+02,
1.131216964721679688e+02,
1.148162231445312500e+02,
1.179627685546875000e+02,
1.220923004150390625e+02,
1.262578659057617188e+02,
1.311932830810546875e+02,
1.347518920898437500e+02,
1.375615692138671875e+02,
1.395682983398437500e+02,
1.420507354736328125e+02,
1.431446380615234375e+02,
1.456143493652343750e+02,
1.470243835449218750e+02,
1.488311614990234375e+02,
1.500427551269531250e+02,
1.509613647460937500e+02,
1.522435760498046875e+02,
1.534113159179687500e+02,
1.551607360839843750e+02,
1.541862335205078125e+02,
1.523086242675781250e+02,
1.502108306884765625e+02,
1.505422058105468750e+02,
1.523295135498046875e+02,
1.558078613281250000e+02,
1.576069641113281250e+02,
1.572116241455078125e+02,
1.568199005126953125e+02,
1.560408782958984375e+02,
1.556214752197265625e+02,
1.550713043212890625e+02,
1.542143859863281250e+02,
1.550908813476562500e+02,
1.524017181396484375e+02,
1.509255981445312500e+02,
3.132578125000000000e+02,
3.124752502441406250e+02,
2.558752136230468750e+02,
2.258175506591796875e+02,
1.732886657714843750e+02,
1.737916870117187500e+02,
1.774611053466796875e+02,
1.855509796142578125e+02,
1.934406890869140625e+02,
1.998004455566406250e+02,
2.109611816406250000e+02,
2.145765991210937500e+02,
2.075632324218750000e+02,
2.111610717773437500e+02,
2.114191284179687500e+02,
2.038460540771484375e+02,
2.013433837890625000e+02,
1.966882019042968750e+02,
1.886618194580078125e+02,
1.845697479248046875e+02,
1.805495452880859375e+02,
1.809380950927734375e+02,
1.969040222167968750e+02,
2.137212829589843750e+02,
2.248672943115234375e+02,
2.465525512695312500e+02,
2.609058227539062500e+02,
2.580067749023437500e+02,
2.595218200683593750e+02,
2.687187500000000000e+02,
2.908038330078125000e+02,
2.930466918945312500e+02,
2.894397277832031250e+02,
2.661473693847656250e+02,
2.423446960449218750e+02,
2.079301300048828125e+02,
1.846286163330078125e+02,
1.801989288330078125e+02,
1.829792633056640625e+02,
1.828449401855468750e+02,
1.883478698730468750e+02,
1.890424652099609375e+02,
1.941003723144531250e+02,
1.962635192871093750e+02,
1.945142822265625000e+02,
1.915194702148437500e+02,
1.936190490722656250e+02,
1.919965972900390625e+02,
1.911594390869140625e+02,
1.890246429443359375e+02,
1.846737213134765625e+02,
1.805532073974609375e+02,
1.766938171386718750e+02,
1.676768188476562500e+02,
1.641825714111328125e+02,
1.678077545166015625e+02,
1.661423797607421875e+02,
1.720282135009765625e+02,
1.745863952636718750e+02,
1.775441589355468750e+02,
1.767640686035156250e+02,
1.744382171630859375e+02,
1.722583618164062500e+02,
1.727901458740234375e+02,
1.749810943603515625e+02,
1.745910949707031250e+02,
1.756448516845703125e+02,
1.729541320800781250e+02,
1.712050018310546875e+02,
1.720785522460937500e+02,
1.741489410400390625e+02,
1.740651702880859375e+02,
1.747979583740234375e+02,
1.762332000732421875e+02,
3.405295104980468750e+02,
7.378359985351562500e+02,
1.214980102539062500e+03,
1.548502685546875000e+03,
1.964082885742187500e+03,
2.191692626953125000e+03,
2.189036376953125000e+03,
2.068980712890625000e+03,
1.892035400390625000e+03,
1.593223388671875000e+03,
1.351578979492187500e+03,
1.240739257812500000e+03,
1.071286499023437500e+03,
9.909837646484375000e+02,
9.284450073242187500e+02,
8.672551879882812500e+02,
7.758942260742187500e+02,
7.090121459960937500e+02,
6.817048950195312500e+02,
6.681542358398437500e+02,
6.339234008789062500e+02,
5.948432617187500000e+02,
5.836785278320312500e+02,
5.595706176757812500e+02,
5.506674194335937500e+02,
5.575855102539062500e+02,
6.028305053710937500e+02,
5.965658569335937500e+02,
6.144591064453125000e+02,
6.290373535156250000e+02,
5.920128173828125000e+02,
5.474244995117187500e+02,
5.256343383789062500e+02,
5.377692260742187500e+02,
5.846699829101562500e+02,
6.204689941406250000e+02,
6.704408569335937500e+02,
7.053925781250000000e+02,
6.946135253906250000e+02,
6.771552734375000000e+02,
6.633037109375000000e+02,
6.120170288085937500e+02,
5.972397460937500000e+02,
5.682292480468750000e+02,
5.605311889648437500e+02,
5.335808715820312500e+02,
5.302236938476562500e+02,
5.157647094726562500e+02,
5.081415405273437500e+02,
4.989857177734375000e+02,
4.946236267089843750e+02,
4.786653137207031250e+02,
4.644152526855468750e+02,
4.577398071289062500e+02,
4.535704040527343750e+02,
4.580619506835937500e+02,
4.634620361328125000e+02,
4.525734558105468750e+02,
4.327516479492187500e+02,
4.253002014160156250e+02,
4.108190917968750000e+02,
3.957254943847656250e+02,
3.944579467773437500e+02,
3.903028259277343750e+02,
3.809107360839843750e+02,
3.803871459960937500e+02,
3.714654235839843750e+02,
3.636036376953125000e+02,
3.619760131835937500e+02,
3.681784362792968750e+02,
3.586890563964843750e+02,
3.437540588378906250e+02,
3.223848571777343750e+02,
2.960297851562500000e+02,
2.639857788085937500e+02,
2.512732086181640625e+02,
2.384650878906250000e+02,
2.338203125000000000e+02,
2.257258453369140625e+02,
2.183913421630859375e+02,
2.092768859863281250e+02,
2.085706481933593750e+02,
2.070880126953125000e+02,
2.052996063232421875e+02,
2.096201324462890625e+02,
2.090228576660156250e+02,
2.046319732666015625e+02,
2.050849151611328125e+02,
2.000619201660156250e+02,
1.907856750488281250e+02,
1.876759796142578125e+02,
1.903262786865234375e+02,
1.907234344482421875e+02,
1.830443267822265625e+02,
1.826587829589843750e+02,
1.820387115478515625e+02,
1.786705627441406250e+02,
1.806736602783203125e+02,
1.902596588134765625e+02,
1.930427551269531250e+02,
1.945729217529296875e+02,
1.994566955566406250e+02,
2.038782653808593750e+02,
2.126214141845703125e+02,
2.189201965332031250e+02,
2.227063903808593750e+02,
2.246622009277343750e+02,
2.184714813232421875e+02,
2.131542968750000000e+02,
2.099757537841796875e+02,
2.103636016845703125e+02,
2.129530487060546875e+02,
2.208495635986328125e+02,
2.197747039794921875e+02,
2.122763366699218750e+02,
2.079837951660156250e+02,
2.013224029541015625e+02,
1.993732910156250000e+02,
2.094188842773437500e+02,
2.161892852783203125e+02,
2.247679290771484375e+02,
2.245099029541015625e+02,
2.261564636230468750e+02,
2.232344665527343750e+02,
2.201429901123046875e+02,
2.112946929931640625e+02,
2.039591369628906250e+02,
1.946018676757812500e+02,
1.949007873535156250e+02,
1.911814117431640625e+02,
1.869599151611328125e+02,
1.826662902832031250e+02,
1.793631744384765625e+02,
1.800116577148437500e+02,
1.801781616210937500e+02,
1.748328704833984375e+02,
1.667686157226562500e+02,
1.609726104736328125e+02,
1.571417083740234375e+02,
1.541142883300781250e+02,
1.530983276367187500e+02,
1.567418365478515625e+02,
1.613306427001953125e+02,
1.662232360839843750e+02,
1.703335418701171875e+02,
1.787193298339843750e+02,
1.855897369384765625e+02,
1.965261535644531250e+02,
1.967442016601562500e+02,
2.021231842041015625e+02,
1.969408721923828125e+02,
1.925573577880859375e+02,
1.979703979492187500e+02,
2.037029418945312500e+02,
2.080869598388671875e+02,
2.165006713867187500e+02,
2.306151733398437500e+02,
2.369421997070312500e+02,
2.360641784667968750e+02,
2.328340606689453125e+02,
2.331507568359375000e+02,
2.330517120361328125e+02,
2.270302734375000000e+02,
2.288766021728515625e+02,
2.310481567382812500e+02,
2.298980712890625000e+02,
2.361181182861328125e+02,
2.486669616699218750e+02,
2.553456268310546875e+02,
2.651686401367187500e+02,
2.712204895019531250e+02,
2.723955688476562500e+02,
2.631007080078125000e+02,
2.508084869384765625e+02,
2.352212829589843750e+02,
2.243752288818359375e+02,
2.128662872314453125e+02,
2.038044891357421875e+02,
1.966947174072265625e+02,
1.909166107177734375e+02,
1.904153289794921875e+02,
1.900680694580078125e+02,
1.897878265380859375e+02,
1.937644348144531250e+02,
1.932728729248046875e+02,
1.912663574218750000e+02,
1.906405792236328125e+02,
1.887169494628906250e+02,
1.833479614257812500e+02,
1.847563476562500000e+02,
1.850550231933593750e+02,
1.825731506347656250e+02,
1.836717834472656250e+02,
1.881715087890625000e+02,
1.923673400878906250e+02,
1.960923461914062500e+02,
2.005510711669921875e+02,
2.034252777099609375e+02,
2.018201141357421875e+02,
1.937772674560546875e+02,
1.860293731689453125e+02,
1.769309997558593750e+02,
1.712034149169921875e+02,
1.676013031005859375e+02,
1.718683013916015625e+02,
1.722335205078125000e+02,
1.729301757812500000e+02,
1.759769287109375000e+02,
1.773206329345703125e+02,
1.718791503906250000e+02,
1.648461914062500000e+02,
1.625752716064453125e+02,
1.606209411621093750e+02,
1.547852172851562500e+02,
1.496444396972656250e+02,
1.478749847412109375e+02,
1.460068359375000000e+02,
1.434246063232421875e+02,
1.435240478515625000e+02,
1.422821502685546875e+02,
1.390351257324218750e+02,
1.341919250488281250e+02,
1.314720306396484375e+02,
1.301251525878906250e+02,
1.283600921630859375e+02,
1.279194488525390625e+02,
1.275692901611328125e+02,
1.264966354370117188e+02,
1.236945648193359375e+02,
1.226139984130859375e+02,
1.235982360839843750e+02,
1.249328155517578125e+02,
1.266494140625000000e+02,
1.282722625732421875e+02,
1.287288818359375000e+02,
1.307786102294921875e+02,
1.333072357177734375e+02,
1.307811279296875000e+02,
1.284044494628906250e+02,
1.272882385253906250e+02,
1.311675415039062500e+02,
1.379423370361328125e+02,
1.465960388183593750e+02,
1.502187805175781250e+02,
1.553750762939453125e+02,
1.571201171875000000e+02,
1.525965728759765625e+02,
1.437277374267578125e+02,
1.361253814697265625e+02,
1.296878814697265625e+02,
1.228388900756835938e+02,
1.187976684570312500e+02,
1.187912979125976562e+02,
1.223543090820312500e+02,
1.303626098632812500e+02,
1.383338775634765625e+02,
1.442947845458984375e+02,
1.518048095703125000e+02,
1.540064544677734375e+02,
1.530581054687500000e+02,
1.487044067382812500e+02,
1.470246887207031250e+02,
1.392553710937500000e+02,
1.350475921630859375e+02,
1.338360290527343750e+02,
1.345304107666015625e+02,
1.349885711669921875e+02,
1.341719818115234375e+02,
1.320808410644531250e+02,
1.266558609008789062e+02,
1.235270690917968750e+02,
1.198788146972656250e+02,
1.176966247558593750e+02,
1.164698562622070312e+02,
1.154845428466796875e+02,
1.156880416870117188e+02,
1.163170394897460938e+02,
1.169892349243164062e+02,
1.170058517456054688e+02,
1.170170288085937500e+02,
1.164281692504882812e+02,
1.159757232666015625e+02,
1.160250701904296875e+02,
1.182717056274414062e+02,
1.245283050537109375e+02,
1.297103729248046875e+02,
1.359783020019531250e+02,
1.426825103759765625e+02,
1.483893737792968750e+02,
1.527130126953125000e+02,
1.563867492675781250e+02,
1.585178070068359375e+02,
1.576750335693359375e+02,
1.620300445556640625e+02,
1.624794006347656250e+02,
1.628813018798828125e+02,
1.646621398925781250e+02,
1.668019561767578125e+02,
1.654826354980468750e+02,
1.630469360351562500e+02,
3.338011779785156250e+02,
3.123827514648437500e+02,
2.975423583984375000e+02,
2.482226257324218750e+02,
2.069858551025390625e+02,
2.226853942871093750e+02,
2.322318878173828125e+02,
2.313605651855468750e+02,
2.270193176269531250e+02,
2.256862640380859375e+02,
2.215247955322265625e+02,
2.118008422851562500e+02,
2.004597167968750000e+02,
2.079986114501953125e+02,
2.250538024902343750e+02,
2.451436767578125000e+02,
2.621499023437500000e+02,
2.844815063476562500e+02,
3.036983947753906250e+02,
3.258132629394531250e+02,
3.043244018554687500e+02,
2.939994506835937500e+02,
2.653919067382812500e+02,
2.387938690185546875e+02,
2.076424102783203125e+02,
2.084978179931640625e+02,
2.113253479003906250e+02,
2.215713500976562500e+02,
2.164264678955078125e+02,
2.179138336181640625e+02,
2.156488342285156250e+02,
2.107482910156250000e+02,
2.047964477539062500e+02,
2.018817443847656250e+02,
1.900364532470703125e+02,
1.834780883789062500e+02,
1.857982788085937500e+02,
1.865698089599609375e+02,
1.850857238769531250e+02,
1.896100311279296875e+02,
1.876047210693359375e+02,
1.828036041259765625e+02,
1.839115753173828125e+02,
1.866363830566406250e+02,
1.849215240478515625e+02,
1.859806518554687500e+02,
1.892919158935546875e+02,
1.854800262451171875e+02,
4.187733764648437500e+02,
1.036887451171875000e+03,
1.521800781250000000e+03,
2.257866699218750000e+03,
2.682393554687500000e+03,
2.878360595703125000e+03,
2.554295654296875000e+03,
2.169136718750000000e+03,
1.793566772460937500e+03,
1.434171875000000000e+03,
1.166072021484375000e+03,
1.082913330078125000e+03,
9.373278198242187500e+02,
8.130855102539062500e+02,
7.446065063476562500e+02,
7.185861816406250000e+02,
6.881861572265625000e+02,
6.757855834960937500e+02,
6.677660522460937500e+02,
6.966365356445312500e+02,
6.581738281250000000e+02,
6.318685302734375000e+02,
6.575317382812500000e+02,
6.993956909179687500e+02,
7.138055419921875000e+02,
7.560555419921875000e+02,
7.901943359375000000e+02,
7.658164062500000000e+02,
7.367825317382812500e+02,
6.743361206054687500e+02,
6.479284057617187500e+02,
6.218393554687500000e+02,
6.038201904296875000e+02,
5.862600708007812500e+02,
5.559617309570312500e+02,
5.549987792968750000e+02,
5.329031372070312500e+02,
5.377919311523437500e+02,
5.132392578125000000e+02,
5.039898986816406250e+02,
4.748537902832031250e+02,
4.584385375976562500e+02,
4.440428466796875000e+02,
4.403136596679687500e+02,
4.214688720703125000e+02,
4.185074462890625000e+02,
4.125422363281250000e+02,
3.935339355468750000e+02,
3.660254821777343750e+02,
3.441832275390625000e+02,
3.093645019531250000e+02,
2.737341918945312500e+02,
2.537342834472656250e+02,
2.444467315673828125e+02,
2.357482147216796875e+02,
2.242529449462890625e+02,
2.210169982910156250e+02,
2.203692321777343750e+02,
2.206693267822265625e+02,
2.168454895019531250e+02,
2.108603668212890625e+02,
2.067436065673828125e+02,
2.004288635253906250e+02,
1.930899658203125000e+02,
1.931864624023437500e+02,
1.982520599365234375e+02,
1.973284301757812500e+02,
2.029558105468750000e+02,
2.246583099365234375e+02,
2.425569915771484375e+02,
2.480465698242187500e+02,
2.479907989501953125e+02,
2.483122711181640625e+02,
2.464584197998046875e+02,
2.427744293212890625e+02,
2.455442199707031250e+02,
2.413612365722656250e+02,
2.399111633300781250e+02,
2.306534118652343750e+02,
2.286725463867187500e+02,
2.332769927978515625e+02,
2.419635620117187500e+02,
2.415777893066406250e+02,
2.369219665527343750e+02,
2.269725494384765625e+02,
2.239254302978515625e+02,
2.143403320312500000e+02,
2.128485412597656250e+02,
2.041966857910156250e+02,
1.937186126708984375e+02,
1.864306945800781250e+02,
1.793016662597656250e+02,
1.689375762939453125e+02,
1.626234741210937500e+02,
1.647221984863281250e+02,
1.684562072753906250e+02,
1.751164855957031250e+02,
1.906680450439453125e+02,
2.068980560302734375e+02,
2.140200805664062500e+02,
2.197806243896484375e+02,
2.279532928466796875e+02,
2.365309753417968750e+02,
2.440393371582031250e+02,
2.622862243652343750e+02,
2.783095397949218750e+02,
2.754726867675781250e+02,
2.790347900390625000e+02,
2.752116088867187500e+02,
2.687683715820312500e+02,
2.681042175292968750e+02,
2.778167724609375000e+02,
2.879290771484375000e+02,
2.992710876464843750e+02,
3.058276062011718750e+02,
3.053389587402343750e+02,
2.818549804687500000e+02,
2.527812347412109375e+02,
2.378132781982421875e+02,
2.255439453125000000e+02,
2.178638000488281250e+02,
2.185022125244140625e+02,
2.173694152832031250e+02,
2.139001922607421875e+02,
2.152273101806640625e+02,
2.141433868408203125e+02,
2.118258514404296875e+02,
2.059491119384765625e+02,
2.093792266845703125e+02,
2.093629913330078125e+02,
2.173894195556640625e+02,
2.221097412109375000e+02,
2.221379547119140625e+02,
2.148681945800781250e+02,
2.085959320068359375e+02,
1.978180236816406250e+02,
1.889131622314453125e+02,
1.896128845214843750e+02,
1.910639953613281250e+02,
1.923722076416015625e+02,
1.846832122802734375e+02,
1.769957733154296875e+02,
1.683764648437500000e+02,
1.643882751464843750e+02,
1.562336883544921875e+02,
1.511196746826171875e+02,
1.479144439697265625e+02,
1.433269042968750000e+02,
1.393363647460937500e+02,
1.327674407958984375e+02,
1.311540985107421875e+02,
1.292261505126953125e+02,
1.287661132812500000e+02,
1.285577087402343750e+02,
1.277454071044921875e+02,
1.313487548828125000e+02,
1.328124084472656250e+02,
1.345123138427734375e+02,
1.349584960937500000e+02,
1.339441223144531250e+02,
1.386926422119140625e+02,
1.500511016845703125e+02,
1.567066955566406250e+02,
1.617425842285156250e+02,
1.638717193603515625e+02,
1.580634460449218750e+02,
1.435365600585937500e+02,
1.321878356933593750e+02,
1.258388366699218750e+02,
1.306515045166015625e+02,
1.382369079589843750e+02,
1.491683044433593750e+02,
1.577613830566406250e+02,
1.616912231445312500e+02,
1.544239349365234375e+02,
1.517681732177734375e+02,
1.472453918457031250e+02,
1.410243225097656250e+02,
1.370259857177734375e+02,
1.353035888671875000e+02,
1.306015319824218750e+02,
1.247310791015625000e+02,
1.204343032836914062e+02,
1.181207046508789062e+02,
1.168727264404296875e+02,
1.176400756835937500e+02,
1.176541290283203125e+02,
1.170130386352539062e+02,
1.182483749389648438e+02,
1.232593231201171875e+02,
1.283741455078125000e+02,
1.358049621582031250e+02,
1.455085906982421875e+02,
1.560842437744140625e+02,
1.617630462646484375e+02,
1.650413513183593750e+02,
1.704009857177734375e+02,
1.732253723144531250e+02,
1.740496673583984375e+02,
1.729611663818359375e+02,
