3.156225585937500000e+02,
3.151656188964843750e+02,
3.173022460937500000e+02,
3.172578125000000000e+02,
3.110298461914062500e+02,
3.113265075683593750e+02,
3.109073791503906250e+02,
3.137838134765625000e+02,
3.112634277343750000e+02,
3.082322387695312500e+02,
3.009995727539062500e+02,
2.915556335449218750e+02,
2.843656311035156250e+02,
2.816203613281250000e+02,
2.818768920898437500e+02,
2.853840026855468750e+02,
2.892426757812500000e+02,
2.930531005859375000e+02,
2.954006347656250000e+02,
2.951959838867187500e+02,
2.925637817382812500e+02,
2.875728149414062500e+02,
2.861923522949218750e+02,
2.834656982421875000e+02,
2.806638793945312500e+02,
2.799495239257812500e+02,
2.780797119140625000e+02,
2.765837097167968750e+02,
2.717733154296875000e+02,
2.708914794921875000e+02,
2.694971923828125000e+02,
2.706237792968750000e+02,
2.697502746582031250e+02,
2.696962890625000000e+02,
2.687096557617187500e+02,
2.679693603515625000e+02,
2.683519897460937500e+02,
2.697709655761718750e+02,
2.700941772460937500e+02,
2.696356506347656250e+02,
2.700673828125000000e+02,
2.711257629394531250e+02,
2.708320312500000000e+02,
2.702801513671875000e+02,
2.694985961914062500e+02,
2.688574523925781250e+02,
2.686969604492187500e+02,
2.683295898437500000e+02,
2.684475097656250000e+02,
2.688485412597656250e+02,
2.675625305175781250e+02,
2.676603088378906250e+02,
2.689433593750000000e+02,
2.693275451660156250e+02,
2.680482788085937500e+02,
2.683070678710937500e+02,
2.690736389160156250e+02,
2.712181701660156250e+02,
2.689216918945312500e+02,
2.705655517578125000e+02,
2.696298522949218750e+02,
2.702695007324218750e+02,
2.696667785644531250e+02,
2.694121093750000000e+02,
2.721735839843750000e+02,
2.709643859863281250e+02,
2.706160278320312500e+02,
2.695398254394531250e+02,
2.704956665039062500e+02,
2.716210937500000000e+02,
2.722844238281250000e+02,
2.716981506347656250e+02,
2.721236877441406250e+02,
2.728296508789062500e+02,
2.703824157714843750e+02,
2.702474975585937500e+02,
2.701236267089843750e+02,
2.699070129394531250e+02,
2.687233276367187500e+02,
2.679991149902343750e+02,
2.688057861328125000e+02,
2.701903991699218750e+02,
2.699669189453125000e+02,
2.690119323730468750e+02,
2.705820617675781250e+02,
2.708992614746093750e+02,
2.690616760253906250e+02,
2.699066467285156250e+02,
2.686062011718750000e+02,
2.684938049316406250e+02,
2.682474975585937500e+02,
2.681934814453125000e+02,
2.693238220214843750e+02,
2.693394165039062500e+02,
2.695246582031250000e+02,
2.708820190429687500e+02,
2.702023315429687500e+02,
2.709375915527343750e+02,
2.708871765136718750e+02,
2.712854919433593750e+02,
2.711414489746093750e+02,
2.711490783691406250e+02,
2.717866516113281250e+02,
2.717892456054687500e+02,
2.703116455078125000e+02,
2.705803222656250000e+02,
2.722622375488281250e+02,
2.738563232421875000e+02,
2.737846984863281250e+02,
2.746067810058593750e+02,
2.747602539062500000e+02,
2.803655395507812500e+02,
2.816929016113281250e+02,
2.842645874023437500e+02,
2.819092712402343750e+02,
2.820255432128906250e+02,
2.789620971679687500e+02,
2.749515991210937500e+02,
2.732734375000000000e+02,
2.722482604980468750e+02,
2.717221679687500000e+02,
2.724799499511718750e+02,
2.716955871582031250e+02,
2.714962768554687500e+02,
2.698888244628906250e+02,
2.710292968750000000e+02,
2.695441589355468750e+02,
2.689468383789062500e+02,
2.687731323242187500e+02,
2.703960876464843750e+02,
2.726300964355468750e+02,
2.730798034667968750e+02,
2.737815856933593750e+02,
2.735064086914062500e+02,
2.739898071289062500e+02,
2.738131103515625000e+02,
2.726386718750000000e+02,
2.729411010742187500e+02,
2.753723449707031250e+02,
2.768482055664062500e+02,
2.782618408203125000e+02,
2.804553527832031250e+02,
2.811338500976562500e+02,
2.814461669921875000e+02,
2.834753112792968750e+02,
2.815705261230468750e+02,
2.832566223144531250e+02,
2.834831237792968750e+02,
2.814780578613281250e+02,
2.827367858886718750e+02,
2.841586303710937500e+02,
2.842928161621093750e+02,
2.823834228515625000e+02,
2.814065551757812500e+02,
2.918825378417968750e+02,
2.958039245605468750e+02,
2.974186401367187500e+02,
2.988800964355468750e+02,
3.031182250976562500e+02,
2.906254272460937500e+02,
2.875693969726562500e+02,
2.974706726074218750e+02,
2.974734497070312500e+02,
2.885042114257812500e+02,
2.848229980468750000e+02,
2.862974243164062500e+02,
2.735997619628906250e+02,
2.747501831054687500e+02,
2.784636840820312500e+02,
2.810141601562500000e+02,
2.880638732910156250e+02,
2.956906738281250000e+02,
3.060986022949218750e+02,
3.100448913574218750e+02,
3.114547119140625000e+02,
3.145600891113281250e+02,
3.162979736328125000e+02,
3.140816955566406250e+02,
3.070185852050781250e+02,
3.028028564453125000e+02,
3.053430786132812500e+02,
3.054854125976562500e+02,
3.076086425781250000e+02,
3.236676330566406250e+02,
3.250434875488281250e+02,
3.266844177246093750e+02,
3.300906677246093750e+02,
3.243967590332031250e+02,
3.239489440917968750e+02,
3.227885131835937500e+02,
3.155797424316406250e+02,
3.041086730957031250e+02,
3.068297119140625000e+02,
3.059559936523437500e+02,
3.125077819824218750e+02,
3.108967590332031250e+02,
3.304072570800781250e+02,
3.644583740234375000e+02,
3.993261108398437500e+02,
4.312810363769531250e+02,
4.665668945312500000e+02,
4.899163208007812500e+02,
5.124259033203125000e+02,
5.314407348632812500e+02,
5.475477294921875000e+02,
5.653133544921875000e+02,
6.098571166992187500e+02,
6.746375122070312500e+02,
7.880069580078125000e+02,
9.349613037109375000e+02,
1.090014526367187500e+03,
1.215069824218750000e+03,
1.298449462890625000e+03,
1.372526489257812500e+03,
1.416348876953125000e+03,
1.437214477539062500e+03,
1.444229003906250000e+03,
1.439166503906250000e+03,
1.441523193359375000e+03,
1.443913696289062500e+03,
1.455986328125000000e+03,
1.432821655273437500e+03,
1.424909179687500000e+03,
1.394165161132812500e+03,
1.362994506835937500e+03,
1.357020507812500000e+03,
1.342684936523437500e+03,
1.309832885742187500e+03,
1.267191772460937500e+03,
1.213549560546875000e+03,
1.164516967773437500e+03,
1.085855834960937500e+03,
1.012022583007812500e+03,
9.251917114257812500e+02,
8.446570434570312500e+02,
7.978754272460937500e+02,
7.707355346679687500e+02,
7.598461914062500000e+02,
7.563909301757812500e+02,
7.752962646484375000e+02,
8.130446777343750000e+02,
8.399708251953125000e+02,
8.629871215820312500e+02,
8.683320312500000000e+02,
8.599141845703125000e+02,
8.430830688476562500e+02,
8.082339477539062500e+02,
7.943852539062500000e+02,
7.813941650390625000e+02,
7.842218627929687500e+02,
7.765889892578125000e+02,
7.610942382812500000e+02,
7.495775756835937500e+02,
7.279157714843750000e+02,
7.073110351562500000e+02,
7.020734252929687500e+02,
6.969729003906250000e+02,
7.025498657226562500e+02,
7.039571533203125000e+02,
6.915095214843750000e+02,
6.817460327148437500e+02,
6.688550415039062500e+02,
6.497221069335937500e+02,
6.347307739257812500e+02,
6.166477050781250000e+02,
6.074946289062500000e+02,
5.904924926757812500e+02,
5.894644165039062500e+02,
5.747005615234375000e+02,
5.597906494140625000e+02,
5.441623535156250000e+02,
5.290164794921875000e+02,
5.098980102539062500e+02,
5.021809997558593750e+02,
4.948881835937500000e+02,
4.901312561035156250e+02,
4.930617370605468750e+02,
4.995217895507812500e+02,
4.965126342773437500e+02,
4.735161743164062500e+02,
4.561763916015625000e+02,
4.446491394042968750e+02,
4.264675598144531250e+02,
4.367077636718750000e+02,
4.362346191406250000e+02,
4.307018127441406250e+02,
4.229231872558593750e+02,
4.098693542480468750e+02,
4.023421630859375000e+02,
3.928943176269531250e+02,
3.791503906250000000e+02,
3.695553283691406250e+02,
3.657124328613281250e+02,
3.629173583984375000e+02,
3.597113952636718750e+02,
3.518276367187500000e+02,
3.430838317871093750e+02,
3.413967590332031250e+02,
3.409007873535156250e+02,
3.430707092285156250e+02,
3.441895446777343750e+02,
3.471729736328125000e+02,
3.512669982910156250e+02,
3.495902404785156250e+02,
3.501619262695312500e+02,
3.527908630371093750e+02,
3.569034423828125000e+02,
3.519222106933593750e+02,
3.566986999511718750e+02,
3.567776184082031250e+02,
3.508904724121093750e+02,
3.441947937011718750e+02,
3.361745910644531250e+02,
3.324309692382812500e+02,
3.314749755859375000e+02,
3.347403869628906250e+02,
3.373866882324218750e+02,
3.399655761718750000e+02,
3.375805053710937500e+02,
3.338917846679687500e+02,
3.288629760742187500e+02,
3.239181518554687500e+02,
3.216330261230468750e+02,
3.180367736816406250e+02,
3.165802001953125000e+02,
3.178159179687500000e+02,
3.167142028808593750e+02,
3.144176940917968750e+02,
3.156227416992187500e+02,
3.142998657226562500e+02,
3.128145141601562500e+02,
3.108388977050781250e+02,
3.142601928710937500e+02,
3.182955017089843750e+02,
3.217031860351562500e+02,
3.295329589843750000e+02,
3.376577148437500000e+02,
3.384573364257812500e+02,
3.380903930664062500e+02,
3.354712219238281250e+02,
3.384311828613281250e+02,
3.334751892089843750e+02,
3.347984619140625000e+02,
3.327073364257812500e+02,
3.323266296386718750e+02,
3.290757141113281250e+02,
3.236306152343750000e+02,
3.229827270507812500e+02,
3.225583190917968750e+02,
3.258232116699218750e+02,
3.277508544921875000e+02,
3.321180419921875000e+02,
3.315675354003906250e+02,
3.346280517578125000e+02,
3.314340820312500000e+02,
3.278113708496093750e+02,
3.225669555664062500e+02,
3.222847900390625000e+02,
3.194690246582031250e+02,
3.165596008300781250e+02,
3.164629516601562500e+02,
3.158625793457031250e+02,
3.174028930664062500e+02,
3.223954772949218750e+02,
3.236710815429687500e+02,
3.211293334960937500e+02,
3.191093444824218750e+02,
3.133803710937500000e+02,
3.101547851562500000e+02,
3.061289062500000000e+02,
3.059479675292968750e+02,
3.040242919921875000e+02,
3.066574096679687500e+02,
3.059764099121093750e+02,
3.095063171386718750e+02,
3.115510253906250000e+02,
3.121426086425781250e+02,
3.152962341308593750e+02,
3.171594543457031250e+02,
3.210394592285156250e+02,
3.226441040039062500e+02,
3.187800292968750000e+02,
3.190226440429687500e+02,
3.190644836425781250e+02,
3.207694091796875000e+02,
3.230945434570312500e+02,
3.232508239746093750e+02,
3.235568237304687500e+02,
3.215411682128906250e+02,
3.204615173339843750e+02,
3.192079467773437500e+02,
3.136640014648437500e+02,
3.118619384765625000e+02,
3.131656799316406250e+02,
3.130384521484375000e+02,
3.124409484863281250e+02,
3.108234863281250000e+02,
3.150321655273437500e+02,
3.111810607910156250e+02,
3.103814086914062500e+02,
3.059372558593750000e+02,
3.037881774902343750e+02,
3.046351928710937500e+02,
3.017254638671875000e+02,
3.002272949218750000e+02,
3.002192382812500000e+02,
3.033131103515625000e+02,
3.058780822753906250e+02,
3.076077270507812500e+02,
3.114914855957031250e+02,
3.169612426757812500e+02,
3.173764648437500000e+02,
3.184203491210937500e+02,
3.297726745605468750e+02,
3.351174011230468750e+02,
3.372923889160156250e+02,
3.410693664550781250e+02,
3.415596313476562500e+02,
3.395935058593750000e+02,
3.362097778320312500e+02,
3.340414428710937500e+02,
3.337658386230468750e+02,
3.307834167480468750e+02,
3.278090820312500000e+02,
3.277095642089843750e+02,
3.231148681640625000e+02,
3.237146301269531250e+02,
3.243008728027343750e+02,
3.211836547851562500e+02,
3.160844726562500000e+02,
3.174372253417968750e+02,
3.248805236816406250e+02,
3.268740844726562500e+02,
3.290027465820312500e+02,
3.348706359863281250e+02,
3.391648559570312500e+02,
3.429486694335937500e+02,
3.465703735351562500e+02,
3.399112854003906250e+02,
3.363292236328125000e+02,
3.319473876953125000e+02,
3.272202453613281250e+02,
3.267439270019531250e+02,
3.261677856445312500e+02,
3.276240234375000000e+02,
3.266022644042968750e+02,
3.339095764160156250e+02,
3.436964721679687500e+02,
3.409852294921875000e+02,
3.338991394042968750e+02,
3.335526428222656250e+02,
3.365845031738281250e+02,
3.362902832031250000e+02,
3.431656799316406250e+02,
3.450071411132812500e+02,
3.500047302246093750e+02,
3.541626892089843750e+02,
3.595791931152343750e+02,
3.623040466308593750e+02,
3.704105224609375000e+02,
3.764364013671875000e+02,
3.817382507324218750e+02,
4.006648864746093750e+02,
4.022574768066406250e+02,
4.085879516601562500e+02,
4.021024169921875000e+02,
3.835071105957031250e+02,
3.650677185058593750e+02,
3.422717590332031250e+02,
3.193818969726562500e+02,
3.052600097656250000e+02,
3.049129028320312500e+02,
3.117315368652343750e+02,
3.190799560546875000e+02,
3.257833862304687500e+02,
3.286154785156250000e+02,
3.321895141601562500e+02,
3.302344055175781250e+02,
3.310173034667968750e+02,
3.305332641601562500e+02,
3.295427551269531250e+02,
3.231896057128906250e+02,
3.268628234863281250e+02,
3.299994506835937500e+02,
3.352996826171875000e+02,
3.327550354003906250e+02,
3.345472717285156250e+02,
3.369389038085937500e+02,
3.397601623535156250e+02,
3.384000854492187500e+02,
3.393211364746093750e+02,
3.390871887207031250e+02,
3.342833862304687500e+02,
3.463346252441406250e+02,
3.536744079589843750e+02,
3.513774108886718750e+02,
3.528885498046875000e+02,
3.536151123046875000e+02,
3.542940063476562500e+02,
3.578960571289062500e+02,
3.611525268554687500e+02,
3.568273010253906250e+02,
3.545727844238281250e+02,
3.532762756347656250e+02,
3.398273315429687500e+02,
3.222547912597656250e+02,
3.053445739746093750e+02,
3.001486816406250000e+02,
2.986194152832031250e+02,
3.044299926757812500e+02,
3.058356628417968750e+02,
3.069361877441406250e+02,
3.132005310058593750e+02,
3.140812683105468750e+02,
3.212839965820312500e+02,
3.278484191894531250e+02,
3.371387329101562500e+02,
3.418093566894531250e+02,
3.451912231445312500e+02,
3.413126831054687500e+02,
3.384341735839843750e+02,
3.438359680175781250e+02,
3.404674682617187500e+02,
3.457846374511718750e+02,
3.564234008789062500e+02,
3.646120605468750000e+02,
3.701094360351562500e+02,
3.786256103515625000e+02,
3.831579284667968750e+02,
3.786806030273437500e+02,
3.767924804687500000e+02,
3.774466247558593750e+02,
3.796352844238281250e+02,
3.843941345214843750e+02,
3.832439575195312500e+02,
3.763625183105468750e+02,
3.824555053710937500e+02,
4.024441223144531250e+02,
3.998055114746093750e+02,
4.107580261230468750e+02,
4.334781188964843750e+02,
4.441040344238281250e+02,
4.429901428222656250e+02,
4.379208984375000000e+02,
4.386875915527343750e+02,
4.655563354492187500e+02,
4.929397888183593750e+02,
5.162767944335937500e+02,
5.329512329101562500e+02,
5.285827026367187500e+02,
5.279121093750000000e+02,
5.045994262695312500e+02,
4.606719970703125000e+02,
4.314743957519531250e+02,
4.248921813964843750e+02,
4.450612792968750000e+02,
4.559872436523437500e+02,
4.606203918457031250e+02,
4.654733886718750000e+02,
4.747406005859375000e+02,
4.844639892578125000e+02,
4.948574829101562500e+02,
5.026615905761718750e+02,
5.065899658203125000e+02,
4.876214294433593750e+02,
4.722901916503906250e+02,
4.545498657226562500e+02,
4.259196166992187500e+02,
3.910755310058593750e+02,
3.703744506835937500e+02,
3.502348632812500000e+02,
3.397291870117187500e+02,
3.253151550292968750e+02,
3.191165771484375000e+02,
3.193312072753906250e+02,
3.192064208984375000e+02,
3.147608947753906250e+02,
3.129914855957031250e+02,
3.127263183593750000e+02,
3.113483581542968750e+02,
3.153421936035156250e+02,
3.151627197265625000e+02,
3.195677490234375000e+02,
3.281228942871093750e+02,
3.275035095214843750e+02,
3.278548583984375000e+02,
3.234354858398437500e+02,
3.200642089843750000e+02,
3.227377624511718750e+02,
3.276308288574218750e+02,
3.323355407714843750e+02,
3.351835327148437500e+02,
3.375592041015625000e+02,
3.372533569335937500e+02,
3.393291320800781250e+02,
3.386296081542968750e+02,
3.353767700195312500e+02,
3.333896484375000000e+02,
3.340184631347656250e+02,
3.351488952636718750e+02,
3.341329956054687500e+02,
3.241269531250000000e+02,
3.192403259277343750e+02,
3.109566955566406250e+02,
3.085466918945312500e+02,
3.107656250000000000e+02,
3.094401245117187500e+02,
3.112254028320312500e+02,
3.155317687988281250e+02,
3.209562988281250000e+02,
3.272816162109375000e+02,
3.279560241699218750e+02,
3.333201599121093750e+02,
3.311072692871093750e+02,
3.284302062988281250e+02,
3.280496826171875000e+02,
3.289945678710937500e+02,
3.290357666015625000e+02,
3.315596008300781250e+02,
3.482004699707031250e+02,
3.526385192871093750e+02,
3.563211364746093750e+02,
3.608990478515625000e+02,
3.549533081054687500e+02,
3.547403869628906250e+02,
3.432398681640625000e+02,
3.374500427246093750e+02,
3.260684509277343750e+02,
3.273881225585937500e+02,
3.278527526855468750e+02,
3.266984558105468750e+02,
3.330484008789062500e+02,
3.324821777343750000e+02,
3.316345214843750000e+02,
3.346201171875000000e+02,
3.384109191894531250e+02,
3.447446594238281250e+02,
3.515805053710937500e+02,
3.523480834960937500e+02,
3.631779174804687500e+02,
3.683212585449218750e+02,
3.672160034179687500e+02,
3.608366394042968750e+02,
3.594556884765625000e+02,
3.596727294921875000e+02,
3.519894714355468750e+02,
3.536206054687500000e+02,
3.549575500488281250e+02,
3.558059692382812500e+02,
3.627473449707031250e+02,
3.630035400390625000e+02,
3.619598083496093750e+02,
3.587641906738281250e+02,
3.574955444335937500e+02,
3.550404663085937500e+02,
3.571012573242187500e+02,
3.575342407226562500e+02,
3.565285644531250000e+02,
3.602742309570312500e+02,
3.596905517578125000e+02,
3.648455505371093750e+02,
3.679895019531250000e+02,
3.813827819824218750e+02,
3.904233093261718750e+02,
4.045056762695312500e+02,
4.095496215820312500e+02,
4.109879455566406250e+02,
4.144402770996093750e+02,
4.259839477539062500e+02,
4.337539062500000000e+02,
4.403739624023437500e+02,
4.386712341308593750e+02,
4.488294372558593750e+02,
4.688545532226562500e+02,
5.266831665039062500e+02,
6.060895996093750000e+02,
6.605980224609375000e+02,
7.026828002929687500e+02,
7.033033447265625000e+02,
7.145346069335937500e+02,
7.220264892578125000e+02,
7.346723022460937500e+02,
6.894067993164062500e+02,
6.138602294921875000e+02,
5.311469116210937500e+02,
4.985822448730468750e+02,
5.040998229980468750e+02,
5.328552856445312500e+02,
5.624345092773437500e+02,
5.900361328125000000e+02,
6.138836669921875000e+02,
6.075706176757812500e+02,
5.933819580078125000e+02,
5.962643432617187500e+02,
5.633461914062500000e+02,
5.345089111328125000e+02,
5.254505004882812500e+02,
5.392422485351562500e+02,
5.307401123046875000e+02,
5.547972412109375000e+02,
5.788737182617187500e+02,
5.971509399414062500e+02,
5.969158935546875000e+02,
6.077753906250000000e+02,
6.166447143554687500e+02,
5.931938476562500000e+02,
5.614292602539062500e+02,
5.312004394531250000e+02,
5.039562988281250000e+02,
4.940511779785156250e+02,
4.888699951171875000e+02,
4.763584289550781250e+02,
4.761908569335937500e+02,
4.812642517089843750e+02,
4.994928894042968750e+02,
5.173322143554687500e+02,
5.354450683593750000e+02,
5.586389770507812500e+02,
5.769938964843750000e+02,
5.706862792968750000e+02,
5.834963378906250000e+02,
6.078128051757812500e+02,
6.029688110351562500e+02,
5.766066284179687500e+02,
5.785199584960937500e+02,
5.813853149414062500e+02,
6.051254272460937500e+02,
6.241220703125000000e+02,
6.614990844726562500e+02,
6.732377319335937500e+02,
6.960198364257812500e+02,
6.799002075195312500e+02,
6.690298461914062500e+02,
6.517214965820312500e+02,
6.214036865234375000e+02,
6.136605224609375000e+02,
6.345484619140625000e+02,
6.934307861328125000e+02,
7.200933837890625000e+02,
7.627442016601562500e+02,
8.177179565429687500e+02,
8.341578979492187500e+02,
7.959260253906250000e+02,
7.846849365234375000e+02,
8.161355590820312500e+02,
8.325562133789062500e+02,
8.344639282226562500e+02,
8.378891601562500000e+02,
8.684477539062500000e+02,
9.242844238281250000e+02,
9.493302001953125000e+02,
3.252792358398437500e+02,
3.305170593261718750e+02,
3.215326232910156250e+02,
3.165417175292968750e+02,
3.005397033691406250e+02,
2.961006469726562500e+02,
2.889982604980468750e+02,
2.936213684082031250e+02,
2.927441406250000000e+02,
2.910627746582031250e+02,
2.893653259277343750e+02,
2.804959106445312500e+02,
2.774223022460937500e+02,
2.746148376464843750e+02,
2.701971130371093750e+02,
2.686813964843750000e+02,
2.696636047363281250e+02,
2.698957519531250000e+02,
2.695349731445312500e+02,
2.696127014160156250e+02,
2.699143981933593750e+02,
2.691430969238281250e+02,
2.683387145996093750e+02,
2.670871887207031250e+02,
2.680553588867187500e+02,
2.684073791503906250e+02,
2.686083679199218750e+02,
2.697566223144531250e+02,
2.690273742675781250e+02,
2.693712463378906250e+02,
2.695208740234375000e+02,
2.700398864746093750e+02,
2.719172668457031250e+02,
2.719540100097656250e+02,
2.721933593750000000e+02,
2.717024230957031250e+02,
2.696055908203125000e+02,
2.687096252441406250e+02,
2.698041381835937500e+02,
2.686312561035156250e+02,
2.688083801269531250e+02,
2.701385498046875000e+02,
2.701662597656250000e+02,
2.690812072753906250e+02,
2.686629028320312500e+02,
2.687394714355468750e+02,
2.700269470214843750e+02,
2.710436706542968750e+02,
2.715863037109375000e+02,
2.712014770507812500e+02,
2.727008056640625000e+02,
2.733737792968750000e+02,
2.740523986816406250e+02,
2.781618347167968750e+02,
2.822990112304687500e+02,
2.828405151367187500e+02,
2.826853942871093750e+02,
2.805259094238281250e+02,
2.767299804687500000e+02,
2.727877502441406250e+02,
2.732733764648437500e+02,
2.738851623535156250e+02,
2.717571411132812500e+02,
2.710058593750000000e+02,
2.736553344726562500e+02,
2.724131469726562500e+02,
2.732406005859375000e+02,
2.752980041503906250e+02,
2.764845581054687500e+02,
2.790777893066406250e+02,
2.814289245605468750e+02,
2.851605834960937500e+02,
2.863630371093750000e+02,
2.898815307617187500e+02,
2.886791992187500000e+02,
2.955448608398437500e+02,
2.958440246582031250e+02,
2.975541381835937500e+02,
3.065202331542968750e+02,
3.069194030761718750e+02,
2.916157531738281250e+02,
2.887943725585937500e+02,
2.846755065917968750e+02,
2.837273254394531250e+02,
3.003244934082031250e+02,
3.108662719726562500e+02,
3.153758850097656250e+02,
3.135177917480468750e+02,
3.201471557617187500e+02,
3.147137756347656250e+02,
3.079857482910156250e+02,
3.233356323242187500e+02,
3.276665344238281250e+02,
3.267016906738281250e+02,
3.267075195312500000e+02,
3.329962768554687500e+02,
3.436185607910156250e+02,
3.806333007812500000e+02,
4.210826110839843750e+02,
4.840151062011718750e+02,
5.455467529296875000e+02,
6.295322875976562500e+02,
7.732008666992187500e+02,
9.563247070312500000e+02,
1.121254272460937500e+03,
1.310914794921875000e+03,
1.456076049804687500e+03,
1.544793701171875000e+03,
1.583291503906250000e+03,
1.600178955078125000e+03,
1.567301391601562500e+03,
1.531950073242187500e+03,
1.475560180664062500e+03,
1.391479248046875000e+03,
1.269598754882812500e+03,
1.104051269531250000e+03,
9.804619140625000000e+02,
9.153417358398437500e+02,
9.123602905273437500e+02,
9.244531250000000000e+02,
9.513648071289062500e+02,
9.482962646484375000e+02,
9.076085205078125000e+02,
8.491423950195312500e+02,
8.332148437500000000e+02,
8.062086791992187500e+02,
7.878049926757812500e+02,
7.750802612304687500e+02,
7.684341430664062500e+02,
7.406347656250000000e+02,
6.976077270507812500e+02,
6.545943603515625000e+02,
6.358439331054687500e+02,
6.048482666015625000e+02,
5.756834716796875000e+02,
5.624710083007812500e+02,
5.462572021484375000e+02,
5.203084716796875000e+02,
5.009870910644531250e+02,
5.007083129882812500e+02,
4.951466979980468750e+02,
4.736881103515625000e+02,
4.517443237304687500e+02,
4.300220947265625000e+02,
4.138656005859375000e+02,
3.905796508789062500e+02,
3.766661682128906250e+02,
3.614643554687500000e+02,
3.597279357910156250e+02,
3.629502868652343750e+02,
3.681741333007812500e+02,
3.714974670410156250e+02,
3.735131835937500000e+02,
3.660063781738281250e+02,
3.610944519042968750e+02,
3.529415588378906250e+02,
3.521572265625000000e+02,
3.533864746093750000e+02,
3.483720397949218750e+02,
3.502512512207031250e+02,
3.431238708496093750e+02,
3.356531982421875000e+02,
3.286396789550781250e+02,
3.295333251953125000e+02,
3.337831115722656250e+02,
3.440091247558593750e+02,
3.498553161621093750e+02,
3.505773315429687500e+02,
3.536878051757812500e+02,
3.586208496093750000e+02,
3.538565979003906250e+02,
3.501587829589843750e+02,
3.554491882324218750e+02,
3.535974731445312500e+02,
3.531914062500000000e+02,
3.540473632812500000e+02,
3.531686706542968750e+02,
3.443001708984375000e+02,
3.400346069335937500e+02,
3.349863891601562500e+02,
3.360258789062500000e+02,
3.404751892089843750e+02,
3.376311645507812500e+02,
3.299463195800781250e+02,
3.230827636718750000e+02,
3.211196289062500000e+02,
3.267982482910156250e+02,
3.295672302246093750e+02,
3.335706481933593750e+02,
3.368158264160156250e+02,
3.402057800292968750e+02,
3.357524414062500000e+02,
3.422088623046875000e+02,
3.394249877929687500e+02,
3.359249267578125000e+02,
3.321619873046875000e+02,
3.289279479980468750e+02,
3.260547485351562500e+02,
3.231939697265625000e+02,
3.152310180664062500e+02,
3.138941650390625000e+02,
3.134828796386718750e+02,
3.177433776855468750e+02,
3.236858215332031250e+02,
3.372966613769531250e+02,
3.544202270507812500e+02,
3.654403381347656250e+02,
3.687898254394531250e+02,
3.717910766601562500e+02,
3.680796203613281250e+02,
3.596094360351562500e+02,
3.513999328613281250e+02,
3.537159118652343750e+02,
3.476102294921875000e+02,
3.512176208496093750e+02,
3.562490539550781250e+02,
3.685552978515625000e+02,
3.674773559570312500e+02,
3.675242004394531250e+02,
3.638026733398437500e+02,
3.566655578613281250e+02,
3.594404296875000000e+02,
3.646255187988281250e+02,
3.711129150390625000e+02,
3.810480651855468750e+02,
3.909538879394531250e+02,
4.011769104003906250e+02,
4.106569519042968750e+02,
4.303613586425781250e+02,
4.547008666992187500e+02,
4.569609069824218750e+02,
4.431702880859375000e+02,
4.134894104003906250e+02,
3.835411682128906250e+02,
3.658664855957031250e+02,
3.565994873046875000e+02,
3.551038818359375000e+02,
3.672228088378906250e+02,
3.665832824707031250e+02,
3.589785461425781250e+02,
3.642055358886718750e+02,
3.652424011230468750e+02,
3.756889648437500000e+02,
3.795094299316406250e+02,
3.832418212890625000e+02,
3.874737548828125000e+02,
3.859295043945312500e+02,
3.885151977539062500e+02,
3.949570617675781250e+02,
3.914829101562500000e+02,
3.831148071289062500e+02,
3.662273254394531250e+02,
3.488266906738281250e+02,
3.361861267089843750e+02,
3.376620178222656250e+02,
3.455343017578125000e+02,
3.560785827636718750e+02,
3.705178833007812500e+02,
3.828334045410156250e+02,
3.899381713867187500e+02,
4.026914672851562500e+02,
4.183352966308593750e+02,
4.313684082031250000e+02,
4.419664306640625000e+02,
4.463299865722656250e+02,
4.491037597656250000e+02,
4.439835205078125000e+02,
4.615404663085937500e+02,
4.994515075683593750e+02,
5.054725036621093750e+02,
5.345479125976562500e+02,
5.873085327148437500e+02,
6.184417724609375000e+02,
6.055439453125000000e+02,
6.016907348632812500e+02,
6.011800537109375000e+02,
5.612681274414062500e+02,
5.597487182617187500e+02,
5.870109252929687500e+02,
6.060627441406250000e+02,
5.816678466796875000e+02,
5.435307617187500000e+02,
4.899503479003906250e+02,
4.467934570312500000e+02,
3.977489929199218750e+02,
3.696140136718750000e+02,
3.540475158691406250e+02,
3.423423461914062500e+02,
3.370091857910156250e+02,
3.399995422363281250e+02,
3.443878784179687500e+02,
3.463646545410156250e+02,
3.468505554199218750e+02,
3.476865234375000000e+02,
3.515007934570312500e+02,
3.606145019531250000e+02,
3.644804382324218750e+02,
3.675199584960937500e+02,
3.646880493164062500e+02,
3.511285095214843750e+02,
3.436456298828125000e+02,
3.358337402343750000e+02,
3.386222534179687500e+02,
3.435692443847656250e+02,
3.557164001464843750e+02,
3.608996276855468750e+02,
3.638324584960937500e+02,
3.651955871582031250e+02,
3.736087036132812500e+02,
3.771031799316406250e+02,
3.865468750000000000e+02,
3.805899047851562500e+02,
3.702034606933593750e+02,
3.596793212890625000e+02,
3.605705261230468750e+02,
3.606201782226562500e+02,
3.668667907714843750e+02,
3.882587585449218750e+02,
3.937756652832031250e+02,
4.000033874511718750e+02,
4.029658813476562500e+02,
3.919159240722656250e+02,
3.898909606933593750e+02,
3.931822204589843750e+02,
3.992932434082031250e+02,
3.996597595214843750e+02,
3.992638854980468750e+02,
3.954331054687500000e+02,
3.981209411621093750e+02,
4.088388061523437500e+02,
4.188158874511718750e+02,
4.393830871582031250e+02,
4.576258544921875000e+02,
4.712505187988281250e+02,
4.924906311035156250e+02,
5.800195922851562500e+02,
6.989370727539062500e+02,
7.716242065429687500e+02,
8.083556518554687500e+02,
8.190581665039062500e+02,
7.996343383789062500e+02,
7.506168212890625000e+02,
6.749097900390625000e+02,
6.616895141601562500e+02,
6.552888793945312500e+02,
6.275681152343750000e+02,
6.074572753906250000e+02,
5.877816162109375000e+02,
5.864271850585937500e+02,
6.141889038085937500e+02,
6.235258789062500000e+02,
6.419731445312500000e+02,
6.456232299804687500e+02,
6.138184814453125000e+02,
5.737188720703125000e+02,
5.663735351562500000e+02,
5.948856811523437500e+02,
6.315861206054687500e+02,
6.585879516601562500e+02,
6.732404174804687500e+02,
6.792783203125000000e+02,
7.043560791015625000e+02,
7.139982299804687500e+02,
7.424421386718750000e+02,
7.732446899414062500e+02,
7.728822021484375000e+02,
8.250468750000000000e+02,
8.274891357421875000e+02,
8.387967529296875000e+02,
8.599238891601562500e+02,
9.281482543945312500e+02,
9.097670288085937500e+02,
9.197135009765625000e+02,
9.535897827148437500e+02,
3.326610107421875000e+02,
3.190948791503906250e+02,
3.176557006835937500e+02,
3.080896911621093750e+02,
2.927871704101562500e+02,
2.909407958984375000e+02,
2.873009338378906250e+02,
2.818295593261718750e+02,
2.763166809082031250e+02,
2.711780090332031250e+02,
2.692081604003906250e+02,
2.694735717773437500e+02,
2.684993896484375000e+02,
2.687294311523437500e+02,
2.690609436035156250e+02,
2.672974853515625000e+02,
2.686852722167968750e+02,
2.691925354003906250e+02,
2.696846618652343750e+02,
2.704702758789062500e+02,
2.706435546875000000e+02,
2.712671203613281250e+02,
2.711746826171875000e+02,
2.701740722656250000e+02,
2.698082580566406250e+02,
2.703550415039062500e+02,
2.690328063964843750e+02,
2.696582946777343750e+02,
2.696161499023437500e+02,
2.687449340820312500e+02,
2.704829406738281250e+02,
2.702178344726562500e+02,
2.731484680175781250e+02,
2.756927490234375000e+02,
2.804447021484375000e+02,
2.833210144042968750e+02,
2.823642272949218750e+02,
2.814696044921875000e+02,
2.795169372558593750e+02,
2.752440185546875000e+02,
2.746407470703125000e+02,
2.747749938964843750e+02,
2.730234985351562500e+02,
2.741562500000000000e+02,
2.763515014648437500e+02,
2.759535522460937500e+02,
2.812514038085937500e+02,
2.858615417480468750e+02,
2.868854675292968750e+02,
2.933012695312500000e+02,
2.928544921875000000e+02,
3.003161621093750000e+02,
3.007924194335937500e+02,
2.997226867675781250e+02,
3.017596740722656250e+02,
3.108693237304687500e+02,
3.138346252441406250e+02,
3.191057739257812500e+02,
3.284799194335937500e+02,
3.302044677734375000e+02,
3.303979797363281250e+02,
3.371456604003906250e+02,
3.393224487304687500e+02,
3.708726806640625000e+02,
4.145808715820312500e+02,
4.782408447265625000e+02,
6.158449096679687500e+02,
8.400003662109375000e+02,
1.051131225585937500e+03,
1.272308227539062500e+03,
1.536580566406250000e+03,
1.698178588867187500e+03,
1.741917236328125000e+03,
1.693667480468750000e+03,
1.578050170898437500e+03,
1.434651245117187500e+03,
1.271031860351562500e+03,
1.131382568359375000e+03,
1.060637451171875000e+03,
1.031989624023437500e+03,
1.014424011230468750e+03,
9.716558837890625000e+02,
9.032554321289062500e+02,
8.847403564453125000e+02,
8.608466186523437500e+02,
8.054151611328125000e+02,
7.567333984375000000e+02,
6.966909179687500000e+02,
6.505582275390625000e+02,
6.174645996093750000e+02,
5.844076538085937500e+02,
5.410606689453125000e+02,
5.383296508789062500e+02,
5.132951660156250000e+02,
4.809896545410156250e+02,
4.541686706542968750e+02,
4.278686523437500000e+02,
3.931457214355468750e+02,
3.842292785644531250e+02,
3.843100585937500000e+02,
3.848249206542968750e+02,
3.798080749511718750e+02,
3.734067382812500000e+02,
3.734573364257812500e+02,
3.626382141113281250e+02,
3.624993286132812500e+02,
3.626403808593750000e+02,
3.511737365722656250e+02,
3.499406738281250000e+02,
3.629576416015625000e+02,
3.644726867675781250e+02,
3.695113830566406250e+02,
3.729082336425781250e+02,
3.724770507812500000e+02,
3.802170410156250000e+02,
3.811362609863281250e+02,
3.664079895019531250e+02,
3.677008666992187500e+02,
3.635351257324218750e+02,
3.538807067871093750e+02,
3.493405761718750000e+02,
3.501183776855468750e+02,
3.468548278808593750e+02,
3.398600769042968750e+02,
3.492253417968750000e+02,
3.510382385253906250e+02,
3.549393920898437500e+02,
3.550722351074218750e+02,
3.539681396484375000e+02,
3.507096862792968750e+02,
3.421462707519531250e+02,
3.350850524902343750e+02,
3.289263305664062500e+02,
3.288374023437500000e+02,
3.355143127441406250e+02,
3.556748657226562500e+02,
3.730371093750000000e+02,
3.872917480468750000e+02,
3.902294311523437500e+02,
3.889542236328125000e+02,
3.788251342773437500e+02,
3.777111816406250000e+02,
3.801263732910156250e+02,
3.895609741210937500e+02,
3.920865478515625000e+02,
3.865504150390625000e+02,
3.872067871093750000e+02,
3.914867858886718750e+02,
4.064932861328125000e+02,
4.284047241210937500e+02,
4.588722534179687500e+02,
4.846485290527343750e+02,
5.007005615234375000e+02,
4.786525878906250000e+02,
4.531858215332031250e+02,
4.269777526855468750e+02,
4.050451049804687500e+02,
3.865938110351562500e+02,
3.988501281738281250e+02,
3.969037780761718750e+02,
3.971928405761718750e+02,
4.170298156738281250e+02,
4.224138488769531250e+02,
4.215433959960937500e+02,
4.232362976074218750e+02,
4.159360046386718750e+02,
4.075494079589843750e+02,
3.959326782226562500e+02,
3.941582641601562500e+02,
3.774914550781250000e+02,
3.993104248046875000e+02,
4.197394714355468750e+02,
4.392499694824218750e+02,
4.658710021972656250e+02,
4.828982238769531250e+02,
4.930427551269531250e+02,
4.999428405761718750e+02,
5.192380371093750000e+02,
5.402482910156250000e+02,
5.964255981445312500e+02,
6.389859008789062500e+02,
6.430140380859375000e+02,
6.601652221679687500e+02,
6.731156616210937500e+02,
6.615349121093750000e+02,
6.499874267578125000e+02,
6.180904541015625000e+02,
5.520421752929687500e+02,
4.962498779296875000e+02,
4.342234802246093750e+02,
3.933623352050781250e+02,
3.752941894531250000e+02,
3.616501159667968750e+02,
3.586183166503906250e+02,
3.698275451660156250e+02,
3.811044311523437500e+02,
3.799959411621093750e+02,
3.939281616210937500e+02,
3.888082275390625000e+02,
3.723526000976562500e+02,
3.669799499511718750e+02,
3.727456054687500000e+02,
3.783072509765625000e+02,
3.939420471191406250e+02,
4.053006896972656250e+02,
4.035790405273437500e+02,
4.067473144531250000e+02,
4.017467956542968750e+02,
3.976387939453125000e+02,
3.939603271484375000e+02,
4.063657226562500000e+02,
4.189649353027343750e+02,
4.284668579101562500e+02,
4.394233703613281250e+02,
4.296105041503906250e+02,
4.263028259277343750e+02,
4.361195068359375000e+02,
4.365475769042968750e+02,
4.387589721679687500e+02,
4.522799377441406250e+02,
4.799038085937500000e+02,
5.150990600585937500e+02,
6.239812011718750000e+02,
7.701223754882812500e+02,
8.232261352539062500e+02,
8.393953247070312500e+02,
8.859594116210937500e+02,
8.909268798828125000e+02,
7.696116943359375000e+02,
7.129733886718750000e+02,
7.079328002929687500e+02,
6.921192626953125000e+02,
6.869589843750000000e+02,
6.979263916015625000e+02,
7.382101440429687500e+02,
7.148656616210937500e+02,
6.746621704101562500e+02,
6.908729248046875000e+02,
7.291452636718750000e+02,
7.664008789062500000e+02,
7.956318969726562500e+02,
8.211329345703125000e+02,
8.414278564453125000e+02,
9.180963745117187500e+02,
9.106611938476562500e+02,
9.249124145507812500e+02,
9.436027221679687500e+02,
1.046352539062500000e+03,
