-1.300878375768661499e-01,
-1.065088808536529541e-01,
-7.160139828920364380e-02,
-3.655849024653434753e-02,
-3.210576251149177551e-02,
1.733335107564926147e-02,
5.419517308473587036e-02,
9.182271361351013184e-02,
1.316138207912445068e-01,
1.790124326944351196e-01,
2.358539551496505737e-01,
2.965224683284759521e-01,
3.362368047237396240e-01,
3.621876537799835205e-01,
3.776631653308868408e-01,
3.793236911296844482e-01,
3.797450661659240723e-01,
3.827151060104370117e-01,
3.823388516902923584e-01,
3.745566010475158691e-01,
3.732117116451263428e-01,
3.750021159648895264e-01,
3.557739257812500000e-01,
3.317231237888336182e-01,
3.082765042781829834e-01,
2.811588346958160400e-01,
2.572152912616729736e-01,
2.464995235204696655e-01,
2.496007531881332397e-01,
2.427923530340194702e-01,
2.387870699167251587e-01,
2.376958429813385010e-01,
2.365852445363998413e-01,
2.342922091484069824e-01,
2.365034818649291992e-01,
2.312186360359191895e-01,
2.210443019866943359e-01,
2.162799239158630371e-01,
2.114014476537704468e-01,
2.124300897121429443e-01,
2.231490612030029297e-01,
2.314611375331878662e-01,
2.322103679180145264e-01,
2.366476207971572876e-01,
2.397803813219070435e-01,
2.392122298479080200e-01,
2.435356080532073975e-01,
2.530696690082550049e-01,
2.555631101131439209e-01,
2.586148381233215332e-01,
2.630041241645812988e-01,
2.629936337471008301e-01,
2.534857988357543945e-01,
2.489579021930694580e-01,
2.455625534057617188e-01,
2.388927936553955078e-01,
2.204670757055282593e-01,
2.230395227670669556e-01,
2.199388146400451660e-01,
2.251692265272140503e-01,
2.200318872928619385e-01,
2.277293056249618530e-01,
2.294166982173919678e-01,
2.373322397470474243e-01,
2.406467199325561523e-01,
2.462130635976791382e-01,
2.569893896579742432e-01,
2.590749561786651611e-01,
2.493210881948471069e-01,
2.392390072345733643e-01,
2.349839061498641968e-01,
2.277277261018753052e-01,
2.294085472822189331e-01,
2.453409284353256226e-01,
2.488148212432861328e-01,
2.552655339241027832e-01,
2.566863894462585449e-01,
2.550229132175445557e-01,
2.471765875816345215e-01,
2.503472864627838135e-01,
2.475327104330062866e-01,
2.579741179943084717e-01,
2.624046802520751953e-01,
2.605162560939788818e-01,
2.625085711479187012e-01,
2.632160484790802002e-01,
2.517150342464447021e-01,
2.375016957521438599e-01,
2.385244369506835938e-01,
2.337533086538314819e-01,
2.119241654872894287e-01,
2.092541605234146118e-01,
2.046018987894058228e-01,
1.920794248580932617e-01,
1.563017070293426514e-01,
1.370216608047485352e-01,
1.416031420230865479e-01,
1.359107345342636108e-01,
1.137916445732116699e-01,
1.112440004944801331e-01,
1.061856746673583984e-01,
7.494940608739852905e-02,
5.521405115723609924e-02,
5.004460364580154419e-02,
5.807294696569442749e-02,
8.444604277610778809e-02,
9.980272501707077026e-02,
1.078679263591766357e-01,
1.142932996153831482e-01,
1.036125645041465759e-01,
1.078414767980575562e-01,
1.144402846693992615e-01,
1.187184527516365051e-01,
1.409129649400711060e-01,
1.424328684806823730e-01,
1.266061663627624512e-01,
1.271830797195434570e-01,
1.153831630945205688e-01,
9.769173711538314819e-02,
6.551363319158554077e-02,
7.325232774019241333e-02,
6.717402487993240356e-02,
4.982100427150726318e-02,
3.776373341679573059e-02,
7.760073989629745483e-02,
6.478482484817504883e-02,
6.932519376277923584e-02,
7.395894825458526611e-02,
8.541897684335708618e-02,
6.395763903856277466e-02,
5.756895244121551514e-02,
4.528571665287017822e-02,
5.092443153262138367e-02,
4.507973417639732361e-02,
6.452079117298126221e-02,
8.847658336162567139e-02,
9.221504628658294678e-02,
9.533119201660156250e-02,
1.011517643928527832e-01,
8.216119557619094849e-02,
6.409583240747451782e-02,
5.564890429377555847e-02,
2.786419354379177094e-02,
-1.115570124238729477e-02,
-4.436199739575386047e-02,
-6.809106469154357910e-02,
-1.009786501526832581e-01,
-9.835408627986907959e-02,
-8.071010559797286987e-02,
-9.627005457878112793e-02,
-9.713660925626754761e-02,
-8.432766795158386230e-02,
-8.594862371683120728e-02,
-9.062807261943817139e-02,
-4.554583877325057983e-02,
-1.689613796770572662e-02,
4.039384797215461731e-02,
7.152970880270004272e-02,
1.127907708287239075e-01,
1.403933018445968628e-01,
1.612938791513442993e-01,
1.603270322084426880e-01,
1.555854082107543945e-01,
1.353850960731506348e-01,
1.118890792131423950e-01,
7.697717845439910889e-02,
3.826371207833290100e-02,
2.716838940978050232e-02,
3.394861146807670593e-02,
2.816965058445930481e-02,
5.409130454063415527e-02,
8.204410225152969360e-02,
9.674917161464691162e-02,
9.059214591979980469e-02,
8.618228882551193237e-02,
8.548971265554428101e-02,
1.068257763981819153e-01,
1.015325188636779785e-01,
9.961161017417907715e-02,
1.235071718692779541e-01,
1.157842501997947693e-01,
6.050620228052139282e-02,
5.394501611590385437e-02,
6.158389151096343994e-02,
6.838821619749069214e-02,
8.277587592601776123e-02,
1.038008779287338257e-01,
1.067728325724601746e-01,
8.905228227376937866e-02,
6.852824240922927856e-02,
4.488498345017433167e-02,
3.527649864554405212e-02,
2.454860508441925049e-02,
3.489002212882041931e-02,
3.548556938767433167e-02,
5.278019607067108154e-02,
7.071419805288314819e-02,
8.121231198310852051e-02,
1.042968332767486572e-01,
1.193056926131248474e-01,
1.258973032236099243e-01,
1.329275965690612793e-01,
1.489561498165130615e-01,
1.465243995189666748e-01,
1.519140601158142090e-01,
1.943378001451492310e-01,
2.123011052608489990e-01,
2.135760635137557983e-01,
2.175623029470443726e-01,
2.143526375293731689e-01,
1.974834948778152466e-01,
1.924957484006881714e-01,
2.177411019802093506e-01,
2.204374819993972778e-01,
2.221935242414474487e-01,
2.206876873970031738e-01,
2.096044570207595825e-01,
1.790130138397216797e-01,
1.387871652841567993e-01,
1.040995568037033081e-01,
7.169417291879653931e-02,
3.849612548947334290e-02,
1.972671970725059509e-02,
2.471890300512313843e-02,
2.153770625591278076e-02,
3.089457005262374878e-02,
3.732641413807868958e-02,
4.512712731957435608e-02,
5.811116099357604980e-02,
7.604281604290008545e-02,
6.332655251026153564e-02,
9.344709664583206177e-02,
8.589876443147659302e-02,
6.537237763404846191e-02,
6.089339405298233032e-02,
5.779973044991493225e-02,
7.910079322755336761e-03,
-3.130631521344184875e-02,
-5.274724587798118591e-02,
-6.451889127492904663e-02,
-6.960719823837280273e-02,
-5.011351406574249268e-02,
-3.397231176495552063e-02,
-1.137909386307001114e-02,
-1.540807913988828659e-02,
-2.895324723795056343e-03,
-8.574873208999633789e-05,
-8.108688634820282459e-04,
-1.628589443862438202e-02,
-6.382058374583721161e-03,
-2.518245764076709747e-02,
-1.708156615495681763e-02,
3.008565166965126991e-03,
2.562430500984191895e-02,
2.627038583159446716e-02,
5.147211626172065735e-02,
5.478221550583839417e-02,
6.717184931039810181e-02,
6.160140782594680786e-02,
6.634839624166488647e-02,
5.498601123690605164e-02,
4.222327098250389099e-02,
3.768515959382057190e-02,
4.454430937767028809e-02,
5.788487568497657776e-02,
7.606972008943557739e-02,
1.016348376870155334e-01,
1.159849464893341064e-01,
1.243951097130775452e-01,
1.245166137814521790e-01,
1.279612034559249878e-01,
1.193286329507827759e-01,
1.012328788638114929e-01,
9.403396397829055786e-02,
1.002840548753738403e-01,
1.110653504729270935e-01,
1.224257051944732666e-01,
1.438518762588500977e-01,
1.540146470069885254e-01,
1.591333746910095215e-01,
1.718843281269073486e-01,
1.816592812538146973e-01,
1.880422532558441162e-01,
1.941788941621780396e-01,
2.060552984476089478e-01,
2.065866589546203613e-01,
2.083633691072463989e-01,
2.168994247913360596e-01,
2.238614559173583984e-01,
2.236836105585098267e-01,
2.276020795106887817e-01,
2.345663011074066162e-01,
2.438330054283142090e-01,
2.491630166769027710e-01,
2.547152340412139893e-01,
2.575738131999969482e-01,
2.499461323022842407e-01,
2.391078919172286987e-01,
2.382072210311889648e-01,
2.393689155578613281e-01,
2.366139441728591919e-01,
2.388726472854614258e-01,
2.274148911237716675e-01,
2.159211933612823486e-01,
2.084053009748458862e-01,
2.040609121322631836e-01,
1.934897601604461670e-01,
2.036563456058502197e-01,
2.114432752132415771e-01,
2.115559577941894531e-01,
2.005719989538192749e-01,
2.198899984359741211e-01,
2.163414955139160156e-01,
2.093768119812011719e-01,
2.163813412189483643e-01,
2.191455066204071045e-01,
2.036528587341308594e-01,
1.898838132619857788e-01,
1.872223615646362305e-01,
1.695556789636611938e-01,
1.717389971017837524e-01,
1.791646033525466919e-01,
1.876902580261230469e-01,
2.030177414417266846e-01,
2.127005308866500854e-01,
2.141275256872177124e-01,
2.178309261798858643e-01,
2.040539532899856567e-01,
1.835001111030578613e-01,
1.717379242181777954e-01,
1.616558134555816650e-01,
1.729176640510559082e-01,
1.858281195163726807e-01,
1.953044086694717407e-01,
2.027393281459808350e-01,
2.132220268249511719e-01,
2.045797109603881836e-01,
2.038806974887847900e-01,
2.068166881799697876e-01,
2.060640454292297363e-01,
2.042180001735687256e-01,
1.947811841964721680e-01,
1.957614421844482422e-01,
2.002188712358474731e-01,
2.047796994447708130e-01,
2.111032009124755859e-01,
2.144814878702163696e-01,
2.129998952150344849e-01,
2.030378580093383789e-01,
1.947907060384750366e-01,
1.870162934064865112e-01,
1.816000044345855713e-01,
1.819705665111541748e-01,
1.844757497310638428e-01,
1.851504594087600708e-01,
1.922979205846786499e-01,
1.942249834537506104e-01,
1.976562738418579102e-01,
2.019100487232208252e-01,
2.068314701318740845e-01,
2.115619331598281860e-01,
2.155141085386276245e-01,
2.143115550279617310e-01,
2.127601355314254761e-01,
2.108862251043319702e-01,
2.109976857900619507e-01,
2.103036493062973022e-01,
2.124915570020675659e-01,
2.101564407348632812e-01,
2.071713507175445557e-01,
2.074687927961349487e-01,
2.038105130195617676e-01,
2.025182694196701050e-01,
2.035350501537322998e-01,
1.981184631586074829e-01,
1.945237815380096436e-01,
2.036988735198974609e-01,
2.005432248115539551e-01,
1.991212964057922363e-01,
2.000559717416763306e-01,
2.006857544183731079e-01,
1.900195777416229248e-01,
1.928376555442810059e-01,
1.979964077472686768e-01,
2.014990895986557007e-01,
2.065645754337310791e-01,
2.136025726795196533e-01,
2.204204350709915161e-01,
2.307634055614471436e-01,
2.079987674951553345e-01,
1.894302517175674438e-01,
1.802998930215835571e-01,
1.645418852567672729e-01,
1.329894661903381348e-01,
1.362421065568923950e-01,
1.381731927394866943e-01,
1.425182074308395386e-01,
1.389599889516830444e-01,
1.546646654605865479e-01,
1.745289713144302368e-01,
1.617463678121566772e-01,
1.478881239891052246e-01,
1.435206234455108643e-01,
1.292916536331176758e-01,
1.188250109553337097e-01,
1.274912059307098389e-01,
1.183557584881782532e-01,
1.190958395600318909e-01,
1.162553727626800537e-01,
1.174526065587997437e-01,
1.178553327918052673e-01,
1.186717823147773743e-01,
1.175473481416702271e-01,
1.120853200554847717e-01,
9.707061201333999634e-02,
7.241319119930267334e-02,
6.888677179813385010e-02,
7.397707551717758179e-02,
9.297756105661392212e-02,
1.172971203923225403e-01,
1.517608761787414551e-01,
1.569400876760482788e-01,
1.644181013107299805e-01,
1.685325056314468384e-01,
1.633291393518447876e-01,
1.513051539659500122e-01,
1.480019688606262207e-01,
1.436713188886642456e-01,
1.304554790258407593e-01,
1.344819664955139160e-01,
1.495767980813980103e-01,
1.590445488691329956e-01,
1.644349545240402222e-01,
1.678922325372695923e-01,
1.682735532522201538e-01,
1.605500578880310059e-01,
1.641118824481964111e-01,
1.701293587684631348e-01,
1.742165088653564453e-01,
1.835369169712066650e-01,
1.913384348154067993e-01,
1.956304609775543213e-01,
1.975580453872680664e-01,
1.967504471540451050e-01,
1.964155286550521851e-01,
1.961955279111862183e-01,
1.986980736255645752e-01,
2.011071741580963135e-01,
2.008012831211090088e-01,
1.983910948038101196e-01,
1.982818394899368286e-01,
1.941438466310501099e-01,
1.782189905643463135e-01,
1.647475510835647583e-01,
1.536425501108169556e-01,
1.426883935928344727e-01,
1.309045106172561646e-01,
1.334627270698547363e-01,
1.378179341554641724e-01,
1.459177583456039429e-01,
1.548133045434951782e-01,
1.661629229784011841e-01,
1.772543191909790039e-01,
1.899452656507492065e-01,
2.044545114040374756e-01,
2.159739732742309570e-01,
2.241030782461166382e-01,
2.321445345878601074e-01,
2.319078147411346436e-01,
2.245260924100875854e-01,
2.157643437385559082e-01,
2.067979127168655396e-01,
2.013615071773529053e-01,
2.017341405153274536e-01,
2.042371332645416260e-01,
2.098297327756881714e-01,
2.184016257524490356e-01,
2.272154986858367920e-01,
2.352939695119857788e-01,
2.409726381301879883e-01,
2.416070997714996338e-01,
2.346421629190444946e-01,
2.239013910293579102e-01,
2.108159959316253662e-01,
1.978999078273773193e-01,
1.916930526494979858e-01,
1.876481324434280396e-01,
1.885746419429779053e-01,
1.885148584842681885e-01,
1.886505484580993652e-01,
1.884169578552246094e-01,
1.899818629026412964e-01,
1.920961290597915649e-01,
1.948535442352294922e-01,
1.947128027677536011e-01,
1.963293999433517456e-01,
1.960071027278900146e-01,
1.934237331151962280e-01,
1.911092251539230347e-01,
1.906039863824844360e-01,
1.893140524625778198e-01,
1.879955828189849854e-01,
1.884861737489700317e-01,
1.888716816902160645e-01,
1.913133114576339722e-01,
1.954901367425918579e-01,
2.041646242141723633e-01,
2.124820798635482788e-01,
2.211922109127044678e-01,
2.291601300239562988e-01,
2.309521287679672241e-01,
2.251351922750473022e-01,
2.176063954830169678e-01,
2.075766175985336304e-01,
2.012725174427032471e-01,
2.004620581865310669e-01,
2.064267098903656006e-01,
2.149972617626190186e-01,
2.201055139303207397e-01,
2.168547511100769043e-01,
2.093446701765060425e-01,
1.987960189580917358e-01,
1.855930387973785400e-01,
1.726936995983123779e-01,
1.647584140300750732e-01,
1.654478907585144043e-01,
1.667812466621398926e-01,
1.683124899864196777e-01,
1.706254333257675171e-01,
1.736236065626144409e-01,
1.721563488245010376e-01,
1.664753705263137817e-01,
1.623363643884658813e-01,
1.605847477912902832e-01,
1.542752236127853394e-01,
1.482996791601181030e-01,
1.439094841480255127e-01,
1.392491459846496582e-01,
1.366414874792098999e-01,
1.406165510416030884e-01,
1.446529179811477661e-01,
1.447454839944839478e-01,
1.429725736379623413e-01,
1.387692689895629883e-01,
1.361021101474761963e-01,
1.329292207956314087e-01,
1.316496133804321289e-01,
1.300891488790512085e-01,
1.296736449003219604e-01,
1.271038949489593506e-01,
1.256155967712402344e-01,
1.268045753240585327e-01,
1.318199336528778076e-01,
1.399143487215042114e-01,
1.443591713905334473e-01,
1.496066600084304810e-01,
1.548658311367034912e-01,
1.574170589447021484e-01,
1.585918515920639038e-01,
1.617706865072250366e-01,
1.643526256084442139e-01,
1.636658310890197754e-01,
1.633120477199554443e-01,
1.624015420675277710e-01,
1.610052138566970825e-01,
1.585672497749328613e-01,
1.564703583717346191e-01,
1.555049717426300049e-01,
1.553770601749420166e-01,
1.568547934293746948e-01,
1.575564146041870117e-01,
1.576508879661560059e-01,
1.575442999601364136e-01,
1.568213105201721191e-01,
1.561609506607055664e-01,
1.559523046016693115e-01,
1.536224186420440674e-01,
1.516640633344650269e-01,
1.497337818145751953e-01,
1.474439054727554321e-01,
1.451401114463806152e-01,
1.434738337993621826e-01,
1.396913677453994751e-01,
1.380944699048995972e-01,
1.439960449934005737e-01,
1.472619771957397461e-01,
1.525425761938095093e-01,
1.552610248327255249e-01,
1.610869020223617554e-01,
1.586903184652328491e-01,
1.580950766801834106e-01,
1.581351161003112793e-01,
1.565983891487121582e-01,
1.555411219596862793e-01,
1.547275185585021973e-01,
1.549803763628005981e-01,
1.567258089780807495e-01,
1.591902822256088257e-01,
1.583807468414306641e-01,
1.582954078912734985e-01,
1.587981283664703369e-01,
1.577302664518356323e-01,
1.593376398086547852e-01,
1.600181907415390015e-01,
1.606621742248535156e-01,
1.592679023742675781e-01,
1.583736240863800049e-01,
1.564498990774154663e-01,
1.578771919012069702e-01,
1.601961851119995117e-01,
1.609549373388290405e-01,
1.604855954647064209e-01,
1.584948450326919556e-01,
1.536176800727844238e-01,
1.467321664094924927e-01,
1.385178714990615845e-01,
1.338457167148590088e-01,
1.294133812189102173e-01,
1.274487227201461792e-01,
1.296555101871490479e-01,
1.309604048728942871e-01,
1.330248266458511353e-01,
1.356422156095504761e-01,
1.375425457954406738e-01,
1.377852559089660645e-01,
1.393217891454696655e-01,
1.393003165721893311e-01,
1.388490349054336548e-01,
1.376291215419769287e-01,
1.344286203384399414e-01,
1.314069777727127075e-01,
1.319792717695236206e-01,
1.305793821811676025e-01,
1.292516887187957764e-01,
1.307383924722671509e-01,
1.329027712345123291e-01,
1.355022639036178589e-01,
1.388157159090042114e-01,
1.425711363554000854e-01,
1.452759206295013428e-01,
1.468082517385482788e-01,
1.473466753959655762e-01,
1.422080695629119873e-01,
1.378815770149230957e-01,
1.328981816768646240e-01,
1.270901411771774292e-01,
1.228289455175399780e-01,
1.237125247716903687e-01,
1.241412535309791565e-01,
1.255638301372528076e-01,
1.278494149446487427e-01,
1.288824677467346191e-01,
1.299612373113632202e-01,
1.304052323102951050e-01,
1.318677514791488647e-01,
1.331798881292343140e-01,
1.330644637346267700e-01,
1.326010823249816895e-01,
1.325449198484420776e-01,
1.311327069997787476e-01,
1.277690678834915161e-01,
1.259105503559112549e-01,
1.263306587934494019e-01,
1.245876103639602661e-01,
1.247128620743751526e-01,
1.242465600371360779e-01,
1.227022111415863037e-01,
1.181215420365333557e-01,
1.134841740131378174e-01,
1.095250919461250305e-01,
1.051954030990600586e-01,
1.027715504169464111e-01,
1.013689041137695312e-01,
1.031616851687431335e-01,
1.090440228581428528e-01,
1.134562417864799500e-01,
1.144872307777404785e-01,
1.141049936413764954e-01,
-6.351672857999801636e-02,
-2.530595473945140839e-02,
5.169381201267242432e-02,
1.745358705520629883e-01,
2.560858428478240967e-01,
3.132499754428863525e-01,
3.579816222190856934e-01,
3.774124085903167725e-01,
3.798810839653015137e-01,
3.635629117488861084e-01,
3.358792662620544434e-01,
3.093866705894470215e-01,
2.824985086917877197e-01,
2.528073489665985107e-01,
2.417772263288497925e-01,
2.373777627944946289e-01,
2.313292175531387329e-01,
2.274439185857772827e-01,
2.336120903491973877e-01,
2.302126884460449219e-01,
2.348659187555313110e-01,
2.454416751861572266e-01,
2.540754675865173340e-01,
2.585581243038177490e-01,
2.557424604892730713e-01,
2.567355334758758545e-01,
2.414991706609725952e-01,
2.371211498975753784e-01,
2.269162237644195557e-01,
2.382372766733169556e-01,
2.385697364807128906e-01,
2.521573901176452637e-01,
2.467261254787445068e-01,
2.501714527606964111e-01,
2.482813149690628052e-01,
2.454032003879547119e-01,
2.402912974357604980e-01,
2.452784180641174316e-01,
2.534962296485900879e-01,
2.525084614753723145e-01,
2.555765509605407715e-01,
2.494780123233795166e-01,
2.462678700685501099e-01,
2.211477160453796387e-01,
2.076577246189117432e-01,
1.653376817703247070e-01,
1.649295091629028320e-01,
1.322851777076721191e-01,
1.192623749375343323e-01,
9.328347444534301758e-02,
1.192854195833206177e-01,
1.036580130457878113e-01,
1.085323393344879150e-01,
1.194253787398338318e-01,
1.470362991094589233e-01,
1.319014579057693481e-01,
1.273267269134521484e-01,
1.285417228937149048e-01,
1.272039860486984253e-01,
7.680187374353408813e-02,
6.229150295257568359e-02,
5.862107872962951660e-02,
5.342927202582359314e-02,
3.728020936250686646e-02,
4.693553596735000610e-02,
5.757813155651092529e-02,
2.853477746248245239e-02,
2.364120446145534515e-02,
-9.234693716280162334e-04,
-2.578478120267391205e-02,
-8.531316369771957397e-02,
-1.090075597167015076e-01,
-1.701030880212783813e-01,
-1.829603910446166992e-01,
-1.846115440130233765e-01,
-1.210295334458351135e-01,
-4.667334631085395813e-02,
5.321470275521278381e-02,
1.278831362724304199e-01,
1.628948599100112915e-01,
1.699056774377822876e-01,
1.412221491336822510e-01,
1.263916492462158203e-01,
1.346046030521392822e-01,
1.597131788730621338e-01,
1.676542907953262329e-01,
1.820195466279983521e-01,
1.656286120414733887e-01,
1.083963140845298767e-01,
6.140594556927680969e-02,
6.267569959163665771e-02,
6.281545758247375488e-02,
6.053064018487930298e-02,
5.667690932750701904e-02,
6.377223879098892212e-02,
4.418124258518218994e-02,
3.100010380148887634e-02,
4.621030762791633606e-02,
6.679079681634902954e-02,
9.662139415740966797e-02,
1.269542276859283447e-01,
1.697583049535751343e-01,
1.888516545295715332e-01,
2.120065987110137939e-01,
2.310301959514617920e-01,
2.331767529249191284e-01,
2.122879922389984131e-01,
1.843421906232833862e-01,
1.531691104173660278e-01,
1.258383691310882568e-01,
1.304100602865219116e-01,
1.111421138048171997e-01,
1.237265244126319885e-01,
1.743132323026657104e-01,
1.779900044202804565e-01,
1.393415778875350952e-01,
9.362941235303878784e-02,
8.733374625444412231e-02,
5.993014946579933167e-02,
3.599797561764717102e-02,
1.572057045996189117e-02,
2.959430776536464691e-02,
1.370240654796361923e-02,
-4.347768425941467285e-02,
-7.320258021354675293e-02,
-6.300939619541168213e-02,
-2.992216311395168304e-02,
-1.253946684300899506e-02,
1.683575287461280823e-02,
3.845650330185890198e-02,
6.443364173173904419e-02,
8.436237275600433350e-02,
9.198612719774246216e-02,
1.162490099668502808e-01,
1.221658438444137573e-01,
1.282832026481628418e-01,
1.255112439393997192e-01,
1.345198601484298706e-01,
1.578288674354553223e-01,
1.782546788454055786e-01,
1.919671595096588135e-01,
2.084532827138900757e-01,
2.172315120697021484e-01,
2.208692431449890137e-01,
2.362842708826065063e-01,
2.435494065284729004e-01,
2.398082166910171509e-01,
2.440217584371566772e-01,
2.428569197654724121e-01,
2.290163636207580566e-01,
2.180456668138504028e-01,
2.057718336582183838e-01,
1.999126374721527100e-01,
1.955320388078689575e-01,
2.049458920955657959e-01,
2.103447318077087402e-01,
2.167724221944808960e-01,
2.012166678905487061e-01,
2.029379606246948242e-01,
2.055605351924896240e-01,
1.989823877811431885e-01,
2.090140283107757568e-01,
2.198213040828704834e-01,
2.261292189359664917e-01,
2.184555977582931519e-01,
2.164436727762222290e-01,
2.177078276872634888e-01,
2.156081646680831909e-01,
2.039578706026077271e-01,
2.028084546327590942e-01,
2.079616189002990723e-01,
2.045858204364776611e-01,
2.010494917631149292e-01,
1.995977759361267090e-01,
1.949172616004943848e-01,
1.904371976852416992e-01,
1.885342895984649658e-01,
1.952717602252960205e-01,
2.056616842746734619e-01,
2.061424851417541504e-01,
2.079829424619674683e-01,
2.129621505737304688e-01,
2.073142677545547485e-01,
2.038140743970870972e-01,
2.044876962900161743e-01,
1.974002867937088013e-01,
1.984426528215408325e-01,
1.984056681394577026e-01,
1.951477825641632080e-01,
1.937600076198577881e-01,
2.015275657176971436e-01,
2.031567543745040894e-01,
2.101989388465881348e-01,
2.035401612520217896e-01,
1.867102682590484619e-01,
1.654039472341537476e-01,
1.550282239913940430e-01,
1.475883275270462036e-01,
1.379460245370864868e-01,
1.345297545194625854e-01,
1.419291049242019653e-01,
1.288205385208129883e-01,
1.131086274981498718e-01,
1.190511360764503479e-01,
1.189104020595550537e-01,
9.730911254882812500e-02,
9.624662995338439941e-02,
1.082461029291152954e-01,
1.164867728948593140e-01,
1.259934157133102417e-01,
1.414061188697814941e-01,
1.446436494588851929e-01,
1.406368017196655273e-01,
1.459209918975830078e-01,
1.564301848411560059e-01,
1.695111989974975586e-01,
1.890232264995574951e-01,
2.008237540721893311e-01,
2.030391693115234375e-01,
2.033233493566513062e-01,
2.032882422208786011e-01,
2.033807486295700073e-01,
2.012553513050079346e-01,
1.971189528703689575e-01,
1.823118329048156738e-01,
1.676525771617889404e-01,
1.531814187765121460e-01,
1.466821879148483276e-01,
1.442580223083496094e-01,
1.594025790691375732e-01,
1.821618378162384033e-01,
2.015317380428314209e-01,
2.126352190971374512e-01,
2.148385047912597656e-01,
2.152386605739593506e-01,
2.109270840883255005e-01,
2.137040793895721436e-01,
2.211548238992691040e-01,
2.256146818399429321e-01,
2.236275225877761841e-01,
2.151586264371871948e-01,
2.043946385383605957e-01,
1.930917352437973022e-01,
1.865859329700469971e-01,
1.899463236331939697e-01,
1.913617700338363647e-01,
1.913349032402038574e-01,
1.921847015619277954e-01,
1.915294975042343140e-01,
1.892317533493041992e-01,
1.921787858009338379e-01,
1.991929858922958374e-01,
2.095005661249160767e-01,
2.145710289478302002e-01,
2.158285677433013916e-01,
2.170344293117523193e-01,
2.169471681118011475e-01,
2.122683823108673096e-01,
2.051407396793365479e-01,
1.996885389089584351e-01,
1.903203576803207397e-01,
1.822835952043533325e-01,
1.719825118780136108e-01,
1.692045331001281738e-01,
1.668248921632766724e-01,
1.629384756088256836e-01,
1.517487615346908569e-01,
1.463991999626159668e-01,
1.431703567504882812e-01,
1.367441862821578979e-01,
1.386363059282302856e-01,
1.359587311744689941e-01,
1.313930302858352661e-01,
1.285475045442581177e-01,
1.325787305831909180e-01,
1.359393000602722168e-01,
1.418377310037612915e-01,
1.513507217168807983e-01,
1.591524928808212280e-01,
1.610035598278045654e-01,
1.629611551761627197e-01,
1.605489999055862427e-01,
1.584095656871795654e-01,
1.576467752456665039e-01,
1.569005548954010010e-01,
1.564857065677642822e-01,
1.543968170881271362e-01,
1.524724215269088745e-01,
1.465648710727691650e-01,
1.417089849710464478e-01,
1.464292407035827637e-01,
1.483836472034454346e-01,
1.536703407764434814e-01,
1.572572886943817139e-01,
1.621019691228866577e-01,
1.591984182596206665e-01,
1.602300852537155151e-01,
1.581687331199645996e-01,
1.584480106830596924e-01,
1.603140532970428467e-01,
1.602269113063812256e-01,
1.589116752147674561e-01,
1.610461175441741943e-01,
1.588664799928665161e-01,
1.555833667516708374e-01,
1.497037708759307861e-01,
1.440643668174743652e-01,
1.374677866697311401e-01,
1.316751837730407715e-01,
1.308342367410659790e-01,
1.327974945306777954e-01,
1.350501477718353271e-01,
1.331513822078704834e-01,
1.333031952381134033e-01,
1.309549212455749512e-01,
1.303631663322448730e-01,
1.319086104631423950e-01,
1.372065842151641846e-01,
1.407867372035980225e-01,
1.394501179456710815e-01,
1.360724568367004395e-01,
1.322858184576034546e-01,
1.277793198823928833e-01,
1.256912201642990112e-01,
1.268646866083145142e-01,
1.289965510368347168e-01,
1.311526000499725342e-01,
1.327072083950042725e-01,
1.299226433038711548e-01,
1.299839019775390625e-01,
1.275266110897064209e-01,
1.246749013662338257e-01,
1.187217608094215393e-01,
1.152005642652511597e-01,
1.104261428117752075e-01,
1.111447960138320923e-01,
1.103914231061935425e-01,
4.108318313956260681e-02,
1.001490429043769836e-01,
1.773940771818161011e-01,
2.865903973579406738e-01,
3.607615530490875244e-01,
3.540607988834381104e-01,
3.247205018997192383e-01,
2.941860556602478027e-01,
2.668735682964324951e-01,
2.317214310169219971e-01,
2.268974334001541138e-01,
2.246711552143096924e-01,
2.289015650749206543e-01,
2.315850406885147095e-01,
2.456784844398498535e-01,
2.480695843696594238e-01,
2.440727055072784424e-01,
2.378700226545333862e-01,
2.346087992191314697e-01,
2.344241291284561157e-01,
2.303348630666732788e-01,
2.399713397026062012e-01,
2.405184656381607056e-01,
2.473102062940597534e-01,
2.477947771549224854e-01,
2.544959485530853271e-01,
2.466892302036285400e-01,
2.376939058303833008e-01,
2.254208326339721680e-01,
1.997311711311340332e-01,
1.570263803005218506e-01,
1.251385807991027832e-01,
1.119824871420860291e-01,
9.775053709745407104e-02,
1.024225950241088867e-01,
1.083836778998374939e-01,
1.276718229055404663e-01,
1.133431866765022278e-01,
1.028412878513336182e-01,
7.882396876811981201e-02,
6.972507387399673462e-02,
6.540991365909576416e-02,
8.336613327264785767e-02,
7.634212821722030640e-02,
6.119789183139801025e-02,
3.093637898564338684e-02,
9.179572574794292450e-03,
-4.239469394087791443e-02,
-6.260065734386444092e-02,
-2.873359806835651398e-02,
1.601999253034591675e-02,
5.229935422539710999e-02,
6.996399164199829102e-02,
8.508972823619842529e-02,
8.431664109230041504e-02,
7.597548514604568481e-02,
7.993513345718383789e-02,
9.313568472862243652e-02,
9.449707716703414917e-02,
7.367594540119171143e-02,
7.302688062191009521e-02,
5.552698299288749695e-02,
4.932986572384834290e-02,
7.192878425121307373e-02,
8.665979653596878052e-02,
1.117323935031890869e-01,
1.361913532018661499e-01,
1.655311286449432373e-01,
1.807564646005630493e-01,
1.936653405427932739e-01,
1.637482345104217529e-01,
1.212408691644668579e-01,
8.869931101799011230e-02,
6.300766021013259888e-02,
4.535438120365142822e-02,
6.848457455635070801e-02,
4.673717543482780457e-02,
3.417779132723808289e-02,
2.297429181635379791e-02,
5.894741509109735489e-03,
-2.763818204402923584e-02,
6.899582687765359879e-03,
3.499225480481982231e-03,
1.509159244596958160e-02,
1.804070360958576202e-02,
3.506631031632423401e-02,
5.011550709605216980e-02,
8.035149425268173218e-02,
7.930625230073928833e-02,
1.095087155699729919e-01,
1.279978156089782715e-01,
1.461657285690307617e-01,
1.681070625782012939e-01,
1.973952502012252808e-01,
2.163123786449432373e-01,
2.331186681985855103e-01,
2.341673374176025391e-01,
2.364588826894760132e-01,
2.289033234119415283e-01,
2.202222496271133423e-01,
2.151820808649063110e-01,
2.099865972995758057e-01,
2.068046182394027710e-01,
2.063885331153869629e-01,
2.049048095941543579e-01,
2.056961655616760254e-01,
2.050446718931198120e-01,
1.932133287191390991e-01,
1.991638988256454468e-01,
1.968210339546203613e-01,
1.857808828353881836e-01,
1.933167427778244019e-01,
2.038147896528244019e-01,
1.989782899618148804e-01,
1.941589564085006714e-01,
1.954002976417541504e-01,
1.954754590988159180e-01,
1.951898336410522461e-01,
1.987694799900054932e-01,
2.065549641847610474e-01,
2.088883221149444580e-01,
2.094633877277374268e-01,
2.034691721200942993e-01,
1.997104883193969727e-01,
1.968641281127929688e-01,
1.989484727382659912e-01,
2.040483206510543823e-01,
1.921112537384033203e-01,
1.802453100681304932e-01,
1.738889068365097046e-01,
1.707129478454589844e-01,
1.508077085018157959e-01,
1.585132330656051636e-01,
1.525461524724960327e-01,
1.432013213634490967e-01,
1.201449558138847351e-01,
1.176579445600509644e-01,
1.216350495815277100e-01,
1.342798918485641479e-01,
1.308069080114364624e-01,
1.470323652029037476e-01,
1.551319807767868042e-01,
1.497400403022766113e-01,
1.577420383691787720e-01,
1.760254204273223877e-01,
1.829092353582382202e-01,
1.930841058492660522e-01,
1.997824162244796753e-01,
1.871055960655212402e-01,
1.705494523048400879e-01,
1.671480387449264526e-01,
1.629264950752258301e-01,
1.730303615331649780e-01,
1.911178082227706909e-01,
2.037376612424850464e-01,
2.113332152366638184e-01,
2.222554236650466919e-01,
2.223214060068130493e-01,
2.166923731565475464e-01,
2.143606841564178467e-01,
2.084940671920776367e-01,
1.994281709194183350e-01,
1.902272105216979980e-01,
1.900934129953384399e-01,
1.892577409744262695e-01,
1.915232390165328979e-01,
1.991792768239974976e-01,
2.052873075008392334e-01,
2.064264267683029175e-01,
2.138193696737289429e-01,
2.158800512552261353e-01,
2.053113430738449097e-01,
1.918397694826126099e-01,
1.871528774499893188e-01,
1.755777895450592041e-01,
1.613568961620330811e-01,
1.555340290069580078e-01,
1.531198620796203613e-01,
1.429920494556427002e-01,
1.368043422698974609e-01,
1.343888193368911743e-01,
1.346218734979629517e-01,
1.353728324174880981e-01,
1.436667144298553467e-01,
1.497909575700759888e-01,
1.570199579000473022e-01,
1.591143459081649780e-01,
1.598845124244689941e-01,
1.572577506303787231e-01,
1.561867445707321167e-01,
1.533938348293304443e-01,
1.475229114294052124e-01,
1.479891091585159302e-01,
1.514130383729934692e-01,
1.520947664976119995e-01,
1.538482159376144409e-01,
1.597933918237686157e-01,
1.576134562492370605e-01,
1.593705713748931885e-01,
1.585105657577514648e-01,
1.610725373029708862e-01,
1.588201969861984253e-01,
1.519728302955627441e-01,
1.446770578622817993e-01,
1.414167284965515137e-01,
1.355289965867996216e-01,
1.329953819513320923e-01,
1.323603391647338867e-01,
1.329330205917358398e-01,
1.351644396781921387e-01,
1.361066550016403198e-01,
1.362351477146148682e-01,
1.359311491250991821e-01,
1.351006776094436646e-01,
1.314678341150283813e-01,
1.297577470541000366e-01,
1.281308382749557495e-01,
1.306892335414886475e-01,
1.293658614158630371e-01,
1.263711303472518921e-01,
1.203476712107658386e-01,
1.151881888508796692e-01,
1.148152425885200500e-01,
