2.142612548828125000e+03,
2.110988525390625000e+03,
2.078588623046875000e+03,
2.017087890625000000e+03,
1.909370483398437500e+03,
1.899000488281250000e+03,
1.930714843750000000e+03,
1.978363891601562500e+03,
2.031803710937500000e+03,
2.033225952148437500e+03,
2.023355834960937500e+03,
1.978996948242187500e+03,
1.915106201171875000e+03,
1.863010742187500000e+03,
1.792473876953125000e+03,
1.758222290039062500e+03,
1.734965942382812500e+03,
1.710556152343750000e+03,
1.677511718750000000e+03,
1.668567138671875000e+03,
1.666520874023437500e+03,
1.663394165039062500e+03,
1.663828979492187500e+03,
1.662107910156250000e+03,
1.667681030273437500e+03,
1.667396484375000000e+03,
1.655036743164062500e+03,
1.645121337890625000e+03,
1.632532592773437500e+03,
1.612633544921875000e+03,
1.603938842773437500e+03,
1.601995971679687500e+03,
1.600367797851562500e+03,
1.592513671875000000e+03,
1.596155761718750000e+03,
1.622207641601562500e+03,
1.637506347656250000e+03,
1.639904541015625000e+03,
1.648024169921875000e+03,
1.668614501953125000e+03,
1.671647583007812500e+03,
1.688940429687500000e+03,
1.713930297851562500e+03,
1.758407958984375000e+03,
1.797328735351562500e+03,
1.839621948242187500e+03,
1.880654785156250000e+03,
1.950531005859375000e+03,
1.999611206054687500e+03,
2.054281494140625000e+03,
2.088504150390625000e+03,
2.107139404296875000e+03,
2.106065673828125000e+03,
2.107213867187500000e+03,
2.085820800781250000e+03,
2.089347412109375000e+03,
2.111891113281250000e+03,
2.125536865234375000e+03,
2.103710205078125000e+03,
2.088374755859375000e+03,
2.023231567382812500e+03,
2.025227050781250000e+03,
2.017172241210937500e+03,
2.021177246093750000e+03,
2.037213745117187500e+03,
2.033349487304687500e+03,
2.044479125976562500e+03,
2.031968627929687500e+03,
2.104018554687500000e+03,
2.150949951171875000e+03,
2.188336669921875000e+03,
2.155664306640625000e+03,
2.017729125976562500e+03,
1.965605224609375000e+03,
1.882542968750000000e+03,
1.798904541015625000e+03,
1.758827270507812500e+03,
1.760537353515625000e+03,
1.755943847656250000e+03,
1.703742919921875000e+03,
1.703019653320312500e+03,
1.685930664062500000e+03,
1.691427368164062500e+03,
1.683282226562500000e+03,
1.714993286132812500e+03,
1.734178100585937500e+03,
1.766848999023437500e+03,
1.809570190429687500e+03,
1.859109741210937500e+03,
1.935938598632812500e+03,
1.995862304687500000e+03,
2.099252929687500000e+03,
2.174447265625000000e+03,
2.205161621093750000e+03,
2.187168457031250000e+03,
2.195210693359375000e+03,
2.159412597656250000e+03,
2.173789550781250000e+03,
2.181092285156250000e+03,
2.144894531250000000e+03,
2.201509033203125000e+03,
2.182907470703125000e+03,
2.173002197265625000e+03,
2.076546630859375000e+03,
1.913966674804687500e+03,
1.825878784179687500e+03,
1.797632568359375000e+03,
1.760744750976562500e+03,
1.769837768554687500e+03,
1.774191162109375000e+03,
1.806613281250000000e+03,
1.885052490234375000e+03,
1.963802001953125000e+03,
2.032601562500000000e+03,
2.118745849609375000e+03,
2.215199707031250000e+03,
2.298393310546875000e+03,
2.300214843750000000e+03,
2.269970703125000000e+03,
2.323544189453125000e+03,
