1.035246337890625000e+03,
1.042417480468750000e+03,
1.068511352539062500e+03,
1.079032348632812500e+03,
1.013990600585937500e+03,
1.098199584960937500e+03,
1.196427490234375000e+03,
1.272292114257812500e+03,
1.312505126953125000e+03,
1.343793579101562500e+03,
1.340723266601562500e+03,
1.312277832031250000e+03,
1.320872070312500000e+03,
1.327245117187500000e+03,
1.345192871093750000e+03,
1.368953857421875000e+03,
1.381284912109375000e+03,
1.408083129882812500e+03,
1.406427124023437500e+03,
1.440794677734375000e+03,
1.456169311523437500e+03,
1.448309204101562500e+03,
1.404902709960937500e+03,
1.333464233398437500e+03,
1.254917236328125000e+03,
1.184476196289062500e+03,
1.120718139648437500e+03,
1.071972167968750000e+03,
1.021565856933593750e+03,
9.879807128906250000e+02,
9.731814575195312500e+02,
9.493595581054687500e+02,
9.608668823242187500e+02,
9.894794311523437500e+02,
1.054907958984375000e+03,
1.172564208984375000e+03,
1.320902587890625000e+03,
1.494566284179687500e+03,
1.701781738281250000e+03,
1.945859008789062500e+03,
2.185891357421875000e+03,
2.346223144531250000e+03,
2.427804687500000000e+03,
2.488958984375000000e+03,
2.468309570312500000e+03,
2.369868408203125000e+03,
2.254747070312500000e+03,
2.172531250000000000e+03,
2.101650146484375000e+03,
2.022095092773437500e+03,
1.941922119140625000e+03,
1.877179321289062500e+03,
1.822019531250000000e+03,
1.812395019531250000e+03,
1.815548461914062500e+03,
1.809974853515625000e+03,
1.785034423828125000e+03,
1.767837280273437500e+03,
1.755680786132812500e+03,
1.742002319335937500e+03,
1.720246826171875000e+03,
1.677088867187500000e+03,
1.621480957031250000e+03,
1.548158813476562500e+03,
1.474647338867187500e+03,
1.391288818359375000e+03,
1.325123413085937500e+03,
1.226213134765625000e+03,
1.125522583007812500e+03,
1.048524169921875000e+03,
9.851309814453125000e+02,
9.696569824218750000e+02,
9.784074707031250000e+02,
1.021547180175781250e+03,
1.082361694335937500e+03,
1.124976928710937500e+03,
1.161371582031250000e+03,
1.192508300781250000e+03,
1.223800903320312500e+03,
1.213480834960937500e+03,
1.213856201171875000e+03,
1.192325195312500000e+03,
1.180497802734375000e+03,
1.192801025390625000e+03,
1.187828979492187500e+03,
1.217996582031250000e+03,
1.221178466796875000e+03,
1.196220214843750000e+03,
1.159843627929687500e+03,
1.131699951171875000e+03,
1.096534912109375000e+03,
1.053737304687500000e+03,
1.013877685546875000e+03,
9.607745361328125000e+02,
9.181320190429687500e+02,
8.901624145507812500e+02,
8.578435058593750000e+02,
8.325554199218750000e+02,
8.065208129882812500e+02,
7.794468994140625000e+02,
7.448029785156250000e+02,
6.933610229492187500e+02,
6.461568603515625000e+02,
6.108873901367187500e+02,
5.763197021484375000e+02,
5.504208984375000000e+02,
5.383126220703125000e+02,
5.231124267578125000e+02,
5.015531616210937500e+02,
4.902018432617187500e+02,
4.858795471191406250e+02,
4.847989807128906250e+02,
4.906198120117187500e+02,
4.767595520019531250e+02,
4.772059936523437500e+02,
4.744195556640625000e+02,
4.728457946777343750e+02,
4.671652221679687500e+02,
4.651223449707031250e+02,
4.488522644042968750e+02,
4.339528503417968750e+02,
4.175910339355468750e+02,
3.935782775878906250e+02,
3.719172058105468750e+02,
3.561429138183593750e+02,
3.360749511718750000e+02,
3.045473937988281250e+02,
2.815639648437500000e+02,
2.701256408691406250e+02,
2.618119812011718750e+02,
2.546083374023437500e+02,
2.553061676025390625e+02,
2.525661468505859375e+02,
2.479109954833984375e+02,
2.483724060058593750e+02,
2.422463378906250000e+02,
2.401873931884765625e+02,
2.381326446533203125e+02,
2.358274078369140625e+02,
2.366634216308593750e+02,
2.326810760498046875e+02,
2.300043334960937500e+02,
2.296333923339843750e+02,
2.420863037109375000e+02,
2.716253662109375000e+02,
3.165234985351562500e+02,
3.776109619140625000e+02,
4.571212158203125000e+02,
5.429489746093750000e+02,
6.185895385742187500e+02,
6.859930419921875000e+02,
7.144605712890625000e+02,
7.198533325195312500e+02,
7.088506469726562500e+02,
7.016710815429687500e+02,
6.975696411132812500e+02,
6.752891235351562500e+02,
6.436134643554687500e+02,
6.155078125000000000e+02,
5.742967529296875000e+02,
5.338973388671875000e+02,
4.992471618652343750e+02,
4.823577270507812500e+02,
4.869908752441406250e+02,
4.822928771972656250e+02,
4.792257385253906250e+02,
4.709783325195312500e+02,
4.540461730957031250e+02,
4.347207946777343750e+02,
4.090051269531250000e+02,
3.861801452636718750e+02,
3.687514648437500000e+02,
3.479222717285156250e+02,
3.141681518554687500e+02,
2.859194030761718750e+02,
2.592344665527343750e+02,
2.385072631835937500e+02,
2.229568939208984375e+02,
2.167096557617187500e+02,
2.178805541992187500e+02,
2.252329864501953125e+02,
2.372693939208984375e+02,
2.487961273193359375e+02,
2.614649047851562500e+02,
2.770607299804687500e+02,
2.864473876953125000e+02,
2.896495056152343750e+02,
2.943609313964843750e+02,
3.043469543457031250e+02,
3.052255249023437500e+02,
3.036106567382812500e+02,
3.054295959472656250e+02,
2.996958312988281250e+02,
2.998158874511718750e+02,
2.847299194335937500e+02,
2.758554382324218750e+02,
2.802353210449218750e+02,
2.872780456542968750e+02,
2.884271850585937500e+02,
2.954807128906250000e+02,
2.926590576171875000e+02,
2.922538757324218750e+02,
2.937391357421875000e+02,
2.922681884765625000e+02,
2.862909851074218750e+02,
2.788474426269531250e+02,
2.783737182617187500e+02,
2.720610351562500000e+02,
2.747565307617187500e+02,
2.671370544433593750e+02,
2.592492065429687500e+02,
2.620694274902343750e+02,
2.591992187500000000e+02,
2.534452972412109375e+02,
2.494189605712890625e+02,
2.527547149658203125e+02,
2.570791320800781250e+02,
2.592684020996093750e+02,
2.634641418457031250e+02,
2.644108886718750000e+02,
2.676372680664062500e+02,
2.676255187988281250e+02,
2.604084472656250000e+02,
2.521827087402343750e+02,
2.406241760253906250e+02,
2.416994018554687500e+02,
2.358068084716796875e+02,
2.336551971435546875e+02,
2.375161895751953125e+02,
2.369506835937500000e+02,
2.484678344726562500e+02,
2.611257934570312500e+02,
2.748640747070312500e+02,
2.731624450683593750e+02,
2.749795227050781250e+02,
2.763637695312500000e+02,
2.769281311035156250e+02,
2.762413635253906250e+02,
2.812660827636718750e+02,
2.869327087402343750e+02,
2.899160766601562500e+02,
2.908525390625000000e+02,
2.878934936523437500e+02,
2.826528015136718750e+02,
2.754152526855468750e+02,
2.704901428222656250e+02,
2.571331787109375000e+02,
2.418469085693359375e+02,
2.362143554687500000e+02,
2.251891937255859375e+02,
2.220324554443359375e+02,
2.228430480957031250e+02,
2.259304351806640625e+02,
2.319665222167968750e+02,
2.433743896484375000e+02,
2.574460449218750000e+02,
2.696126708984375000e+02,
2.758998107910156250e+02,
2.823342590332031250e+02,
2.842081298828125000e+02,
2.746721801757812500e+02,
2.739492187500000000e+02,
2.738613586425781250e+02,
2.793299560546875000e+02,
2.893431396484375000e+02,
3.015403442382812500e+02,
3.035221252441406250e+02,
2.993943176269531250e+02,
2.910736694335937500e+02,
2.791534729003906250e+02,
2.739179992675781250e+02,
2.732256164550781250e+02,
2.715062255859375000e+02,
2.656400451660156250e+02,
2.574149169921875000e+02,
2.492242126464843750e+02,
2.452997283935546875e+02,
2.494214935302734375e+02,
2.531240692138671875e+02,
2.753222045898437500e+02,
3.103116760253906250e+02,
3.721140441894531250e+02,
4.293523254394531250e+02,
4.691061401367187500e+02,
4.741727294921875000e+02,
4.957415161132812500e+02,
5.267479248046875000e+02,
5.473564453125000000e+02,
5.116756286621093750e+02,
4.266438903808593750e+02,
3.341917419433593750e+02,
2.971059265136718750e+02,
2.896448059082031250e+02,
3.016436767578125000e+02,
3.101166381835937500e+02,
2.994548339843750000e+02,
2.933212890625000000e+02,
2.865988769531250000e+02,
2.879674072265625000e+02,
2.989143066406250000e+02,
3.140549011230468750e+02,
3.267947998046875000e+02,
3.256423950195312500e+02,
3.235320129394531250e+02,
3.091220397949218750e+02,
2.969259033203125000e+02,
2.835671081542968750e+02,
2.662633361816406250e+02,
2.458203582763671875e+02,
2.282469635009765625e+02,
2.076948699951171875e+02,
1.890422058105468750e+02,
1.838157196044921875e+02,
1.782465667724609375e+02,
1.770605163574218750e+02,
1.782164916992187500e+02,
1.774559326171875000e+02,
1.806945037841796875e+02,
1.855669250488281250e+02,
1.940725097656250000e+02,
1.965480804443359375e+02,
2.022105255126953125e+02,
2.080705871582031250e+02,
2.076472473144531250e+02,
2.019927062988281250e+02,
2.020075073242187500e+02,
1.987797393798828125e+02,
1.952315826416015625e+02,
1.904589080810546875e+02,
1.890895233154296875e+02,
1.886705322265625000e+02,
1.906456909179687500e+02,
1.876138916015625000e+02,
1.864154663085937500e+02,
1.866226043701171875e+02,
1.895407562255859375e+02,
1.885723571777343750e+02,
1.889218292236328125e+02,
1.827690124511718750e+02,
1.786746826171875000e+02,
1.742785491943359375e+02,
1.713277130126953125e+02,
1.691253356933593750e+02,
1.689935913085937500e+02,
1.678571929931640625e+02,
1.655248413085937500e+02,
1.638575897216796875e+02,
1.633975982666015625e+02,
1.612514648437500000e+02,
1.626849822998046875e+02,
1.617892761230468750e+02,
1.641309661865234375e+02,
1.615648651123046875e+02,
1.610515747070312500e+02,
1.599361114501953125e+02,
1.585399780273437500e+02,
1.583568115234375000e+02,
1.584800720214843750e+02,
1.586035156250000000e+02,
1.586090087890625000e+02,
1.564268493652343750e+02,
1.570298919677734375e+02,
1.575140380859375000e+02,
1.574454345703125000e+02,
1.559998168945312500e+02,
1.564480133056640625e+02,
1.560086822509765625e+02,
1.563770446777343750e+02,
1.616440277099609375e+02,
1.667251129150390625e+02,
1.720040893554687500e+02,
1.768895416259765625e+02,
1.791487274169921875e+02,
1.852035522460937500e+02,
1.901731414794921875e+02,
1.987627105712890625e+02,
2.068414001464843750e+02,
2.081183013916015625e+02,
2.104052886962890625e+02,
2.133035888671875000e+02,
2.133499755859375000e+02,
2.125464782714843750e+02,
2.081229705810546875e+02,
2.073417358398437500e+02,
2.050652770996093750e+02,
2.078097839355468750e+02,
2.137032012939453125e+02,
2.099238586425781250e+02,
2.145058593750000000e+02,
2.171421356201171875e+02,
2.257940673828125000e+02,
2.273646392822265625e+02,
2.347071380615234375e+02,
2.373107604980468750e+02,
2.355454864501953125e+02,
2.264363403320312500e+02,
2.172721557617187500e+02,
2.107009887695312500e+02,
2.009100189208984375e+02,
2.015223236083984375e+02,
1.984513549804687500e+02,
2.018772430419921875e+02,
1.984647369384765625e+02,
1.997741699218750000e+02,
2.003596649169921875e+02,
2.056432647705078125e+02,
2.054099578857421875e+02,
2.021570281982421875e+02,
2.019265136718750000e+02,
2.060402374267578125e+02,
2.156352539062500000e+02,
2.205507659912109375e+02,
2.310984649658203125e+02,
2.287337188720703125e+02,
2.262621765136718750e+02,
2.175382843017578125e+02,
2.210951843261718750e+02,
2.233771362304687500e+02,
2.246076354980468750e+02,
2.228157043457031250e+02,
2.169758758544921875e+02,
2.154285888671875000e+02,
2.135316925048828125e+02,
2.091749114990234375e+02,
2.110217895507812500e+02,
2.074917602539062500e+02,
2.095530242919921875e+02,
2.105059356689453125e+02,
2.125665893554687500e+02,
2.184791107177734375e+02,
2.286523437500000000e+02,
2.444482116699218750e+02,
2.635747680664062500e+02,
2.845729980468750000e+02,
3.010312500000000000e+02,
3.102408447265625000e+02,
3.210718688964843750e+02,
3.289852905273437500e+02,
3.303103027343750000e+02,
3.352045898437500000e+02,
3.362428588867187500e+02,
3.433191833496093750e+02,
3.366363220214843750e+02,
3.352488708496093750e+02,
3.379478454589843750e+02,
3.300913391113281250e+02,
3.156087951660156250e+02,
3.006155090332031250e+02,
2.911177673339843750e+02,
3.196855163574218750e+02,
4.287272033691406250e+02,
5.489798583984375000e+02,
6.403318481445312500e+02,
6.955607299804687500e+02,
7.637473144531250000e+02,
7.758651733398437500e+02,
7.265709838867187500e+02,
6.573052978515625000e+02,
5.798656616210937500e+02,
4.855522460937500000e+02,
4.303731384277343750e+02,
3.695060119628906250e+02,
3.232141723632812500e+02,
2.707817687988281250e+02,
2.576163330078125000e+02,
2.883839721679687500e+02,
3.186542663574218750e+02,
3.380190429687500000e+02,
3.419639282226562500e+02,
3.485968017578125000e+02,
3.540487976074218750e+02,
3.753709106445312500e+02,
3.955062866210937500e+02,
4.431705932617187500e+02,
5.340648803710937500e+02,
6.253275146484375000e+02,
6.956932373046875000e+02,
7.765183105468750000e+02,
8.274485473632812500e+02,
8.180011596679687500e+02,
7.989401855468750000e+02,
7.750996704101562500e+02,
7.235164184570312500e+02,
6.484948120117187500e+02,
6.242686157226562500e+02,
6.017402343750000000e+02,
5.396430053710937500e+02,
4.761444702148437500e+02,
4.113264465332031250e+02,
2.713976135253906250e+02,
2.694609985351562500e+02,
2.722798461914062500e+02,
2.693624572753906250e+02,
2.689586486816406250e+02,
2.620669555664062500e+02,
2.568856201171875000e+02,
2.545440216064453125e+02,
2.504075775146484375e+02,
2.463029479980468750e+02,
2.428260040283203125e+02,
2.382766571044921875e+02,
2.378620605468750000e+02,
2.496625366210937500e+02,
2.633746032714843750e+02,
1.312123779296875000e+03,
1.373691650390625000e+03,
1.457671264648437500e+03,
1.495269165039062500e+03,
1.459881713867187500e+03,
1.511478393554687500e+03,
1.491185546875000000e+03,
1.509561889648437500e+03,
1.546915161132812500e+03,
1.518518920898437500e+03,
1.440252319335937500e+03,
1.355976928710937500e+03,
1.242197631835937500e+03,
1.134130249023437500e+03,
1.083569946289062500e+03,
1.163608398437500000e+03,
1.329851440429687500e+03,
1.576968383789062500e+03,
1.924618530273437500e+03,
2.194023681640625000e+03,
2.440008789062500000e+03,
2.565500000000000000e+03,
2.458134521484375000e+03,
2.244426269531250000e+03,
2.140209228515625000e+03,
2.077705322265625000e+03,
2.005864013671875000e+03,
1.955137573242187500e+03,
1.890993408203125000e+03,
1.811026611328125000e+03,
1.712123901367187500e+03,
1.617986938476562500e+03,
1.437042968750000000e+03,
1.321560424804687500e+03,
1.275873779296875000e+03,
1.240224121093750000e+03,
1.229089965820312500e+03,
1.291499633789062500e+03,
1.319338623046875000e+03,
1.347047241210937500e+03,
1.333746337890625000e+03,
1.322952392578125000e+03,
1.314216674804687500e+03,
1.258963256835937500e+03,
1.168375976562500000e+03,
1.095168212890625000e+03,
1.014592956542968750e+03,
9.354882812500000000e+02,
8.700709838867187500e+02,
7.759097900390625000e+02,
7.083193359375000000e+02,
6.401597290039062500e+02,
5.911420898437500000e+02,
5.716646118164062500e+02,
5.563618164062500000e+02,
5.374351806640625000e+02,
5.382640991210937500e+02,
5.173924560546875000e+02,
5.083309020996093750e+02,
4.806571655273437500e+02,
4.420989379882812500e+02,
3.931991882324218750e+02,
3.546721191406250000e+02,
3.177345275878906250e+02,
2.922107238769531250e+02,
2.841326293945312500e+02,
2.757790222167968750e+02,
2.717444458007812500e+02,
2.682112121582031250e+02,
2.676848449707031250e+02,
2.968431396484375000e+02,
3.599329528808593750e+02,
4.583987121582031250e+02,
5.674530639648437500e+02,
6.692625122070312500e+02,
7.327520751953125000e+02,
7.569278564453125000e+02,
7.229761962890625000e+02,
6.747586059570312500e+02,
6.172762451171875000e+02,
5.751970825195312500e+02,
5.317727050781250000e+02,
5.178488769531250000e+02,
4.870132446289062500e+02,
4.283577575683593750e+02,
3.788840026855468750e+02,
3.283682556152343750e+02,
2.902922668457031250e+02,
2.692208557128906250e+02,
2.625867614746093750e+02,
2.809089355468750000e+02,
3.062062377929687500e+02,
3.278749694824218750e+02,
3.435619506835937500e+02,
3.490465393066406250e+02,
3.392915039062500000e+02,
3.465620422363281250e+02,
3.471537780761718750e+02,
3.450193786621093750e+02,
3.512485961914062500e+02,
3.493635864257812500e+02,
3.394505920410156250e+02,
3.269519348144531250e+02,
3.187656250000000000e+02,
3.095547485351562500e+02,
2.962944946289062500e+02,
2.975078430175781250e+02,
2.946887512207031250e+02,
3.050349731445312500e+02,
3.084338684082031250e+02,
3.084486083984375000e+02,
2.841272888183593750e+02,
2.820386352539062500e+02,
2.876790771484375000e+02,
3.022609863281250000e+02,
3.115290222167968750e+02,
3.211348571777343750e+02,
3.409400329589843750e+02,
3.407938842773437500e+02,
3.339459533691406250e+02,
3.333333740234375000e+02,
3.259299011230468750e+02,
3.052646789550781250e+02,
2.877944335937500000e+02,
2.724540405273437500e+02,
2.765419921875000000e+02,
2.918023681640625000e+02,
3.193028259277343750e+02,
3.293740844726562500e+02,
3.327658081054687500e+02,
3.404777832031250000e+02,
3.483614501953125000e+02,
3.470740966796875000e+02,
3.364934082031250000e+02,
3.308464965820312500e+02,
3.159671630859375000e+02,
3.035330505371093750e+02,
3.088719482421875000e+02,
3.753806457519531250e+02,
4.870398559570312500e+02,
5.703654785156250000e+02,
6.108548583984375000e+02,
6.344425048828125000e+02,
6.348727416992187500e+02,
5.395055541992187500e+02,
3.893753051757812500e+02,
3.309233703613281250e+02,
3.457748413085937500e+02,
3.483567504882812500e+02,
3.442758789062500000e+02,
3.411674194335937500e+02,
3.287687683105468750e+02,
2.987192687988281250e+02,
2.648587951660156250e+02,
2.318197479248046875e+02,
2.063548736572265625e+02,
1.917997131347656250e+02,
1.957968292236328125e+02,
2.029428405761718750e+02,
2.104834442138671875e+02,
2.154534149169921875e+02,
2.181333618164062500e+02,
2.147161560058593750e+02,
2.087803192138671875e+02,
1.998416442871093750e+02,
1.947419433593750000e+02,
1.931330413818359375e+02,
1.886108551025390625e+02,
1.833577880859375000e+02,
1.781056213378906250e+02,
1.744367370605468750e+02,
1.704191589355468750e+02,
1.675594329833984375e+02,
1.676402587890625000e+02,
1.678246917724609375e+02,
1.640618896484375000e+02,
1.623006134033203125e+02,
1.615816650390625000e+02,
1.612174072265625000e+02,
1.601995086669921875e+02,
1.580394439697265625e+02,
1.587234802246093750e+02,
1.631568908691406250e+02,
1.735191192626953125e+02,
1.838637847900390625e+02,
1.999688720703125000e+02,
2.180350189208984375e+02,
2.273791656494140625e+02,
2.336635742187500000e+02,
2.367344818115234375e+02,
2.408626708984375000e+02,
2.438117065429687500e+02,
2.399535522460937500e+02,
2.508456726074218750e+02,
2.658401184082031250e+02,
2.774353332519531250e+02,
2.657318725585937500e+02,
2.483525695800781250e+02,
2.354858093261718750e+02,
2.165719757080078125e+02,
2.145613403320312500e+02,
2.239799499511718750e+02,
2.321256103515625000e+02,
2.479345855712890625e+02,
2.488549499511718750e+02,
2.519750366210937500e+02,
2.576366882324218750e+02,
2.505559692382812500e+02,
2.497817993164062500e+02,
2.471371459960937500e+02,
2.349162750244140625e+02,
2.340366973876953125e+02,
2.358868103027343750e+02,
2.453256835937500000e+02,
2.793236083984375000e+02,
3.172693786621093750e+02,
3.433107910156250000e+02,
3.568072204589843750e+02,
3.710518798828125000e+02,
3.711939697265625000e+02,
3.729674072265625000e+02,
3.568436889648437500e+02,
3.509456176757812500e+02,
4.839943542480468750e+02,
6.280565185546875000e+02,
6.841122436523437500e+02,
6.712458496093750000e+02,
6.491151123046875000e+02,
6.388663940429687500e+02,
5.319712524414062500e+02,
4.101010131835937500e+02,
3.698018798828125000e+02,
3.602032775878906250e+02,
3.830209045410156250e+02,
4.204104309082031250e+02,
5.246803588867187500e+02,
6.337913208007812500e+02,
7.097852172851562500e+02,
7.609821166992187500e+02,
7.820000000000000000e+02,
7.582579956054687500e+02,
7.018548583984375000e+02,
6.176123046875000000e+02,
5.199889526367187500e+02,
4.154688720703125000e+02,
3.312934875488281250e+02,
3.160250549316406250e+02,
3.006419677734375000e+02,
2.877615966796875000e+02,
2.960003356933593750e+02,
1.537094604492187500e+03,
1.516421875000000000e+03,
1.556209472656250000e+03,
1.648822021484375000e+03,
1.662683593750000000e+03,
1.592755493164062500e+03,
1.496726440429687500e+03,
1.391879028320312500e+03,
1.274625854492187500e+03,
1.340290405273437500e+03,
1.600332641601562500e+03,
1.925113891601562500e+03,
2.268382568359375000e+03,
2.521302978515625000e+03,
2.538978271484375000e+03,
2.414619873046875000e+03,
2.284538574218750000e+03,
2.170635986328125000e+03,
1.993674316406250000e+03,
1.853230957031250000e+03,
1.712572509765625000e+03,
1.598005615234375000e+03,
1.502633300781250000e+03,
1.430292480468750000e+03,
1.385010009765625000e+03,
1.425272338867187500e+03,
1.438837890625000000e+03,
1.406696289062500000e+03,
1.319938476562500000e+03,
1.222926635742187500e+03,
1.088754638671875000e+03,
9.614562377929687500e+02,
8.363024291992187500e+02,
7.393634033203125000e+02,
6.713275756835937500e+02,
6.267120361328125000e+02,
5.974921875000000000e+02,
5.767763061523437500e+02,
5.324321899414062500e+02,
4.889857177734375000e+02,
4.324165649414062500e+02,
3.892253112792968750e+02,
3.418611450195312500e+02,
3.124672241210937500e+02,
3.044738159179687500e+02,
3.202622070312500000e+02,
3.883280334472656250e+02,
4.910579833984375000e+02,
5.937791137695312500e+02,
6.949602661132812500e+02,
7.588366699218750000e+02,
7.500989990234375000e+02,
6.886631469726562500e+02,
6.255809936523437500e+02,
5.593601684570312500e+02,
4.946674194335937500e+02,
4.232479248046875000e+02,
3.627293395996093750e+02,
3.332479248046875000e+02,
3.181082763671875000e+02,
3.363091430664062500e+02,
3.727044067382812500e+02,
3.851718750000000000e+02,
4.045019836425781250e+02,
4.237003173828125000e+02,
4.121140747070312500e+02,
4.075234375000000000e+02,
3.912192077636718750e+02,
3.748053283691406250e+02,
3.541000061035156250e+02,
3.526319580078125000e+02,
3.526038513183593750e+02,
3.454746704101562500e+02,
3.477078857421875000e+02,
3.423278198242187500e+02,
3.480516052246093750e+02,
3.528586120605468750e+02,
3.821691589355468750e+02,
3.904040527343750000e+02,
3.746863708496093750e+02,
3.572729187011718750e+02,
3.456686096191406250e+02,
3.408095092773437500e+02,
3.327092590332031250e+02,
3.519177551269531250e+02,
3.922420654296875000e+02,
3.924388122558593750e+02,
4.001069946289062500e+02,
3.827795410156250000e+02,
3.698191528320312500e+02,
3.765226440429687500e+02,
5.030233154296875000e+02,
5.956193847656250000e+02,
6.428034057617187500e+02,
6.738390502929687500e+02,
6.580764160156250000e+02,
5.409206542968750000e+02,
3.858371887207031250e+02,
3.716304626464843750e+02,
3.531152038574218750e+02,
3.315676879882812500e+02,
3.000150146484375000e+02,
2.526612396240234375e+02,
2.265327911376953125e+02,
2.123720550537109375e+02,
2.153844909667968750e+02,
2.235631866455078125e+02,
2.246377716064453125e+02,
2.184637298583984375e+02,
2.061229095458984375e+02,
1.950648498535156250e+02,
1.869213562011718750e+02,
1.796612243652343750e+02,
1.767135314941406250e+02,
1.728668212890625000e+02,
1.704461975097656250e+02,
1.665731964111328125e+02,
1.646552429199218750e+02,
1.621532440185546875e+02,
1.611145935058593750e+02,
1.619920959472656250e+02,
1.768176269531250000e+02,
2.019811248779296875e+02,
2.260507354736328125e+02,
2.498778533935546875e+02,
2.653691711425781250e+02,
2.758978881835937500e+02,
2.909885864257812500e+02,
3.000925903320312500e+02,
3.138179626464843750e+02,
2.937568664550781250e+02,
2.776991577148437500e+02,
2.552470550537109375e+02,
2.471082000732421875e+02,
2.766599121093750000e+02,
2.888789978027343750e+02,
2.907131347656250000e+02,
2.797984008789062500e+02,
2.736435852050781250e+02,
2.744907226562500000e+02,
2.657678833007812500e+02,
2.869267272949218750e+02,
3.297416076660156250e+02,
3.753742980957031250e+02,
4.090456237792968750e+02,
4.174353332519531250e+02,
4.115559692382812500e+02,
5.004072875976562500e+02,
6.350170898437500000e+02,
6.728485717773437500e+02,
6.426323852539062500e+02,
6.165756225585937500e+02,
5.813386840820312500e+02,
4.557185668945312500e+02,
3.993078918457031250e+02,
4.953450927734375000e+02,
6.278239746093750000e+02,
6.846633911132812500e+02,
7.324846191406250000e+02,
7.819968872070312500e+02,
7.697637939453125000e+02,
6.599766235351562500e+02,
5.501193237304687500e+02,
3.843744201660156250e+02,
3.558732910156250000e+02,
