7.347698974609375000e+02,
7.361267089843750000e+02,
7.403728027343750000e+02,
7.354866943359375000e+02,
6.890845336914062500e+02,
7.170535278320312500e+02,
7.414508666992187500e+02,
7.614854736328125000e+02,
7.776524658203125000e+02,
7.774678955078125000e+02,
7.829885253906250000e+02,
7.917458496093750000e+02,
7.974010620117187500e+02,
8.045029296875000000e+02,
8.212934570312500000e+02,
8.245899658203125000e+02,
8.246185913085937500e+02,
8.233656616210937500e+02,
8.214761962890625000e+02,
8.185014038085937500e+02,
7.981707763671875000e+02,
7.829469604492187500e+02,
7.806546630859375000e+02,
7.816165161132812500e+02,
7.784341430664062500e+02,
7.776288452148437500e+02,
7.795073852539062500e+02,
7.707015380859375000e+02,
7.632866821289062500e+02,
7.624590454101562500e+02,
7.698333129882812500e+02,
7.597943725585937500e+02,
7.548584594726562500e+02,
7.427086791992187500e+02,
7.272520751953125000e+02,
7.247542724609375000e+02,
7.294040527343750000e+02,
7.436545410156250000e+02,
7.535651855468750000e+02,
7.673184204101562500e+02,
7.726934814453125000e+02,
7.792811889648437500e+02,
7.868495483398437500e+02,
7.832514038085937500e+02,
7.833367919921875000e+02,
7.701147460937500000e+02,
7.578560180664062500e+02,
7.414972534179687500e+02,
7.273646850585937500e+02,
7.272227172851562500e+02,
7.205598144531250000e+02,
7.105214233398437500e+02,
7.036832885742187500e+02,
7.064437255859375000e+02,
7.067168579101562500e+02,
7.174721069335937500e+02,
7.300948486328125000e+02,
7.479337158203125000e+02,
7.517517700195312500e+02,
7.443690185546875000e+02,
7.271729125976562500e+02,
7.100179443359375000e+02,
7.052053833007812500e+02,
7.096845092773437500e+02,
7.096636352539062500e+02,
7.096457519531250000e+02,
7.062009277343750000e+02,
7.057260131835937500e+02,
7.066844482421875000e+02,
7.049115600585937500e+02,
7.116926879882812500e+02,
7.094901123046875000e+02,
6.975269775390625000e+02,
6.872252197265625000e+02,
6.853236694335937500e+02,
6.779279174804687500e+02,
6.743234863281250000e+02,
6.775575561523437500e+02,
6.665946655273437500e+02,
6.592838134765625000e+02,
6.585485839843750000e+02,
6.584329223632812500e+02,
6.578604736328125000e+02,
6.645523071289062500e+02,
6.703486328125000000e+02,
6.725821533203125000e+02,
6.606079711914062500e+02,
6.561448974609375000e+02,
6.487349243164062500e+02,
6.562672729492187500e+02,
6.582803955078125000e+02,
6.628692016601562500e+02,
6.611981811523437500e+02,
6.527874145507812500e+02,
6.472053222656250000e+02,
6.409695434570312500e+02,
6.366126708984375000e+02,
6.346297607421875000e+02,
6.334230957031250000e+02,
6.327766723632812500e+02,
6.291727294921875000e+02,
6.315363769531250000e+02,
6.310722045898437500e+02,
6.369089965820312500e+02,
6.469036865234375000e+02,
6.536566772460937500e+02,
6.578591918945312500e+02,
6.591452636718750000e+02,
6.506898803710937500e+02,
6.486239013671875000e+02,
6.478262329101562500e+02,
6.474102172851562500e+02,
6.450292358398437500e+02,
6.463840942382812500e+02,
6.520009765625000000e+02,
6.660778808593750000e+02,
6.842147216796875000e+02,
6.964478149414062500e+02,
7.146206665039062500e+02,
7.204343261718750000e+02,
7.350037841796875000e+02,
7.360392456054687500e+02,
7.457017211914062500e+02,
7.472986450195312500e+02,
7.490873413085937500e+02,
7.445340576171875000e+02,
7.519670410156250000e+02,
7.685404663085937500e+02,
7.815051879882812500e+02,
8.035328979492187500e+02,
8.194622802734375000e+02,
8.326046142578125000e+02,
8.445863037109375000e+02,
8.584848632812500000e+02,
8.565490112304687500e+02,
8.479479980468750000e+02,
8.351417846679687500e+02,
8.231322021484375000e+02,
8.033267822265625000e+02,
7.889720458984375000e+02,
7.831851806640625000e+02,
7.715359497070312500e+02,
7.603486328125000000e+02,
7.477545166015625000e+02,
7.427058105468750000e+02,
7.441049804687500000e+02,
7.467921752929687500e+02,
7.542098388671875000e+02,
7.627338256835937500e+02,
7.660245971679687500e+02,
7.604846801757812500e+02,
7.609387207031250000e+02,
7.411876220703125000e+02,
7.283806152343750000e+02,
7.151152954101562500e+02,
6.980614624023437500e+02,
6.806359863281250000e+02,
6.787287597656250000e+02,
6.711640625000000000e+02,
6.600117187500000000e+02,
6.490065307617187500e+02,
6.315371704101562500e+02,
6.312802124023437500e+02,
6.436116943359375000e+02,
6.581790771484375000e+02,
6.756580200195312500e+02,
6.851920166015625000e+02,
6.894107055664062500e+02,
7.090815429687500000e+02,
7.153897094726562500e+02,
7.266305541992187500e+02,
7.496787109375000000e+02,
7.581541748046875000e+02,
7.705853271484375000e+02,
7.777445068359375000e+02,
7.818237915039062500e+02,
7.861617431640625000e+02,
7.883162231445312500e+02,
7.704496459960937500e+02,
7.532957153320312500e+02,
7.416782836914062500e+02,
7.290440673828125000e+02,
7.283092041015625000e+02,
7.381486206054687500e+02,
7.483054809570312500e+02,
7.587003173828125000e+02,
7.683693237304687500e+02,
7.911624145507812500e+02,
8.045687866210937500e+02,
8.182295532226562500e+02,
8.284695434570312500e+02,
8.360843505859375000e+02,
8.676500854492187500e+02,
8.841646118164062500e+02,
8.986434936523437500e+02,
8.947203979492187500e+02,
8.982908935546875000e+02,
9.087659912109375000e+02,
8.681085205078125000e+02,
8.112552490234375000e+02,
7.615076904296875000e+02,
7.315283203125000000e+02,
7.160899047851562500e+02,
7.061712036132812500e+02,
6.983056640625000000e+02,
6.837030029296875000e+02,
6.897592773437500000e+02,
7.113568115234375000e+02,
7.420755004882812500e+02,
7.808222656250000000e+02,
8.287030029296875000e+02,
8.693471679687500000e+02,
8.950520019531250000e+02,
9.135293579101562500e+02,
8.939974365234375000e+02,
8.617686767578125000e+02,
8.276951904296875000e+02,
7.904236450195312500e+02,
7.430940551757812500e+02,
7.255948486328125000e+02,
7.249212646484375000e+02,
7.184711914062500000e+02,
7.205182495117187500e+02,
7.349273681640625000e+02,
7.254295043945312500e+02,
7.209440307617187500e+02,
7.128098754882812500e+02,
7.087683715820312500e+02,
7.010817260742187500e+02,
6.856203002929687500e+02,
6.745929565429687500e+02,
6.652621459960937500e+02,
6.525270996093750000e+02,
6.431435546875000000e+02,
6.262355346679687500e+02,
6.152376708984375000e+02,
5.995414428710937500e+02,
5.923392333984375000e+02,
5.844296875000000000e+02,
5.810970458984375000e+02,
5.815480957031250000e+02,
5.794998779296875000e+02,
5.822995605468750000e+02,
5.795524291992187500e+02,
5.610266723632812500e+02,
5.515356445312500000e+02,
5.500548095703125000e+02,
5.495352783203125000e+02,
5.488310546875000000e+02,
5.475077514648437500e+02,
5.398360595703125000e+02,
8.289874267578125000e+02,
8.447738647460937500e+02,
8.627304077148437500e+02,
8.808840332031250000e+02,
8.333574829101562500e+02,
8.556359863281250000e+02,
8.554984130859375000e+02,
8.441366577148437500e+02,
8.243756713867187500e+02,
8.256517333984375000e+02,
8.171626586914062500e+02,
8.072854003906250000e+02,
8.011059570312500000e+02,
7.901212158203125000e+02,
7.822469482421875000e+02,
7.728464355468750000e+02,
7.838212280273437500e+02,
7.915246582031250000e+02,
8.121448364257812500e+02,
8.252741088867187500e+02,
8.383803710937500000e+02,
8.312979125976562500e+02,
8.108662109375000000e+02,
7.873035888671875000e+02,
7.559479370117187500e+02,
7.556852416992187500e+02,
7.830582275390625000e+02,
7.968828735351562500e+02,
8.192230224609375000e+02,
8.033896484375000000e+02,
7.762386474609375000e+02,
7.692457275390625000e+02,
7.556909179687500000e+02,
7.477904052734375000e+02,
7.425582885742187500e+02,
7.319058227539062500e+02,
7.211478271484375000e+02,
7.044924926757812500e+02,
6.835985107421875000e+02,
6.834751586914062500e+02,
6.842512817382812500e+02,
6.837965087890625000e+02,
6.836200561523437500e+02,
6.861217651367187500e+02,
6.822437133789062500e+02,
6.821305541992187500e+02,
6.709804077148437500e+02,
6.579836425781250000e+02,
6.518556518554687500e+02,
6.536350708007812500e+02,
6.606561279296875000e+02,
6.686503906250000000e+02,
6.832365112304687500e+02,
6.934894409179687500e+02,
6.851013183593750000e+02,
6.980780029296875000e+02,
7.163734130859375000e+02,
7.330993652343750000e+02,
7.515749511718750000e+02,
7.852973632812500000e+02,
8.002496948242187500e+02,
7.989976806640625000e+02,
8.144707031250000000e+02,
8.349773559570312500e+02,
8.653551025390625000e+02,
8.789074707031250000e+02,
8.904369506835937500e+02,
8.753217773437500000e+02,
8.477232666015625000e+02,
8.331966552734375000e+02,
8.044376220703125000e+02,
8.009090576171875000e+02,
8.011759033203125000e+02,
7.945399169921875000e+02,
7.984229736328125000e+02,
7.921354980468750000e+02,
7.603416748046875000e+02,
7.472864990234375000e+02,
7.297775268554687500e+02,
7.213051147460937500e+02,
7.118631591796875000e+02,
7.157204589843750000e+02,
7.452537841796875000e+02,
7.823683471679687500e+02,
8.051588134765625000e+02,
8.228417968750000000e+02,
8.315546264648437500e+02,
8.354609375000000000e+02,
8.287832031250000000e+02,
8.103391723632812500e+02,
8.040645751953125000e+02,
8.234371948242187500e+02,
8.492971191406250000e+02,
8.900759887695312500e+02,
9.644484252929687500e+02,
1.009846740722656250e+03,
9.942609863281250000e+02,
9.836205444335937500e+02,
9.697810058593750000e+02,
9.111939697265625000e+02,
8.179794311523437500e+02,
8.084339599609375000e+02,
8.159074707031250000e+02,
8.441364135742187500e+02,
8.838639526367187500e+02,
9.023921508789062500e+02,
9.021825561523437500e+02,
8.594834594726562500e+02,
8.296981201171875000e+02,
7.902025756835937500e+02,
7.818016357421875000e+02,
7.677470703125000000e+02,
7.578750610351562500e+02,
7.483679199218750000e+02,
7.249137573242187500e+02,
7.056090087890625000e+02,
6.785688476562500000e+02,
6.588678588867187500e+02,
6.451527099609375000e+02,
6.330994873046875000e+02,
6.187824096679687500e+02,
6.118428344726562500e+02,
6.053150024414062500e+02,
8.988107299804687500e+02,
8.972962036132812500e+02,
9.183252563476562500e+02,
9.313294067382812500e+02,
8.668616333007812500e+02,
8.523608398437500000e+02,
8.502687377929687500e+02,
8.418580932617187500e+02,
8.243247070312500000e+02,
8.289038696289062500e+02,
8.403514404296875000e+02,
8.720809326171875000e+02,
8.829210205078125000e+02,
8.729719848632812500e+02,
8.590379638671875000e+02,
8.293275146484375000e+02,
8.398986206054687500e+02,
8.453251342773437500e+02,
8.601359252929687500e+02,
8.528786621093750000e+02,
8.239351196289062500e+02,
8.003091430664062500e+02,
7.761420898437500000e+02,
7.557130737304687500e+02,
7.353709106445312500e+02,
7.071527709960937500e+02,
7.037459106445312500e+02,
7.032175903320312500e+02,
7.049533691406250000e+02,
6.967638549804687500e+02,
6.949694213867187500e+02,
6.827127685546875000e+02,
6.859584960937500000e+02,
6.999268798828125000e+02,
7.118144531250000000e+02,
7.226557617187500000e+02,
7.601912841796875000e+02,
7.865624389648437500e+02,
7.991638793945312500e+02,
8.315200805664062500e+02,
8.641362915039062500e+02,
8.779891357421875000e+02,
8.986897583007812500e+02,
9.174934692382812500e+02,
9.175109252929687500e+02,
8.795429687500000000e+02,
8.629957885742187500e+02,
8.428770141601562500e+02,
8.333804931640625000e+02,
8.342010498046875000e+02,
8.208034667968750000e+02,
8.029234008789062500e+02,
7.860950927734375000e+02,
7.864212036132812500e+02,
8.028116455078125000e+02,
8.403485107421875000e+02,
8.671741943359375000e+02,
8.555599365234375000e+02,
8.495838623046875000e+02,
8.759212646484375000e+02,
8.771490478515625000e+02,
9.551866455078125000e+02,
1.030490722656250000e+03,
1.039181640625000000e+03,
1.024257080078125000e+03,
9.980434570312500000e+02,
9.459332885742187500e+02,
8.960951538085937500e+02,
9.166923828125000000e+02,
8.977653808593750000e+02,
8.989092407226562500e+02,
8.939776611328125000e+02,
8.639048461914062500e+02,
8.218872070312500000e+02,
8.024790039062500000e+02,
7.838875732421875000e+02,
7.527888183593750000e+02,
7.288231201171875000e+02,
7.124743041992187500e+02,
6.851509399414062500e+02,
6.727827758789062500e+02,
