-6.190488338470458984e-01,
-6.184936761856079102e-01,
-6.191457509994506836e-01,
-6.222778558731079102e-01,
-6.263108253479003906e-01,
-6.254234313964843750e-01,
-6.301088333129882812e-01,
-6.394795775413513184e-01,
-6.501981616020202637e-01,
-6.542872786521911621e-01,
-6.533353328704833984e-01,
-6.491676568984985352e-01,
-6.444283723831176758e-01,
-6.394336223602294922e-01,
-6.344660520553588867e-01,
-6.344513893127441406e-01,
-6.344759464263916016e-01,
-6.370773315429687500e-01,
-6.391039490699768066e-01,
-6.396856307983398438e-01,
-6.405267119407653809e-01,
-6.408950090408325195e-01,
-6.414116621017456055e-01,
-6.411421298980712891e-01,
-6.411130428314208984e-01,
-6.414030194282531738e-01,
-6.409465670585632324e-01,
-6.408246755599975586e-01,
-6.416497230529785156e-01,
-6.418418884277343750e-01,
-6.419847011566162109e-01,
-6.418783664703369141e-01,
-6.410220861434936523e-01,
-6.402844190597534180e-01,
-6.383237838745117188e-01,
-6.366573572158813477e-01,
-6.348552703857421875e-01,
-6.352534294128417969e-01,
-6.348667740821838379e-01,
-6.352709531784057617e-01,
-6.355667114257812500e-01,
-6.352766752243041992e-01,
-6.363345384597778320e-01,
-6.379951238632202148e-01,
-6.411790251731872559e-01,
-6.434178352355957031e-01,
-6.443643569946289062e-01,
-6.443112492561340332e-01,
-6.431195735931396484e-01,
-6.418377161026000977e-01,
-6.417059898376464844e-01,
-6.421579122543334961e-01,
-6.421055197715759277e-01,
-6.419786214828491211e-01,
-6.418993473052978516e-01,
-6.419394016265869141e-01,
-6.415873169898986816e-01,
-6.415733098983764648e-01,
-6.424525976181030273e-01,
-6.426693201065063477e-01,
-6.428183913230895996e-01,
-6.435415744781494141e-01,
-6.429524421691894531e-01,
-6.422188282012939453e-01,
-6.419720649719238281e-01,
-6.415289640426635742e-01,
-6.408993005752563477e-01,
-6.412475109100341797e-01,
-6.417951583862304688e-01,
-6.419199109077453613e-01,
-6.417791843414306641e-01,
-6.416699886322021484e-01,
-6.417723298072814941e-01,
-6.417073011398315430e-01,
-6.406676173210144043e-01,
-6.395480632781982422e-01,
-6.398428678512573242e-01,
-6.401354074478149414e-01,
-6.397038102149963379e-01,
-6.408295631408691406e-01,
-6.400576829910278320e-01,
-6.394904851913452148e-01,
-6.391420364379882812e-01,
-6.392887830734252930e-01,
-6.394484043121337891e-01,
-6.402864456176757812e-01,
-6.413418054580688477e-01,
-6.417931318283081055e-01,
-6.411468982696533203e-01,
-6.407455205917358398e-01,
-6.412060856819152832e-01,
-6.421699523925781250e-01,
-6.426467895507812500e-01,
-6.431018114089965820e-01,
-6.433011293411254883e-01,
-6.431539654731750488e-01,
-6.426808834075927734e-01,
-6.431722640991210938e-01,
-6.433831453323364258e-01,
-6.437162160873413086e-01,
-6.435486674308776855e-01,
-6.428682208061218262e-01,
-6.422251462936401367e-01,
-6.417173743247985840e-01,
-6.412672996520996094e-01,
-6.410996317863464355e-01,
-6.406275629997253418e-01,
-6.400254368782043457e-01,
-6.393960714340209961e-01,
-6.394857168197631836e-01,
-6.392124295234680176e-01,
-6.380071640014648438e-01,
-6.374332308769226074e-01,
-6.368043422698974609e-01,
-6.358423233032226562e-01,
-6.361916065216064453e-01,
-6.375688314437866211e-01,
-6.388235688209533691e-01,
-6.395032405853271484e-01,
-6.398309469223022461e-01,
-6.402482986450195312e-01,
-6.402886509895324707e-01,
-6.399513483047485352e-01,
-6.399058103561401367e-01,
-6.409071683883666992e-01,
-6.409696340560913086e-01,
-6.405810713768005371e-01,
-6.403557062149047852e-01,
-6.409350633621215820e-01,
-6.412256956100463867e-01,
-6.411433219909667969e-01,
-6.409593224525451660e-01,
-6.402258872985839844e-01,
-6.398305892944335938e-01,
-6.387815475463867188e-01,
-6.376022696495056152e-01,
-6.367596387863159180e-01,
-6.355744004249572754e-01,
-6.344586610794067383e-01,
-6.340121030807495117e-01,
-6.334559321403503418e-01,
-6.327930688858032227e-01,
-6.323240995407104492e-01,
-6.317131519317626953e-01,
-6.308529376983642578e-01,
-6.312012076377868652e-01,
-6.313465833663940430e-01,
-6.315426826477050781e-01,
-6.315183639526367188e-01,
-6.304627656936645508e-01,
-6.291118860244750977e-01,
-6.291012167930603027e-01,
-6.299412250518798828e-01,
-6.300075650215148926e-01,
-6.305871009826660156e-01,
-6.307210922241210938e-01,
-6.301202774047851562e-01,
-6.304756402969360352e-01,
-6.298431754112243652e-01,
-6.293020248413085938e-01,
-6.290066242218017578e-01,
-6.295788288116455078e-01,
-6.294332742691040039e-01,
-6.297222375869750977e-01,
-6.304425597190856934e-01,
-6.310486793518066406e-01,
-6.324661970138549805e-01,
-6.330718994140625000e-01,
-6.331067085266113281e-01,
-6.325097680091857910e-01,
-6.325182914733886719e-01,
-6.309819817543029785e-01,
-6.299734115600585938e-01,
-6.287462711334228516e-01,
-6.283296346664428711e-01,
-6.281925439834594727e-01,
-6.273713111877441406e-01,
-6.275724768638610840e-01,
-6.273788213729858398e-01,
-6.268360614776611328e-01,
-6.271389722824096680e-01,
-6.285942792892456055e-01,
-6.293382644653320312e-01,
-6.302465200424194336e-01,
-6.305705308914184570e-01,
-6.303403377532958984e-01,
-6.302105188369750977e-01,
-6.304509639739990234e-01,
-6.312533617019653320e-01,
-6.318100690841674805e-01,
-6.321532726287841797e-01,
-6.321393251419067383e-01,
-6.324093341827392578e-01,
-6.320765614509582520e-01,
-6.310670971870422363e-01,
-6.308424472808837891e-01,
-6.306829452514648438e-01,
-6.309393048286437988e-01,
-6.309593915939331055e-01,
-6.312088966369628906e-01,
-6.319541335105895996e-01,
-6.321057081222534180e-01,
-6.317369341850280762e-01,
-6.310573816299438477e-01,
-6.307222843170166016e-01,
-6.315268278121948242e-01,
-6.311585903167724609e-01,
-6.319941282272338867e-01,
-6.317607760429382324e-01,
-6.317409276962280273e-01,
-6.310962438583374023e-01,
-6.311463117599487305e-01,
-6.317977905273437500e-01,
-6.327256560325622559e-01,
-6.330339908599853516e-01,
-6.339426636695861816e-01,
-6.356140375137329102e-01,
-6.358321905136108398e-01,
-6.367619633674621582e-01,
-6.371574401855468750e-01,
-6.377618312835693359e-01,
-6.376254558563232422e-01,
-6.378090977668762207e-01,
-6.379724740982055664e-01,
-6.382587552070617676e-01,
-6.383498907089233398e-01,
-6.379742026329040527e-01,
-6.372010707855224609e-01,
-6.362806558609008789e-01,
-6.352690458297729492e-01,
-6.349214911460876465e-01,
-6.345487833023071289e-01,
-6.341122388839721680e-01,
-6.328458786010742188e-01,
-6.321811676025390625e-01,
-6.315653324127197266e-01,
-6.315653324127197266e-01,
-6.316369771957397461e-01,
-6.323845386505126953e-01,
-6.320503950119018555e-01,
-6.322857141494750977e-01,
-6.318403482437133789e-01,
-6.315104365348815918e-01,
-6.311604976654052734e-01,
-6.313145160675048828e-01,
-6.314451694488525391e-01,
-6.312936544418334961e-01,
-6.313074231147766113e-01,
-6.312476396560668945e-01,
-6.321005225181579590e-01,
-6.325043439865112305e-01,
-6.330983638763427734e-01,
-6.338013410568237305e-01,
-6.337957382202148438e-01,
-6.334819197654724121e-01,
-6.328309178352355957e-01,
-6.327105760574340820e-01,
-6.325470209121704102e-01,
-6.327621340751647949e-01,
-6.333686709403991699e-01,
-6.327918767929077148e-01,
-6.322846412658691406e-01,
-6.317396163940429688e-01,
-6.309785842895507812e-01,
-6.306771039962768555e-01,
-6.307590603828430176e-01,
-6.309522390365600586e-01,
-6.301649808883666992e-01,
-6.297066807746887207e-01,
-6.289478540420532227e-01,
-6.284185647964477539e-01,
-6.289522051811218262e-01,
-6.298920512199401855e-01,
-6.311771869659423828e-01,
-6.320160627365112305e-01,
-6.328685283660888672e-01,
-6.334581375122070312e-01,
-6.333993673324584961e-01,
-6.327805519104003906e-01,
-6.323922872543334961e-01,
-6.325578689575195312e-01,
-6.319834589958190918e-01,
-6.313627958297729492e-01,
-6.319031715393066406e-01,
-6.323643922805786133e-01,
-6.335493326187133789e-01,
-6.340834498405456543e-01,
-6.348799467086791992e-01,
-6.352251768112182617e-01,
-6.359896063804626465e-01,
-6.348366737365722656e-01,
-6.336711645126342773e-01,
-6.325399875640869141e-01,
-6.314655542373657227e-01,
-6.322036981582641602e-01,
-6.340084075927734375e-01,
-6.368615627288818359e-01,
-6.385536193847656250e-01,
-6.401393413543701172e-01,
-6.408172845840454102e-01,
-6.410055160522460938e-01,
-6.420581340789794922e-01,
-6.423237323760986328e-01,
-6.420661211013793945e-01,
-6.425110101699829102e-01,
-6.425666809082031250e-01,
-6.423773765563964844e-01,
-6.429812908172607422e-01,
-6.425485610961914062e-01,
-6.420314908027648926e-01,
-6.418973207473754883e-01,
-6.411073803901672363e-01,
-6.400402784347534180e-01,
-6.404659152030944824e-01,
-6.409965157508850098e-01,
-6.410517692565917969e-01,
-6.411707401275634766e-01,
-6.408985853195190430e-01,
-6.399556398391723633e-01,
-6.398348808288574219e-01,
-6.400905847549438477e-01,
-6.396016478538513184e-01,
-6.407566070556640625e-01,
-6.412215828895568848e-01,
-6.414335966110229492e-01,
-6.420630216598510742e-01,
-6.428433656692504883e-01,
-6.427321434020996094e-01,
-6.430213451385498047e-01,
-6.429707407951354980e-01,
-6.423897147178649902e-01,
-6.423450708389282227e-01,
-6.430900096893310547e-01,
-6.437733173370361328e-01,
-6.439449787139892578e-01,
-6.443430185317993164e-01,
-6.447163820266723633e-01,
-6.457921266555786133e-01,
-6.459790468215942383e-01,
-6.467472314834594727e-01,
-6.470111608505249023e-01,
-6.472048759460449219e-01,
-6.463567018508911133e-01,
-6.469105482101440430e-01,
-6.474637985229492188e-01,
-6.477660536766052246e-01,
-6.478573083877563477e-01,
-6.479070186614990234e-01,
-6.483207941055297852e-01,
-6.495545506477355957e-01,
-6.508206725120544434e-01,
-6.522961854934692383e-01,
-6.520121693611145020e-01,
-6.523853540420532227e-01,
-6.524590253829956055e-01,
-6.522011756896972656e-01,
-6.518030166625976562e-01,
-6.518338322639465332e-01,
-6.522873640060424805e-01,
-6.526426076889038086e-01,
-6.531649827957153320e-01,
-6.536618471145629883e-01,
-6.547186374664306641e-01,
-6.552537679672241211e-01,
-6.558080911636352539e-01,
-6.557016372680664062e-01,
-6.553236246109008789e-01,
-6.553972959518432617e-01,
-6.558420658111572266e-01,
-6.555457115173339844e-01,
-6.555835008621215820e-01,
-6.555706262588500977e-01,
-6.548056602478027344e-01,
-6.555491089820861816e-01,
-6.550302505493164062e-01,
-6.547088623046875000e-01,
-6.545488834381103516e-01,
-6.548115015029907227e-01,
-6.546485424041748047e-01,
-6.554188728332519531e-01,
-6.557734012603759766e-01,
-6.555165052413940430e-01,
-6.556404829025268555e-01,
-6.550800800323486328e-01,
-6.547582149505615234e-01,
-6.543599367141723633e-01,
-6.547681093215942383e-01,
-6.549122333526611328e-01,
-6.550142765045166016e-01,
-6.559874415397644043e-01,
-6.568493247032165527e-01,
-6.567764878273010254e-01,
-6.559970378875732422e-01,
-6.555445790290832520e-01,
-6.551421880722045898e-01,
-6.546316146850585938e-01,
-6.536055207252502441e-01,
-6.535264253616333008e-01,
-6.547011137008666992e-01,
-6.546599268913269043e-01,
-6.548379659652709961e-01,
-6.555986404418945312e-01,
-6.564385890960693359e-01,
-6.569462418556213379e-01,
-6.577023267745971680e-01,
-6.580451726913452148e-01,
-6.580023765563964844e-01,
-6.577800512313842773e-01,
-6.578325033187866211e-01,
-6.578366160392761230e-01,
-6.575237512588500977e-01,
-6.566019058227539062e-01,
-6.563391685485839844e-01,
-6.558370590209960938e-01,
-6.552350521087646484e-01,
-6.560130119323730469e-01,
-6.571485996246337891e-01,
-6.582967042922973633e-01,
-6.589771509170532227e-01,
-6.588336825370788574e-01,
-6.589220762252807617e-01,
-6.590979695320129395e-01,
-6.580500006675720215e-01,
-6.576104164123535156e-01,
-6.572234034538269043e-01,
-6.572890281677246094e-01,
-6.561453342437744141e-01,
-6.568433046340942383e-01,
-6.583575010299682617e-01,
-6.591359376907348633e-01,
-6.589707136154174805e-01,
-6.586476564407348633e-01,
-6.583428382873535156e-01,
-6.575645208358764648e-01,
-6.570836305618286133e-01,
-6.569359302520751953e-01,
-6.572516560554504395e-01,
-6.573630571365356445e-01,
-6.566042900085449219e-01,
-6.564229726791381836e-01,
-6.562299132347106934e-01,
-6.570816040039062500e-01,
-6.569194197654724121e-01,
-6.568999290466308594e-01,
-6.570348143577575684e-01,
-6.571842432022094727e-01,
-6.564131379127502441e-01,
-6.566359996795654297e-01,
-6.561738252639770508e-01,
-6.562268733978271484e-01,
-6.554075479507446289e-01,
-6.559523344039916992e-01,
-6.564729213714599609e-01,
-6.564223766326904297e-01,
-6.562367081642150879e-01,
-6.556750535964965820e-01,
-6.558450460433959961e-01,
-6.570197343826293945e-01,
-6.579183340072631836e-01,
-6.578899025917053223e-01,
-6.579321622848510742e-01,
-6.578220129013061523e-01,
-6.577025651931762695e-01,
-6.578354835510253906e-01,
-6.581865549087524414e-01,
-6.587896347045898438e-01,
-6.592239141464233398e-01,
-6.585836410522460938e-01,
-6.575939655303955078e-01,
-6.566318869590759277e-01,
-6.560436487197875977e-01,
-6.556779146194458008e-01,
-6.551485061645507812e-01,
-6.542057394981384277e-01,
-6.536058187484741211e-01,
-6.533803939819335938e-01,
-6.528177261352539062e-01,
-6.524634361267089844e-01,
-6.525216102600097656e-01,
-6.525614857673645020e-01,
-6.528385877609252930e-01,
-6.529343128204345703e-01,
-6.529945731163024902e-01,
-6.530057191848754883e-01,
-6.529087424278259277e-01,
-6.523568630218505859e-01,
-6.518266201019287109e-01,
-6.521857976913452148e-01,
-6.526498794555664062e-01,
-6.537110209465026855e-01,
-6.542235612869262695e-01,
-6.548397541046142578e-01,
-6.562656760215759277e-01,
-6.562945842742919922e-01,
-6.552176475524902344e-01,
-6.532816886901855469e-01,
-6.524505615234375000e-01,
-6.512563228607177734e-01,
-6.493919491767883301e-01,
-6.503835916519165039e-01,
-6.524804234504699707e-01,
-6.540137529373168945e-01,
-6.551026105880737305e-01,
-6.559506654739379883e-01,
-6.557446122169494629e-01,
-6.553977727890014648e-01,
-6.547831296920776367e-01,
-6.542348861694335938e-01,
-6.543893814086914062e-01,
-6.543942689895629883e-01,
-6.542098522186279297e-01,
-6.554032564163208008e-01,
-6.562515497207641602e-01,
-6.564589738845825195e-01,
-6.564261913299560547e-01,
-6.567306518554687500e-01,
-6.568828821182250977e-01,
-6.566752791404724121e-01,
-6.559270620346069336e-01,
-6.549525260925292969e-01,
-6.541440486907958984e-01,
-6.531959772109985352e-01,
-6.527405977249145508e-01,
-6.534968614578247070e-01,
-6.547104120254516602e-01,
-6.556862592697143555e-01,
-6.558495759963989258e-01,
-6.555168628692626953e-01,
-6.554974913597106934e-01,
-6.556037068367004395e-01,
-6.553747653961181641e-01,
-6.558476686477661133e-01,
-6.558076143264770508e-01,
-6.554675102233886719e-01,
-6.549549102783203125e-01,
-6.548290252685546875e-01,
-6.556994915008544922e-01,
-6.557073593139648438e-01,
-6.562803983688354492e-01,
-6.564031839370727539e-01,
-6.563627719879150391e-01,
-6.567310094833374023e-01,
-6.562209129333496094e-01,
-6.560055017471313477e-01,
-6.559504270553588867e-01,
-6.561222672462463379e-01,
-6.554197072982788086e-01,
-6.558171510696411133e-01,
-6.555598974227905273e-01,
-6.547428369522094727e-01,
-6.541802883148193359e-01,
-6.526781320571899414e-01,
-6.523387432098388672e-01,
-6.528545022010803223e-01,
-6.536744236946105957e-01,
-6.540590524673461914e-01,
-6.555320620536804199e-01,
-6.567775011062622070e-01,
-6.576158404350280762e-01,
-6.583851575851440430e-01,
-6.595026254653930664e-01,
-6.604728698730468750e-01,
-6.603232622146606445e-01,
-6.595064401626586914e-01,
-6.590297222137451172e-01,
-6.587678790092468262e-01,
-6.578019857406616211e-01,
-6.575535535812377930e-01,
-6.576145887374877930e-01,
-6.571494936943054199e-01,
-6.568144559860229492e-01,
-6.572765111923217773e-01,
-6.571263074874877930e-01,
-6.570679545402526855e-01,
-6.569836735725402832e-01,
-6.564455032348632812e-01,
-6.557817459106445312e-01,
-6.559118032455444336e-01,
-6.552588939666748047e-01,
-6.554297804832458496e-01,
-6.557538509368896484e-01,
-6.556615829467773438e-01,
-6.552469730377197266e-01,
-6.547955274581909180e-01,
-6.540128588676452637e-01,
-6.535099744796752930e-01,
-6.529651880264282227e-01,
-6.524162292480468750e-01,
-6.517400741577148438e-01,
-6.515070199966430664e-01,
-6.511594057083129883e-01,
-6.505835056304931641e-01,
-6.502860784530639648e-01,
-6.498028039932250977e-01,
-6.496407985687255859e-01,
-6.498410701751708984e-01,
-6.490890383720397949e-01,
-6.485615372657775879e-01,
-6.481063365936279297e-01,
-6.470649242401123047e-01,
-6.457173824310302734e-01,
-6.455295085906982422e-01,
-6.455725431442260742e-01,
-6.456130743026733398e-01,
-6.459002494812011719e-01,
-6.459610462188720703e-01,
-6.463841199874877930e-01,
-6.541266441345214844e-01,
-6.571440696716308594e-01,
-6.570065021514892578e-01,
-6.486088633537292480e-01,
-6.469001173973083496e-01,
-6.437911987304687500e-01,
-6.410180330276489258e-01,
-6.361117362976074219e-01,
-6.376852393150329590e-01,
-6.409235000610351562e-01,
-6.410744786262512207e-01,
-6.414644718170166016e-01,
-6.412730216979980469e-01,
-6.411201357841491699e-01,
-6.400437951087951660e-01,
-6.384092569351196289e-01,
-6.378604769706726074e-01,
-6.364891529083251953e-01,
-6.346967220306396484e-01,
-6.367847919464111328e-01,
-6.410806179046630859e-01,
-6.429883241653442383e-01,
-6.451036930084228516e-01,
-6.457364559173583984e-01,
-6.449735164642333984e-01,
-6.422086954116821289e-01,
-6.420899033546447754e-01,
-6.426755189895629883e-01,
-6.431342363357543945e-01,
-6.426932215690612793e-01,
-6.427320241928100586e-01,
-6.424018144607543945e-01,
-6.423640251159667969e-01,
-6.412340402603149414e-01,
-6.407096385955810547e-01,
-6.396369934082031250e-01,
-6.393992900848388672e-01,
-6.395397186279296875e-01,
-6.377218365669250488e-01,
-6.373531222343444824e-01,
-6.396988630294799805e-01,
-6.392860412597656250e-01,
-6.400431394577026367e-01,
-6.410648226737976074e-01,
-6.412300467491149902e-01,
-6.416884660720825195e-01,
-6.430589556694030762e-01,
-6.440947055816650391e-01,
-6.435333490371704102e-01,
-6.437485218048095703e-01,
-6.435357928276062012e-01,
-6.421312093734741211e-01,
-6.407184004783630371e-01,
-6.399810314178466797e-01,
-6.389863491058349609e-01,
-6.388795375823974609e-01,
-6.391751766204833984e-01,
-6.389170885086059570e-01,
-6.401059627532958984e-01,
-6.401162743568420410e-01,
-6.408556699752807617e-01,
-6.407363414764404297e-01,
-6.409300565719604492e-01,
-6.413520574569702148e-01,
-6.411920785903930664e-01,
-6.395187973976135254e-01,
-6.383565664291381836e-01,
-6.367849111557006836e-01,
-6.341429948806762695e-01,
-6.329113245010375977e-01,
-6.321669220924377441e-01,
-6.313441991806030273e-01,
-6.309105157852172852e-01,
-6.307137012481689453e-01,
-6.302760243415832520e-01,
-6.300745010375976562e-01,
-6.299405097961425781e-01,
-6.300808191299438477e-01,
-6.290317773818969727e-01,
-6.292420029640197754e-01,
-6.295487880706787109e-01,
-6.311694383621215820e-01,
-6.323143243789672852e-01,
-6.329292058944702148e-01,
-6.329783797264099121e-01,
-6.310725212097167969e-01,
-6.289252042770385742e-01,
-6.274361610412597656e-01,
-6.269311904907226562e-01,
-6.274770498275756836e-01,
-6.290904879570007324e-01,
-6.305651068687438965e-01,
-6.310430765151977539e-01,
-6.316298246383666992e-01,
-6.328237056732177734e-01,
-6.319496035575866699e-01,
-6.315701007843017578e-01,
-6.317622661590576172e-01,
-6.310986280441284180e-01,
-6.310399770736694336e-01,
-6.317993998527526855e-01,
-6.313189268112182617e-01,
-6.308683156967163086e-01,
-6.317607760429382324e-01,
-6.327155828475952148e-01,
-6.331315040588378906e-01,
-6.342949867248535156e-01,
-6.361997127532958984e-01,
-6.373071670532226562e-01,
-6.377027630805969238e-01,
-6.382440924644470215e-01,
-6.384869217872619629e-01,
-6.374168992042541504e-01,
-6.364158391952514648e-01,
-6.354767084121704102e-01,
-6.341688632965087891e-01,
-6.331619024276733398e-01,
-6.321488022804260254e-01,
-6.320968866348266602e-01,
-6.321955919265747070e-01,
-6.319266557693481445e-01,
-6.323717236518859863e-01,
-6.322383880615234375e-01,
-6.329699754714965820e-01,
-6.333531141281127930e-01,
-6.335505247116088867e-01,
-6.332604885101318359e-01,
-6.333856582641601562e-01,
-6.330639123916625977e-01,
-6.329506635665893555e-01,
-6.325200796127319336e-01,
-6.318397521972656250e-01,
-6.305866241455078125e-01,
-6.297982931137084961e-01,
-6.307275295257568359e-01,
-6.316332817077636719e-01,
-6.319962739944458008e-01,
-6.322534084320068359e-01,
-6.327333450317382812e-01,
-6.327245235443115234e-01,
-6.330481767654418945e-01,
-6.330985426902770996e-01,
-6.344865560531616211e-01,
-6.338567733764648438e-01,
-6.336957216262817383e-01,
-6.349287629127502441e-01,
-6.349688768386840820e-01,
-6.363671422004699707e-01,
-6.390880942344665527e-01,
-6.410531997680664062e-01,
-6.420427560806274414e-01,
-6.432861089706420898e-01,
-6.421148777008056641e-01,
-6.414365768432617188e-01,
-6.419978141784667969e-01,
-6.415435671806335449e-01,
-6.407606601715087891e-01,
-6.405099630355834961e-01,
-6.407400369644165039e-01,
-6.399887800216674805e-01,
-6.410027742385864258e-01,
-6.418938636779785156e-01,
-6.421732306480407715e-01,
-6.431746482849121094e-01,
-6.434392333030700684e-01,
-6.437397003173828125e-01,
-6.445504426956176758e-01,
-6.451095342636108398e-01,
-6.460548639297485352e-01,
-6.469036936759948730e-01,
-6.473528146743774414e-01,
-6.477100849151611328e-01,
-6.493963003158569336e-01,
-6.499985456466674805e-01,
-6.508860588073730469e-01,
-6.513999104499816895e-01,
-6.525025367736816406e-01,
-6.527514457702636719e-01,
-6.526997089385986328e-01,
-6.537811756134033203e-01,
-6.544747352600097656e-01,
-6.555253267288208008e-01,
-6.554293036460876465e-01,
-6.551493406295776367e-01,
-6.553791761398315430e-01,
-6.552425026893615723e-01,
-6.541635394096374512e-01,
-6.544499397277832031e-01,
-6.552788019180297852e-01,
-6.556748151779174805e-01,
-6.554856300354003906e-01,
-6.555704474449157715e-01,
-6.556506156921386719e-01,
-6.554187536239624023e-01,
-6.556044816970825195e-01,
-6.561372280120849609e-01,
-6.555371880531311035e-01,
-6.555740833282470703e-01,
-6.547384262084960938e-01,
-6.555669307708740234e-01,
-6.558067798614501953e-01,
-6.572201251983642578e-01,
-6.581934690475463867e-01,
-6.572231054306030273e-01,
-6.567421555519104004e-01,
-6.568650007247924805e-01,
-6.570960283279418945e-01,
-6.572310924530029297e-01,
-6.586074829101562500e-01,
-6.580548286437988281e-01,
-6.579247713088989258e-01,
-6.574490666389465332e-01,
-6.582404971122741699e-01,
-6.580946445465087891e-01,
-6.583933830261230469e-01,
-6.579684019088745117e-01,
-6.578185558319091797e-01,
-6.569496393203735352e-01,
-6.571511030197143555e-01,
-6.574671268463134766e-01,
-6.570564508438110352e-01,
-6.564447879791259766e-01,
-6.565016508102416992e-01,
-6.564249396324157715e-01,
-6.567008495330810547e-01,
-6.561427116394042969e-01,
-6.565386652946472168e-01,
-6.566619873046875000e-01,
-6.570203304290771484e-01,
-6.576592326164245605e-01,
-6.584619283676147461e-01,
-6.583539247512817383e-01,
-6.581606268882751465e-01,
-6.575944423675537109e-01,
-6.564303636550903320e-01,
-6.552816629409790039e-01,
-6.541603207588195801e-01,
-6.532322168350219727e-01,
-6.525613069534301758e-01,
-6.529930830001831055e-01,
-6.530959606170654297e-01,
-6.529324650764465332e-01,
-6.531105637550354004e-01,
-6.533643007278442383e-01,
-6.546894311904907227e-01,
-6.537007093429565430e-01,
-6.537451744079589844e-01,
-6.530452370643615723e-01,
-6.532189846038818359e-01,
-6.529765129089355469e-01,
-6.546422243118286133e-01,
-6.547114849090576172e-01,
-6.553713679313659668e-01,
-6.557163000106811523e-01,
-6.552969217300415039e-01,
-6.561439037322998047e-01,
-6.566966772079467773e-01,
-6.556096076965332031e-01,
-6.548224091529846191e-01,
-6.546953916549682617e-01,
-6.544069647789001465e-01,
-6.547228097915649414e-01,
-6.554127931594848633e-01,
-6.551773548126220703e-01,
-6.551986932754516602e-01,
-6.558200120925903320e-01,
-6.559121608734130859e-01,
-6.555428504943847656e-01,
-6.562931537628173828e-01,
-6.558686494827270508e-01,
-6.551290750503540039e-01,
-6.553131341934204102e-01,
-6.548204421997070312e-01,
-6.540439128875732422e-01,
-6.538595557212829590e-01,
-6.541854143142700195e-01,
-6.541886329650878906e-01,
-6.559160351753234863e-01,
-6.576284766197204590e-01,
-6.594456434249877930e-01,
-6.594029664993286133e-01,
-6.588474512100219727e-01,
-6.581557989120483398e-01,
-6.581686139106750488e-01,
-6.575440168380737305e-01,
-6.566416025161743164e-01,
-6.566493511199951172e-01,
-6.560125946998596191e-01,
-6.563301086425781250e-01,
-6.555933952331542969e-01,
-6.548355221748352051e-01,
-6.541740894317626953e-01,
-6.531322002410888672e-01,
-6.514332294464111328e-01,
-6.504640579223632812e-01,
-6.508190631866455078e-01,
-6.499356031417846680e-01,
-6.485674381256103516e-01,
-6.477916240692138672e-01,
-6.473975181579589844e-01,
-6.464942693710327148e-01,
-6.464570760726928711e-01,
-6.302614808082580566e-01,
-6.315761804580688477e-01,
-6.317538022994995117e-01,
-6.352295875549316406e-01,
-6.412305831909179688e-01,
-6.376117467880249023e-01,
-6.408079862594604492e-01,
-6.420798897743225098e-01,
-6.406774520874023438e-01,
-6.390869021415710449e-01,
-6.384007930755615234e-01,
-6.379914283752441406e-01,
-6.385430097579956055e-01,
-6.403627395629882812e-01,
-6.426157355308532715e-01,
-6.430939435958862305e-01,
-6.435101032257080078e-01,
-6.425708532333374023e-01,
-6.422703266143798828e-01,
-6.426093578338623047e-01,
-6.427755355834960938e-01,
-6.427391767501831055e-01,
-6.405336260795593262e-01,
-6.408069133758544922e-01,
-6.402546763420104980e-01,
-6.397908926010131836e-01,
-6.402387619018554688e-01,
-6.412189006805419922e-01,
-6.407869458198547363e-01,
-6.419886350631713867e-01,
-6.426608562469482422e-01,
-6.430883407592773438e-01,
-6.421908140182495117e-01,
-6.417586207389831543e-01,
-6.406569480895996094e-01,
-6.392686367034912109e-01,
-6.392908096313476562e-01,
-6.394202113151550293e-01,
-6.393372416496276855e-01,
-6.399784088134765625e-01,
-6.406355500221252441e-01,
-6.404274702072143555e-01,
-6.393193602561950684e-01,
-6.380590200424194336e-01,
-6.360499858856201172e-01,
-6.341328620910644531e-01,
-6.319143772125244141e-01,
-6.317378282546997070e-01,
-6.303679943084716797e-01,
-6.305497884750366211e-01,
-6.302577853202819824e-01,
-6.299060583114624023e-01,
-6.303498744964599609e-01,
-6.311000585556030273e-01,
-6.306557059288024902e-01,
-6.305192708969116211e-01,
-6.293314695358276367e-01,
-6.292325854301452637e-01,
-6.287685632705688477e-01,
-6.298027038574218750e-01,
-6.305825710296630859e-01,
-6.313089132308959961e-01,
-6.312808394432067871e-01,
-6.318209171295166016e-01,
-6.322393417358398438e-01,
-6.323859095573425293e-01,
-6.317650675773620605e-01,
-6.319029927253723145e-01,
-6.321724653244018555e-01,
-6.334507465362548828e-01,
-6.347123384475708008e-01,
-6.351835727691650391e-01,
-6.378110647201538086e-01,
-6.373190879821777344e-01,
-6.369900703430175781e-01,
-6.357241868972778320e-01,
-6.343562602996826172e-01,
-6.329883337020874023e-01,
-6.320588588714599609e-01,
-6.311694383621215820e-01,
-6.323058605194091797e-01,
-6.328746080398559570e-01,
-6.322044134140014648e-01,
-6.327105760574340820e-01,
-6.320545673370361328e-01,
-6.324154734611511230e-01,
-6.315843462944030762e-01,
-6.307522058486938477e-01,
-6.310649514198303223e-01,
-6.313724517822265625e-01,
-6.311395168304443359e-01,
-6.319462656974792480e-01,
-6.335290670394897461e-01,
-6.340148448944091797e-01,
-6.332607865333557129e-01,
-6.336300373077392578e-01,
-6.358715295791625977e-01,
-6.365923881530761719e-01,
-6.375832557678222656e-01,
-6.410520076751708984e-01,
-6.410223245620727539e-01,
-6.414549946784973145e-01,
-6.417369842529296875e-01,
-6.416441202163696289e-01,
-6.406365633010864258e-01,
-6.411597728729248047e-01,
-6.412257552146911621e-01,
-6.419404745101928711e-01,
-6.428099870681762695e-01,
-6.440920829772949219e-01,
-6.447800397872924805e-01,
-6.459596753120422363e-01,
-6.465529799461364746e-01,
-6.481541395187377930e-01,
-6.493265032768249512e-01,
-6.505329608917236328e-01,
-6.509476304054260254e-01,
-6.528346538543701172e-01,
-6.535162925720214844e-01,
-6.541725993156433105e-01,
-6.550797224044799805e-01,
-6.555973291397094727e-01,
-6.553130149841308594e-01,
-6.551457643508911133e-01,
-6.541994810104370117e-01,
-6.550565958023071289e-01,
-6.554156541824340820e-01,
-6.556283235549926758e-01,
-6.552280187606811523e-01,
-6.550382375717163086e-01,
-6.562891602516174316e-01,
-6.561776399612426758e-01,
-6.554142236709594727e-01,
-6.567696332931518555e-01,
-6.571512222290039062e-01,
-6.569352746009826660e-01,
-6.575648784637451172e-01,
-6.581028699874877930e-01,
-6.569076776504516602e-01,
-6.577067375183105469e-01,
-6.581121683120727539e-01,
-6.582725048065185547e-01,
-6.574592590332031250e-01,
-6.578091382980346680e-01,
-6.575279235839843750e-01,
-6.571103334426879883e-01,
-6.566913127899169922e-01,
-6.567838191986083984e-01,
-6.566599607467651367e-01,
-6.568657159805297852e-01,
-6.564483642578125000e-01,
-6.568186879158020020e-01,
-6.573803424835205078e-01,
-6.577085852622985840e-01,
-6.577822566032409668e-01,
-6.565675139427185059e-01,
-6.555626392364501953e-01,
-6.541553139686584473e-01,
-6.530622243881225586e-01,
-6.532052159309387207e-01,
-6.534855365753173828e-01,
-6.541569232940673828e-01,
-6.531424522399902344e-01,
-6.527734994888305664e-01,
-6.543451547622680664e-01,
-6.541137695312500000e-01,
-6.532274484634399414e-01,
-6.544203758239746094e-01,
-6.556067466735839844e-01,
-6.563699245452880859e-01,
-6.558995842933654785e-01,
-6.552912592887878418e-01,
-6.557559967041015625e-01,
-6.553983688354492188e-01,
-6.550531983375549316e-01,
-6.552981138229370117e-01,
-6.560125350952148438e-01,
-6.561071872711181641e-01,
-6.561028361320495605e-01,
-6.558536291122436523e-01,
-6.550892591476440430e-01,
-6.552200317382812500e-01,
-6.549919843673706055e-01,
-6.555429697036743164e-01,
-6.560884714126586914e-01,
-6.576670408248901367e-01,
-6.582114100456237793e-01,
-6.583446264266967773e-01,
-6.584666967391967773e-01,
-6.573470830917358398e-01,
-6.562674641609191895e-01,
-6.564843654632568359e-01,
-6.550438404083251953e-01,
-6.544235944747924805e-01,
-6.529924869537353516e-01,
-6.514092683792114258e-01,
-6.500029563903808594e-01,
-6.489292979240417480e-01,
-6.479578018188476562e-01,
-6.480312943458557129e-01,
