1.088822875976562500e+03,
1.092850708007812500e+03,
1.092446044921875000e+03,
1.082369873046875000e+03,
1.055779663085937500e+03,
1.031774780273437500e+03,
1.037775756835937500e+03,
1.050006591796875000e+03,
1.071339965820312500e+03,
1.086214111328125000e+03,
1.108456665039062500e+03,
1.116338256835937500e+03,
1.112652954101562500e+03,
1.106501708984375000e+03,
1.099727416992187500e+03,
1.087376220703125000e+03,
1.074841796875000000e+03,
1.068662719726562500e+03,
1.046345458984375000e+03,
1.053026977539062500e+03,
1.065385253906250000e+03,
1.070700317382812500e+03,
1.059485473632812500e+03,
1.058412353515625000e+03,
1.058758544921875000e+03,
1.069889526367187500e+03,
1.081621459960937500e+03,
1.105254760742187500e+03,
1.109134521484375000e+03,
1.107833129882812500e+03,
1.107034912109375000e+03,
1.113291992187500000e+03,
1.123302368164062500e+03,
1.103203247070312500e+03,
1.084040771484375000e+03,
1.061826538085937500e+03,
1.055915039062500000e+03,
1.049107910156250000e+03,
1.029471557617187500e+03,
1.019478149414062500e+03,
1.027843017578125000e+03,
1.037580688476562500e+03,
1.038249389648437500e+03,
1.043433959960937500e+03,
1.059836181640625000e+03,
1.102916625976562500e+03,
1.156186523437500000e+03,
1.220454956054687500e+03,
1.296832885742187500e+03,
1.356456542968750000e+03,
1.423050415039062500e+03,
1.444255249023437500e+03,
1.445615844726562500e+03,
1.437084716796875000e+03,
1.422141235351562500e+03,
1.400040771484375000e+03,
1.371158081054687500e+03,
1.344113159179687500e+03,
1.319237182617187500e+03,
1.290201171875000000e+03,
1.273647827148437500e+03,
1.282044677734375000e+03,
1.291877441406250000e+03,
1.304065307617187500e+03,
1.319972778320312500e+03,
1.345576538085937500e+03,
1.375873046875000000e+03,
1.392101562500000000e+03,
1.401364624023437500e+03,
1.410568603515625000e+03,
1.417163818359375000e+03,
1.431363769531250000e+03,
1.440356323242187500e+03,
1.458292114257812500e+03,
1.473220458984375000e+03,
1.473858398437500000e+03,
1.467569824218750000e+03,
1.458903564453125000e+03,
1.437276367187500000e+03,
1.433545898437500000e+03,
1.429225585937500000e+03,
1.428604125976562500e+03,
1.429733032226562500e+03,
1.456646240234375000e+03,
1.506040771484375000e+03,
1.601126098632812500e+03,
1.715197387695312500e+03,
1.847929687500000000e+03,
1.943602783203125000e+03,
2.011376098632812500e+03,
2.055768554687500000e+03,
2.147658935546875000e+03,
2.286240966796875000e+03,
2.407582519531250000e+03,
2.428729492187500000e+03,
2.419985839843750000e+03,
2.401659912109375000e+03,
2.403601074218750000e+03,
2.421155517578125000e+03,
2.440447509765625000e+03,
2.434277343750000000e+03,
2.429712158203125000e+03,
2.420183349609375000e+03,
2.405600097656250000e+03,
2.377829101562500000e+03,
2.335635986328125000e+03,
2.309566406250000000e+03,
2.270073486328125000e+03,
2.203314453125000000e+03,
2.150849853515625000e+03,
2.106669921875000000e+03,
2.078745849609375000e+03,
2.061355712890625000e+03,
2.062148925781250000e+03,
2.061928710937500000e+03,
2.075697509765625000e+03,
2.077607910156250000e+03,
2.110575439453125000e+03,
1.141512084960937500e+03,
1.160047607421875000e+03,
1.169266967773437500e+03,
1.173727416992187500e+03,
1.154066406250000000e+03,
1.158056640625000000e+03,
1.160248657226562500e+03,
1.158267944335937500e+03,
1.166597045898437500e+03,
1.152857666015625000e+03,
1.154304931640625000e+03,
1.143018676757812500e+03,
1.150362426757812500e+03,
1.172135620117187500e+03,
1.187548950195312500e+03,
1.191625976562500000e+03,
1.188388549804687500e+03,
1.170314331054687500e+03,
1.145089355468750000e+03,
1.134659179687500000e+03,
1.141511596679687500e+03,
1.178782104492187500e+03,
1.285177978515625000e+03,
1.380003784179687500e+03,
1.429214843750000000e+03,
1.471812622070312500e+03,
1.456121093750000000e+03,
1.414112426757812500e+03,
1.384763916015625000e+03,
1.362034790039062500e+03,
1.372168457031250000e+03,
1.394549438476562500e+03,
1.426548217773437500e+03,
1.467260864257812500e+03,
1.478762451171875000e+03,
1.491764648437500000e+03,
1.524487792968750000e+03,
1.535957397460937500e+03,
1.538298095703125000e+03,
1.555246582031250000e+03,
1.638243530273437500e+03,
1.808012817382812500e+03,
1.997118408203125000e+03,
2.160106445312500000e+03,
2.349137695312500000e+03,
2.530726806640625000e+03,
2.647707031250000000e+03,
2.669715332031250000e+03,
2.610825927734375000e+03,
2.623048828125000000e+03,
2.669255126953125000e+03,
2.587040039062500000e+03,
2.502896972656250000e+03,
2.426116455078125000e+03,
2.336762695312500000e+03,
2.307814208984375000e+03,
2.294975585937500000e+03,
1.214982421875000000e+03,
1.218372192382812500e+03,
1.222133789062500000e+03,
1.234453002929687500e+03,
1.245710571289062500e+03,
1.238294677734375000e+03,
1.220705810546875000e+03,
1.226899291992187500e+03,
1.230571289062500000e+03,
1.252047363281250000e+03,
1.261556152343750000e+03,
1.238216430664062500e+03,
1.225553588867187500e+03,
1.285626708984375000e+03,
1.375376586914062500e+03,
1.420780273437500000e+03,
1.467666625976562500e+03,
1.462751708984375000e+03,
1.440924194335937500e+03,
1.452906005859375000e+03,
1.456671875000000000e+03,
1.499359008789062500e+03,
1.542432861328125000e+03,
1.569610595703125000e+03,
1.606043334960937500e+03,
1.701282714843750000e+03,
1.917119995117187500e+03,
2.155151611328125000e+03,
2.378748291015625000e+03,
2.567387939453125000e+03,
2.772593261718750000e+03,
2.832854980468750000e+03,
2.801953125000000000e+03,
2.741705810546875000e+03,
2.657914794921875000e+03,
2.542239746093750000e+03,
2.499630126953125000e+03,
