3.986619262695312500e+02,
4.128106079101562500e+02,
4.007192687988281250e+02,
3.895447387695312500e+02,
3.344616699218750000e+02,
3.456212158203125000e+02,
3.094656677246093750e+02,
2.849684143066406250e+02,
2.757797851562500000e+02,
2.703149108886718750e+02,
2.675793762207031250e+02,
2.613090209960937500e+02,
2.567479248046875000e+02,
2.557712402343750000e+02,
2.634200439453125000e+02,
2.720937194824218750e+02,
2.782925720214843750e+02,
2.848007812500000000e+02,
2.904403076171875000e+02,
2.992768554687500000e+02,
2.997742309570312500e+02,
2.954054565429687500e+02,
2.948570251464843750e+02,
2.981565246582031250e+02,
3.039450073242187500e+02,
3.129851074218750000e+02,
3.220129394531250000e+02,
3.206019592285156250e+02,
3.170389099121093750e+02,
3.122662963867187500e+02,
3.113037414550781250e+02,
3.075158081054687500e+02,
3.081467895507812500e+02,
3.070644226074218750e+02,
3.056850891113281250e+02,
3.029035034179687500e+02,
2.974599304199218750e+02,
2.925987548828125000e+02,
2.934541931152343750e+02,
2.916754455566406250e+02,
2.891130676269531250e+02,
2.886023559570312500e+02,
2.854705505371093750e+02,
2.828063049316406250e+02,
2.787373046875000000e+02,
2.738089294433593750e+02,
2.700895385742187500e+02,
2.782113647460937500e+02,
2.972018127441406250e+02,
3.253627014160156250e+02,
3.397158203125000000e+02,
3.570779724121093750e+02,
3.702168273925781250e+02,
3.765324401855468750e+02,
3.745372314453125000e+02,
3.820011291503906250e+02,
3.825221252441406250e+02,
3.730008239746093750e+02,
3.611347656250000000e+02,
3.523471374511718750e+02,
3.554141540527343750e+02,
3.783343200683593750e+02,
4.148587951660156250e+02,
4.546014709472656250e+02,
4.821796875000000000e+02,
4.946033020019531250e+02,
4.809750061035156250e+02,
4.543698425292968750e+02,
4.145003662109375000e+02,
3.718320617675781250e+02,
3.402405395507812500e+02,
3.150734558105468750e+02,
2.929786376953125000e+02,
2.854104919433593750e+02,
2.810179138183593750e+02,
2.754456176757812500e+02,
2.749254455566406250e+02,
2.761642761230468750e+02,
2.825345764160156250e+02,
2.858846435546875000e+02,
2.887106323242187500e+02,
2.887066040039062500e+02,
2.859935302734375000e+02,
2.878954162597656250e+02,
2.866333312988281250e+02,
2.905661315917968750e+02,
2.923991088867187500e+02,
2.963569946289062500e+02,
2.958927307128906250e+02,
2.946338500976562500e+02,
2.959859619140625000e+02,
2.971748657226562500e+02,
2.951375122070312500e+02,
2.921938781738281250e+02,
2.912933349609375000e+02,
2.926453247070312500e+02,
2.970899963378906250e+02,
2.899982910156250000e+02,
2.925263977050781250e+02,
2.927815856933593750e+02,
2.978848266601562500e+02,
2.961109313964843750e+02,
2.949761657714843750e+02,
2.900145263671875000e+02,
2.843358154296875000e+02,
2.743118591308593750e+02,
2.757185974121093750e+02,
2.753874511718750000e+02,
2.737257995605468750e+02,
2.715467834472656250e+02,
2.671529235839843750e+02,
2.641718444824218750e+02,
2.617421875000000000e+02,
2.601198425292968750e+02,
2.624920349121093750e+02,
2.689466247558593750e+02,
2.800216674804687500e+02,
2.832494201660156250e+02,
2.853152770996093750e+02,
2.801575622558593750e+02,
2.796185302734375000e+02,
2.829731140136718750e+02,
2.804105529785156250e+02,
2.791982116699218750e+02,
2.747817993164062500e+02,
2.683680114746093750e+02,
2.690962524414062500e+02,
2.708722839355468750e+02,
2.708132019042968750e+02,
2.722353820800781250e+02,
2.720821533203125000e+02,
2.732386474609375000e+02,
2.696083679199218750e+02,
2.687044372558593750e+02,
2.717998962402343750e+02,
2.721374511718750000e+02,
2.745439147949218750e+02,
2.752688903808593750e+02,
2.734363708496093750e+02,
2.730028381347656250e+02,
2.753247070312500000e+02,
2.766800842285156250e+02,
2.758554382324218750e+02,
2.798578186035156250e+02,
2.853190307617187500e+02,
2.830581665039062500e+02,
2.815506896972656250e+02,
2.822131652832031250e+02,
2.822015380859375000e+02,
2.845715637207031250e+02,
2.838407592773437500e+02,
2.879809875488281250e+02,
4.206210021972656250e+02,
7.861758422851562500e+02,
1.339464477539062500e+03,
2.037461547851562500e+03,
2.666748535156250000e+03,
3.383974853515625000e+03,
3.934052490234375000e+03,
4.228041992187500000e+03,
4.133244628906250000e+03,
3.988287353515625000e+03,
3.793928710937500000e+03,
3.589301269531250000e+03,
3.299102294921875000e+03,
2.941794433593750000e+03,
2.630640380859375000e+03,
2.516556640625000000e+03,
2.447409667968750000e+03,
2.291062988281250000e+03,
2.039943237304687500e+03,
1.757711914062500000e+03,
1.594202026367187500e+03,
1.468821655273437500e+03,
1.437217651367187500e+03,
1.436242309570312500e+03,
1.447024658203125000e+03,
1.445972778320312500e+03,
1.406427490234375000e+03,
1.325743164062500000e+03,
1.251053100585937500e+03,
1.182138183593750000e+03,
1.122641357421875000e+03,
1.092542358398437500e+03,
1.061950927734375000e+03,
1.003240905761718750e+03,
9.837291870117187500e+02,
9.636528930664062500e+02,
9.270130615234375000e+02,
8.986766357421875000e+02,
8.758684692382812500e+02,
8.443677368164062500e+02,
8.085477905273437500e+02,
7.786249389648437500e+02,
7.613220214843750000e+02,
7.273540039062500000e+02,
7.396488037109375000e+02,
7.582519531250000000e+02,
7.600892944335937500e+02,
7.634593505859375000e+02,
7.716342773437500000e+02,
7.344895629882812500e+02,
7.025638427734375000e+02,
7.400246582031250000e+02,
7.901842041015625000e+02,
8.074761962890625000e+02,
8.321517333984375000e+02,
8.282710571289062500e+02,
8.167869873046875000e+02,
8.222242431640625000e+02,
8.392529907226562500e+02,
8.233416137695312500e+02,
7.909459228515625000e+02,
7.599232788085937500e+02,
7.155261230468750000e+02,
6.657231445312500000e+02,
6.362761840820312500e+02,
6.326735229492187500e+02,
6.541174926757812500e+02,
7.396706542968750000e+02,
8.270203857421875000e+02,
9.011502685546875000e+02,
9.810455322265625000e+02,
1.026337646484375000e+03,
1.041731201171875000e+03,
1.030093994140625000e+03,
9.901065673828125000e+02,
9.736041870117187500e+02,
9.330570068359375000e+02,
8.784089965820312500e+02,
8.521699829101562500e+02,
8.437497558593750000e+02,
8.348437500000000000e+02,
8.273958740234375000e+02,
8.371674804687500000e+02,
8.463132934570312500e+02,
8.383305053710937500e+02,
8.274365234375000000e+02,
8.009381103515625000e+02,
7.781001586914062500e+02,
7.703847656250000000e+02,
7.633956298828125000e+02,
7.341243286132812500e+02,
7.167423095703125000e+02,
7.165753784179687500e+02,
7.121990966796875000e+02,
7.124673461914062500e+02,
7.049573974609375000e+02,
6.978742065429687500e+02,
7.008886718750000000e+02,
6.966271972656250000e+02,
6.959730834960937500e+02,
6.849159545898437500e+02,
6.767415161132812500e+02,
6.602036132812500000e+02,
6.450246582031250000e+02,
6.331136474609375000e+02,
6.308114013671875000e+02,
6.376422119140625000e+02,
6.564208984375000000e+02,
6.599738769531250000e+02,
6.647523193359375000e+02,
6.763991699218750000e+02,
6.731805419921875000e+02,
6.631911010742187500e+02,
6.494691772460937500e+02,
6.182116699218750000e+02,
5.948916625976562500e+02,
5.833323974609375000e+02,
5.809461059570312500e+02,
5.655131225585937500e+02,
5.744535522460937500e+02,
5.756930541992187500e+02,
5.631349487304687500e+02,
5.530364379882812500e+02,
5.512445068359375000e+02,
5.468880615234375000e+02,
5.552249145507812500e+02,
5.642033691406250000e+02,
5.569189453125000000e+02,
5.482845458984375000e+02,
5.464517822265625000e+02,
5.428331909179687500e+02,
5.375521850585937500e+02,
5.347418823242187500e+02,
5.373775024414062500e+02,
5.312868652343750000e+02,
5.262726440429687500e+02,
5.355099487304687500e+02,
5.404463500976562500e+02,
5.426627807617187500e+02,
5.522526245117187500e+02,
5.311885986328125000e+02,
4.994147949218750000e+02,
4.743979187011718750e+02,
4.443984069824218750e+02,
4.170100402832031250e+02,
3.952184448242187500e+02,
3.817907714843750000e+02,
3.669848937988281250e+02,
3.613856506347656250e+02,
3.626839599609375000e+02,
3.616945190429687500e+02,
3.610441284179687500e+02,
3.590949401855468750e+02,
3.514313354492187500e+02,
3.389046020507812500e+02,
3.336537170410156250e+02,
3.253758850097656250e+02,
3.179380798339843750e+02,
3.103807373046875000e+02,
3.114809875488281250e+02,
3.084629516601562500e+02,
3.051876831054687500e+02,
3.082401123046875000e+02,
3.060099182128906250e+02,
3.083657531738281250e+02,
3.092958068847656250e+02,
3.078754272460937500e+02,
3.079487609863281250e+02,
3.081288757324218750e+02,
3.131255493164062500e+02,
3.115812683105468750e+02,
3.070807189941406250e+02,
2.999920043945312500e+02,
2.943955383300781250e+02,
2.977111511230468750e+02,
2.955765380859375000e+02,
2.936111755371093750e+02,
2.886464538574218750e+02,
2.867674865722656250e+02,
2.840880126953125000e+02,
2.829078063964843750e+02,
2.838350524902343750e+02,
2.869400024414062500e+02,
2.889613342285156250e+02,
2.902648315429687500e+02,
2.914883117675781250e+02,
2.942545776367187500e+02,
2.837523498535156250e+02,
2.796417236328125000e+02,
2.757438049316406250e+02,
2.770326843261718750e+02,
2.752685852050781250e+02,
2.765245056152343750e+02,
2.815829162597656250e+02,
2.911195068359375000e+02,
3.024244079589843750e+02,
3.135234680175781250e+02,
3.096269531250000000e+02,
3.082675476074218750e+02,
3.070091552734375000e+02,
3.036724548339843750e+02,
2.998380126953125000e+02,
3.041224975585937500e+02,
3.039072265625000000e+02,
3.094569091796875000e+02,
3.316078186035156250e+02,
3.420581054687500000e+02,
3.550270996093750000e+02,
3.600667114257812500e+02,
3.552248840332031250e+02,
3.393009033203125000e+02,
3.353505859375000000e+02,
3.237204895019531250e+02,
3.195802001953125000e+02,
3.113872070312500000e+02,
3.069178466796875000e+02,
3.047470703125000000e+02,
3.063690185546875000e+02,
3.133042602539062500e+02,
3.298588867187500000e+02,
3.371811218261718750e+02,
3.444891052246093750e+02,
3.474494628906250000e+02,
3.497586059570312500e+02,
3.430141906738281250e+02,
3.341479797363281250e+02,
3.285448913574218750e+02,
3.203090820312500000e+02,
3.049761047363281250e+02,
2.920155944824218750e+02,
2.899415283203125000e+02,
2.882922668457031250e+02,
2.939608764648437500e+02,
2.960234680175781250e+02,
2.977726135253906250e+02,
3.064533691406250000e+02,
3.126983947753906250e+02,
3.148992309570312500e+02,
3.164476623535156250e+02,
3.182835693359375000e+02,
3.244937744140625000e+02,
3.159119567871093750e+02,
3.166863098144531250e+02,
3.157108764648437500e+02,
3.179703674316406250e+02,
3.162506713867187500e+02,
3.163979492187500000e+02,
3.098447265625000000e+02,
3.084091796875000000e+02,
2.988823242187500000e+02,
2.915653381347656250e+02,
2.893551330566406250e+02,
2.858182067871093750e+02,
2.834904479980468750e+02,
2.746462707519531250e+02,
2.733994445800781250e+02,
2.764847412109375000e+02,
2.775636596679687500e+02,
2.758988342285156250e+02,
2.689653930664062500e+02,
2.672198486328125000e+02,
2.670101928710937500e+02,
2.652290039062500000e+02,
2.692348937988281250e+02,
2.715718994140625000e+02,
2.729573669433593750e+02,
2.720639953613281250e+02,
2.672452087402343750e+02,
2.592938232421875000e+02,
2.584309082031250000e+02,
2.517312164306640625e+02,
2.469812774658203125e+02,
2.450707855224609375e+02,
2.432087554931640625e+02,
2.415212860107421875e+02,
2.396072235107421875e+02,
2.381030731201171875e+02,
2.382809448242187500e+02,
2.400120849609375000e+02,
2.421340942382812500e+02,
2.462039031982421875e+02,
2.508755950927734375e+02,
2.549538726806640625e+02,
2.546632995605468750e+02,
2.583352050781250000e+02,
2.558780517578125000e+02,
2.599854125976562500e+02,
2.631918640136718750e+02,
2.640699157714843750e+02,
2.631604309082031250e+02,
2.701481323242187500e+02,
2.790164184570312500e+02,
2.883437805175781250e+02,
2.923214721679687500e+02,
2.956580505371093750e+02,
3.026725769042968750e+02,
2.989299011230468750e+02,
2.917191772460937500e+02,
2.883086547851562500e+02,
2.834218139648437500e+02,
2.829425964355468750e+02,
2.833204956054687500e+02,
2.833330383300781250e+02,
2.802786865234375000e+02,
2.866181030273437500e+02,
2.955641784667968750e+02,
3.034450073242187500e+02,
3.099091491699218750e+02,
3.095616149902343750e+02,
3.139666137695312500e+02,
3.157646484375000000e+02,
3.298890991210937500e+02,
3.329790344238281250e+02,
3.299465026855468750e+02,
3.328060302734375000e+02,
3.289764709472656250e+02,
3.288453674316406250e+02,
3.300814514160156250e+02,
3.156778259277343750e+02,
3.117062377929687500e+02,
3.103866882324218750e+02,
3.127707824707031250e+02,
3.238464965820312500e+02,
3.279488220214843750e+02,
3.298791809082031250e+02,
3.247206726074218750e+02,
3.284695739746093750e+02,
3.268562011718750000e+02,
3.257684631347656250e+02,
3.231378784179687500e+02,
3.210151977539062500e+02,
3.143658142089843750e+02,
3.123815612792968750e+02,
3.250451049804687500e+02,
3.504705810546875000e+02,
3.688793029785156250e+02,
3.794466247558593750e+02,
3.768908691406250000e+02,
3.709342041015625000e+02,
3.690890808105468750e+02,
3.619028015136718750e+02,
3.482988891601562500e+02,
3.369788818359375000e+02,
3.367175292968750000e+02,
3.342034606933593750e+02,
3.293565368652343750e+02,
3.285077514648437500e+02,
3.270848083496093750e+02,
3.152005615234375000e+02,
3.095019836425781250e+02,
3.038807678222656250e+02,
2.941816101074218750e+02,
2.917115783691406250e+02,
2.934144592285156250e+02,
2.955415344238281250e+02,
2.923510742187500000e+02,
2.845385131835937500e+02,
2.790635375976562500e+02,
2.782226867675781250e+02,
2.809630432128906250e+02,
2.835951843261718750e+02,
2.871323547363281250e+02,
2.905430297851562500e+02,
2.915220336914062500e+02,
2.921062622070312500e+02,
2.910617980957031250e+02,
2.905650024414062500e+02,
2.860688171386718750e+02,
2.858628234863281250e+02,
2.815920104980468750e+02,
2.719895019531250000e+02,
2.734266052246093750e+02,
2.716351013183593750e+02,
2.696852111816406250e+02,
2.718405151367187500e+02,
2.733303527832031250e+02,
2.743625793457031250e+02,
2.719408569335937500e+02,
2.751601867675781250e+02,
2.742397155761718750e+02,
2.748483886718750000e+02,
2.784054565429687500e+02,
2.771831665039062500e+02,
2.756232299804687500e+02,
2.756720581054687500e+02,
2.821911010742187500e+02,
2.842201538085937500e+02,
2.897879943847656250e+02,
2.872052307128906250e+02,
2.884619750976562500e+02,
2.959851684570312500e+02,
2.956396179199218750e+02,
2.971544494628906250e+02,
2.976182556152343750e+02,
2.970284729003906250e+02,
2.943822326660156250e+02,
2.875524291992187500e+02,
2.830812377929687500e+02,
2.744012145996093750e+02,
2.653424377441406250e+02,
2.668159179687500000e+02,
2.669787597656250000e+02,
2.629666748046875000e+02,
2.635088195800781250e+02,
2.669686279296875000e+02,
2.648839416503906250e+02,
2.579042968750000000e+02,
2.601704406738281250e+02,
2.610460205078125000e+02,
2.631303100585937500e+02,
2.677856445312500000e+02,
2.706697387695312500e+02,
2.684814453125000000e+02,
2.686473693847656250e+02,
2.679754028320312500e+02,
2.652084045410156250e+02,
2.645348205566406250e+02,
2.616344604492187500e+02,
2.625157165527343750e+02,
2.579375000000000000e+02,
2.548884124755859375e+02,
2.533596191406250000e+02,
2.521088104248046875e+02,
2.508307800292968750e+02,
2.461663665771484375e+02,
2.428220062255859375e+02,
2.414931640625000000e+02,
2.359751586914062500e+02,
2.344000091552734375e+02,
2.340405731201171875e+02,
2.347910919189453125e+02,
2.355992584228515625e+02,
2.374359436035156250e+02,
2.404095611572265625e+02,
2.402237091064453125e+02,
2.391638183593750000e+02,
2.334908447265625000e+02,
2.290523986816406250e+02,
2.222373046875000000e+02,
2.213299407958984375e+02,
2.215572509765625000e+02,
2.200892486572265625e+02,
2.197128753662109375e+02,
2.193566284179687500e+02,
2.190317687988281250e+02,
2.172775268554687500e+02,
2.155969238281250000e+02,
2.171842803955078125e+02,
2.160426635742187500e+02,
2.167309722900390625e+02,
2.160878753662109375e+02,
2.153839721679687500e+02,
2.150978698730468750e+02,
2.108287811279296875e+02,
2.081663055419921875e+02,
2.099700164794921875e+02,
2.089123992919921875e+02,
2.116753692626953125e+02,
2.132963409423828125e+02,
2.135250701904296875e+02,
2.142607421875000000e+02,
2.172694244384765625e+02,
2.167812652587890625e+02,
2.169053802490234375e+02,
2.170247955322265625e+02,
2.184195556640625000e+02,
2.168811340332031250e+02,
2.178407592773437500e+02,
2.191153564453125000e+02,
2.203345184326171875e+02,
2.206518249511718750e+02,
2.212227630615234375e+02,
2.216855316162109375e+02,
2.183863220214843750e+02,
2.168251037597656250e+02,
2.138986206054687500e+02,
2.128861236572265625e+02,
2.110144195556640625e+02,
2.114918975830078125e+02,
2.147307434082031250e+02,
2.206947631835937500e+02,
2.291047210693359375e+02,
2.343220062255859375e+02,
2.424671630859375000e+02,
2.487117309570312500e+02,
2.558650054931640625e+02,
2.576553649902343750e+02,
2.546497344970703125e+02,
2.524462432861328125e+02,
2.470696716308593750e+02,
2.407547760009765625e+02,
2.399854125976562500e+02,
2.376334991455078125e+02,
2.321080474853515625e+02,
2.262687835693359375e+02,
2.197897186279296875e+02,
2.115731201171875000e+02,
2.063419036865234375e+02,
2.038336486816406250e+02,
2.026092224121093750e+02,
2.026820220947265625e+02,
2.003106842041015625e+02,
2.001574401855468750e+02,
2.001481475830078125e+02,
2.021982727050781250e+02,
2.046662597656250000e+02,
2.084829864501953125e+02,
2.160429840087890625e+02,
2.237449035644531250e+02,
2.311553802490234375e+02,
2.375337066650390625e+02,
2.395435180664062500e+02,
2.411945343017578125e+02,
2.386222076416015625e+02,
2.409776458740234375e+02,
2.433552551269531250e+02,
2.434775085449218750e+02,
2.450343322753906250e+02,
2.463502807617187500e+02,
2.436641387939453125e+02,
2.373017120361328125e+02,
2.326322479248046875e+02,
2.261398925781250000e+02,
2.190674285888671875e+02,
2.143924713134765625e+02,
2.150572357177734375e+02,
2.175382690429687500e+02,
2.206941528320312500e+02,
2.212515106201171875e+02,
2.242980499267578125e+02,
2.273963928222656250e+02,
2.281044464111328125e+02,
2.275058593750000000e+02,
2.218894042968750000e+02,
2.218734893798828125e+02,
2.182211761474609375e+02,
2.169630432128906250e+02,
2.164676055908203125e+02,
2.151650543212890625e+02,
2.130915374755859375e+02,
2.114092559814453125e+02,
2.092673034667968750e+02,
2.061908721923828125e+02,
2.035013275146484375e+02,
2.033167419433593750e+02,
2.017468414306640625e+02,
2.016728057861328125e+02,
2.015032806396484375e+02,
2.024593505859375000e+02,
2.027231445312500000e+02,
2.033648376464843750e+02,
2.050505065917968750e+02,
2.065824584960937500e+02,
2.071672973632812500e+02,
2.072822723388671875e+02,
2.060153961181640625e+02,
2.038720855712890625e+02,
2.048951721191406250e+02,
2.053535919189453125e+02,
2.046786346435546875e+02,
2.048024139404296875e+02,
2.027150115966796875e+02,
2.016968688964843750e+02,
2.020127868652343750e+02,
2.012880706787109375e+02,
2.042354431152343750e+02,
2.080690917968750000e+02,
2.117516174316406250e+02,
2.161433563232421875e+02,
2.202292175292968750e+02,
2.251217956542968750e+02,
2.287747802734375000e+02,
2.301064910888671875e+02,
2.301940765380859375e+02,
2.320849609375000000e+02,
2.346363983154296875e+02,
2.365911560058593750e+02,
2.414137725830078125e+02,
2.429823913574218750e+02,
2.483945617675781250e+02,
2.517244873046875000e+02,
2.545802154541015625e+02,
2.571193237304687500e+02,
2.534517974853515625e+02,
2.517672119140625000e+02,
2.495119018554687500e+02,
2.504421386718750000e+02,
2.515093841552734375e+02,
2.561473083496093750e+02,
2.585523071289062500e+02,
2.617867736816406250e+02,
2.619600524902343750e+02,
2.611741333007812500e+02,
2.601825561523437500e+02,
2.592828063964843750e+02,
2.562367858886718750e+02,
2.541316223144531250e+02,
2.530685577392578125e+02,
2.506164703369140625e+02,
4.392647094726562500e+02,
4.374061889648437500e+02,
3.843755798339843750e+02,
3.505769958496093750e+02,
2.887017517089843750e+02,
2.912178344726562500e+02,
2.931507873535156250e+02,
3.116427307128906250e+02,
3.246931762695312500e+02,
3.354866943359375000e+02,
3.503067932128906250e+02,
3.538928222656250000e+02,
3.484981689453125000e+02,
3.519577026367187500e+02,
3.492840270996093750e+02,
3.380437316894531250e+02,
3.363743591308593750e+02,
3.301709594726562500e+02,
3.217938842773437500e+02,
3.141092224121093750e+02,
3.093755798339843750e+02,
3.067728881835937500e+02,
3.241178894042968750e+02,
3.424630737304687500e+02,
3.579781799316406250e+02,
3.969421997070312500e+02,
4.243298950195312500e+02,
4.108742065429687500e+02,
4.226490478515625000e+02,
4.536893920898437500e+02,
4.764709167480468750e+02,
4.888248291015625000e+02,
4.803251342773437500e+02,
4.410760803222656250e+02,
3.908428344726562500e+02,
3.433928222656250000e+02,
3.163719177246093750e+02,
3.079062500000000000e+02,
3.167299804687500000e+02,
3.168594360351562500e+02,
3.236531677246093750e+02,
3.276633300781250000e+02,
3.319265441894531250e+02,
3.334444885253906250e+02,
3.295269165039062500e+02,
3.223693847656250000e+02,
3.232132568359375000e+02,
3.244342651367187500e+02,
3.306421508789062500e+02,
3.268499755859375000e+02,
3.176028747558593750e+02,
3.154448852539062500e+02,
3.043888549804687500e+02,
2.891967468261718750e+02,
2.843906250000000000e+02,
2.886001892089843750e+02,
2.898317260742187500e+02,
2.977501525878906250e+02,
3.031709289550781250e+02,
3.000213317871093750e+02,
3.002725524902343750e+02,
2.937023010253906250e+02,
2.856629943847656250e+02,
2.797490539550781250e+02,
2.816730957031250000e+02,
2.889162292480468750e+02,
2.921617736816406250e+02,
2.887630310058593750e+02,
2.867870483398437500e+02,
2.935455932617187500e+02,
2.932173767089843750e+02,
2.937861328125000000e+02,
2.950893554687500000e+02,
2.992561645507812500e+02,
5.354223632812500000e+02,
1.373641967773437500e+03,
2.624472900390625000e+03,
3.801544677734375000e+03,
4.551779785156250000e+03,
5.081811035156250000e+03,
5.148807617187500000e+03,
5.074936523437500000e+03,
4.718664062500000000e+03,
3.883674316406250000e+03,
3.226113281250000000e+03,
2.653265136718750000e+03,
2.259547607421875000e+03,
2.032713989257812500e+03,
1.903913208007812500e+03,
1.745328125000000000e+03,
1.461789672851562500e+03,
1.266370117187500000e+03,
1.199163330078125000e+03,
1.155142333984375000e+03,
1.063529174804687500e+03,
1.016290222167968750e+03,
9.727653808593750000e+02,
8.948601684570312500e+02,
8.603221435546875000e+02,
8.739759521484375000e+02,
9.071820068359375000e+02,
8.976520385742187500e+02,
9.105270996093750000e+02,
9.379494018554687500e+02,
8.991474609375000000e+02,
8.507875976562500000e+02,
8.244498901367187500e+02,
8.388010253906250000e+02,
9.004216308593750000e+02,
9.826624145507812500e+02,
1.084435302734375000e+03,
1.127552246093750000e+03,
1.104477416992187500e+03,
1.054857543945312500e+03,
1.025368530273437500e+03,
9.974375000000000000e+02,
9.758417968750000000e+02,
9.557373046875000000e+02,
9.402606811523437500e+02,
8.873297119140625000e+02,
8.736184692382812500e+02,
8.461060791015625000e+02,
8.237363891601562500e+02,
8.160171508789062500e+02,
8.009647216796875000e+02,
7.862704467773437500e+02,
7.612827758789062500e+02,
7.592470092773437500e+02,
7.513727416992187500e+02,
7.538044433593750000e+02,
7.672872924804687500e+02,
7.511742553710937500e+02,
7.008356323242187500e+02,
6.786551513671875000e+02,
6.661592407226562500e+02,
6.554714355468750000e+02,
6.443086547851562500e+02,
6.333333740234375000e+02,
6.261329956054687500e+02,
6.345590209960937500e+02,
6.228731689453125000e+02,
6.136601562500000000e+02,
6.194322509765625000e+02,
6.125302124023437500e+02,
5.864283447265625000e+02,
5.585122070312500000e+02,
5.239835815429687500e+02,
4.770005187988281250e+02,
4.356717224121093750e+02,
4.088970642089843750e+02,
3.883220520019531250e+02,
3.851521911621093750e+02,
3.776408996582031250e+02,
3.593056945800781250e+02,
3.363933105468750000e+02,
3.364011840820312500e+02,
3.304102783203125000e+02,
3.227503967285156250e+02,
3.321205749511718750e+02,
3.344894714355468750e+02,
3.313609008789062500e+02,
3.310790405273437500e+02,
3.237086181640625000e+02,
3.133340759277343750e+02,
3.052887268066406250e+02,
3.070265197753906250e+02,
3.052441406250000000e+02,
2.981505126953125000e+02,
2.954339904785156250e+02,
2.917224731445312500e+02,
2.863865966796875000e+02,
2.942130126953125000e+02,
3.063560180664062500e+02,
3.105227355957031250e+02,
3.142588806152343750e+02,
3.220340270996093750e+02,
3.289655761718750000e+02,
3.391932373046875000e+02,
3.489575500488281250e+02,
3.539998474121093750e+02,
3.532839355468750000e+02,
3.533484191894531250e+02,
3.400140991210937500e+02,
3.426597290039062500e+02,
3.445054016113281250e+02,
3.490177612304687500e+02,
3.528012390136718750e+02,
3.519184875488281250e+02,
3.404955139160156250e+02,
3.341179199218750000e+02,
3.225563659667968750e+02,
3.188022155761718750e+02,
3.334367370605468750e+02,
3.407629699707031250e+02,
3.532168884277343750e+02,
3.536433715820312500e+02,
3.575601501464843750e+02,
3.522316589355468750e+02,
3.477395324707031250e+02,
3.336789550781250000e+02,
3.222218627929687500e+02,
3.041788330078125000e+02,
3.073604431152343750e+02,
3.026627502441406250e+02,
2.977249755859375000e+02,
2.958141174316406250e+02,
2.857756652832031250e+02,
2.825720825195312500e+02,
2.793845825195312500e+02,
2.739037475585937500e+02,
2.655779113769531250e+02,
2.592153015136718750e+02,
2.554224700927734375e+02,
2.519212646484375000e+02,
2.534098510742187500e+02,
2.601912841796875000e+02,
2.657911682128906250e+02,
2.712201843261718750e+02,
2.771436157226562500e+02,
2.848987121582031250e+02,
3.016339416503906250e+02,
3.188725891113281250e+02,
3.227778625488281250e+02,
3.234135131835937500e+02,
3.250272521972656250e+02,
3.205185546875000000e+02,
3.361118469238281250e+02,
3.477989501953125000e+02,
3.637068786621093750e+02,
3.831882934570312500e+02,
3.975733337402343750e+02,
3.918466491699218750e+02,
3.926621398925781250e+02,
3.873417358398437500e+02,
3.874467773437500000e+02,
3.796997985839843750e+02,
3.759036254882812500e+02,
3.761068725585937500e+02,
3.755476684570312500e+02,
3.715685119628906250e+02,
3.774685668945312500e+02,
3.912810668945312500e+02,
3.963868408203125000e+02,
4.115554809570312500e+02,
4.249453430175781250e+02,
4.319812011718750000e+02,
4.204025878906250000e+02,
3.917260131835937500e+02,
3.783399963378906250e+02,
3.635052490234375000e+02,
3.489991760253906250e+02,
3.362191162109375000e+02,
3.258197021484375000e+02,
3.254440917968750000e+02,
3.240414428710937500e+02,
3.260840759277343750e+02,
3.245568542480468750e+02,
3.237160949707031250e+02,
3.286939697265625000e+02,
3.179197692871093750e+02,
3.166660766601562500e+02,
3.133954772949218750e+02,
3.048264160156250000e+02,
3.062319946289062500e+02,
3.069166564941406250e+02,
3.058446655273437500e+02,
3.074617614746093750e+02,
3.158652648925781250e+02,
3.180587768554687500e+02,
3.257019348144531250e+02,
3.307798156738281250e+02,
3.302308044433593750e+02,
3.256494140625000000e+02,
3.129329528808593750e+02,
3.044946594238281250e+02,
2.895906982421875000e+02,
2.826896362304687500e+02,
2.849540710449218750e+02,
2.901465148925781250e+02,
2.862982482910156250e+02,
2.854835205078125000e+02,
2.929875488281250000e+02,
2.898387451171875000e+02,
2.896056823730468750e+02,
2.799142150878906250e+02,
2.744437255859375000e+02,
2.695617370605468750e+02,
2.586697387695312500e+02,
2.511269836425781250e+02,
2.470934753417968750e+02,
2.438373565673828125e+02,
2.438676605224609375e+02,
2.463253631591796875e+02,
2.411243286132812500e+02,
2.328416748046875000e+02,
2.258680419921875000e+02,
2.210229339599609375e+02,
2.201983184814453125e+02,
2.194451599121093750e+02,
2.174418792724609375e+02,
2.148925628662109375e+02,
2.174497833251953125e+02,
2.127150878906250000e+02,
2.148251037597656250e+02,
2.170061798095703125e+02,
2.172848358154296875e+02,
2.222447662353515625e+02,
2.245943450927734375e+02,
2.252882385253906250e+02,
2.281284484863281250e+02,
2.296768646240234375e+02,
2.242982940673828125e+02,
2.223153991699218750e+02,
2.209201660156250000e+02,
2.271790313720703125e+02,
2.388103790283203125e+02,
2.512217712402343750e+02,
2.611341552734375000e+02,
2.673947143554687500e+02,
2.618392944335937500e+02,
2.576781311035156250e+02,
2.462353057861328125e+02,
2.368493347167968750e+02,
2.240527954101562500e+02,
2.110737609863281250e+02,
2.049017181396484375e+02,
2.051049499511718750e+02,
2.093435668945312500e+02,
2.243468170166015625e+02,
2.378607330322265625e+02,
2.483832855224609375e+02,
2.587079772949218750e+02,
2.580199279785156250e+02,
2.572556457519531250e+02,
2.555453186035156250e+02,
2.499819488525390625e+02,
2.387566375732421875e+02,
2.294349975585937500e+02,
2.260608673095703125e+02,
2.312146148681640625e+02,
2.319846038818359375e+02,
2.316359405517578125e+02,
2.274293518066406250e+02,
2.222090911865234375e+02,
2.171220855712890625e+02,
2.149891204833984375e+02,
2.080731201171875000e+02,
2.059666442871093750e+02,
2.046730194091796875e+02,
2.045368347167968750e+02,
2.047619476318359375e+02,
2.090990447998046875e+02,
2.073162689208984375e+02,
2.087528228759765625e+02,
2.059215393066406250e+02,
2.056425323486328125e+02,
2.042908477783203125e+02,
2.086683807373046875e+02,
2.165438079833984375e+02,
2.209868011474609375e+02,
2.259592742919921875e+02,
2.346467285156250000e+02,
2.404156951904296875e+02,
2.487021026611328125e+02,
2.544597015380859375e+02,
2.596159667968750000e+02,
2.581417846679687500e+02,
2.623013000488281250e+02,
2.653591003417968750e+02,
2.670405578613281250e+02,
2.718250427246093750e+02,
2.775649719238281250e+02,
2.686352844238281250e+02,
2.649998474121093750e+02,
4.619717102050781250e+02,
4.351634521484375000e+02,
4.203262023925781250e+02,
3.740610046386718750e+02,
3.402352905273437500e+02,
3.648237304687500000e+02,
3.773092346191406250e+02,
3.838533325195312500e+02,
3.829451599121093750e+02,
3.742495117187500000e+02,
3.714204406738281250e+02,
3.525067138671875000e+02,
3.377952270507812500e+02,
3.415761718750000000e+02,
3.611556396484375000e+02,
3.787122802734375000e+02,
4.049887390136718750e+02,
4.359568176269531250e+02,
4.886612854003906250e+02,
4.985052490234375000e+02,
4.783629455566406250e+02,
4.565646972656250000e+02,
4.301031799316406250e+02,
3.906938171386718750e+02,
3.556069030761718750e+02,
3.578112792968750000e+02,
3.683646240234375000e+02,
3.781834106445312500e+02,
3.740590515136718750e+02,
3.692014465332031250e+02,
3.682278137207031250e+02,
3.647906188964843750e+02,
3.560810546875000000e+02,
3.480098571777343750e+02,
3.358567199707031250e+02,
3.215715026855468750e+02,
3.175308227539062500e+02,
3.197779846191406250e+02,
3.176025390625000000e+02,
3.134760131835937500e+02,
3.143264770507812500e+02,
3.010683593750000000e+02,
2.967315673828125000e+02,
3.069863586425781250e+02,
3.019674682617187500e+02,
3.080955200195312500e+02,
3.132192077636718750e+02,
3.134929199218750000e+02,
6.450908813476562500e+02,
1.969854003906250000e+03,
3.601150634765625000e+03,
4.834699707031250000e+03,
5.512269531250000000e+03,
6.207749023437500000e+03,
5.980781250000000000e+03,
4.838831542968750000e+03,
3.827590576171875000e+03,
2.964050292968750000e+03,
2.375424804687500000e+03,
2.021435546875000000e+03,
1.682865112304687500e+03,
1.394040161132812500e+03,
1.278368896484375000e+03,
1.185843872070312500e+03,
1.105942138671875000e+03,
1.005451599121093750e+03,
1.013863952636718750e+03,
1.027957275390625000e+03,
9.777947387695312500e+02,
9.480847778320312500e+02,
9.858438720703125000e+02,
1.069489868164062500e+03,
1.113087646484375000e+03,
1.166476318359375000e+03,
1.205910766601562500e+03,
1.177071166992187500e+03,
1.153186523437500000e+03,
1.097495483398437500e+03,
1.045179321289062500e+03,
9.975892944335937500e+02,
9.652172851562500000e+02,
9.152539062500000000e+02,
8.888949584960937500e+02,
8.779742431640625000e+02,
8.620673217773437500e+02,
8.605748901367187500e+02,
8.279881591796875000e+02,
7.938073730468750000e+02,
7.675225219726562500e+02,
7.391977539062500000e+02,
7.191370849609375000e+02,
7.044871826171875000e+02,
6.789537353515625000e+02,
6.882045288085937500e+02,
6.799429321289062500e+02,
6.417487182617187500e+02,
5.811177978515625000e+02,
5.441418457031250000e+02,
4.838257751464843750e+02,
4.350864562988281250e+02,
4.043806762695312500e+02,
3.911805725097656250e+02,
3.752825622558593750e+02,
3.553147277832031250e+02,
3.485444030761718750e+02,
3.503676147460937500e+02,
3.547183227539062500e+02,
3.473834533691406250e+02,
3.377753295898437500e+02,
3.281679382324218750e+02,
3.184318542480468750e+02,
3.115934753417968750e+02,
3.062077331542968750e+02,
3.143358764648437500e+02,
3.165677185058593750e+02,
3.238489074707031250e+02,
3.534299316406250000e+02,
3.729312133789062500e+02,
3.798017578125000000e+02,
3.820410156250000000e+02,
3.892927246093750000e+02,
3.857380371093750000e+02,
3.864013977050781250e+02,
3.851870727539062500e+02,
3.791714477539062500e+02,
3.753279724121093750e+02,
3.691719055175781250e+02,
3.584436950683593750e+02,
3.648575439453125000e+02,
3.717990112304687500e+02,
3.786503295898437500e+02,
3.658106384277343750e+02,
3.518592529296875000e+02,
3.410894775390625000e+02,
3.261264343261718750e+02,
3.268276672363281250e+02,
3.161643066406250000e+02,
3.023762512207031250e+02,
2.887688598632812500e+02,
2.803468322753906250e+02,
2.714685058593750000e+02,
2.670856323242187500e+02,
2.694610900878906250e+02,
2.753865966796875000e+02,
2.801628723144531250e+02,
3.065980529785156250e+02,
3.303206787109375000e+02,
3.458341979980468750e+02,
3.592898254394531250e+02,
3.797426452636718750e+02,
4.004345092773437500e+02,
4.237577819824218750e+02,
4.545087585449218750e+02,
4.650655517578125000e+02,
4.564054870605468750e+02,
4.591211242675781250e+02,
4.543103332519531250e+02,
4.401296997070312500e+02,
4.363359069824218750e+02,
4.404128723144531250e+02,
4.528063964843750000e+02,
4.463197021484375000e+02,
4.616136169433593750e+02,
4.789077453613281250e+02,
4.525412597656250000e+02,
4.104330444335937500e+02,
3.931158142089843750e+02,
3.737204895019531250e+02,
3.668383789062500000e+02,
3.711234436035156250e+02,
3.699072570800781250e+02,
3.684976501464843750e+02,
3.598721313476562500e+02,
3.603262023925781250e+02,
3.501900024414062500e+02,
3.442355346679687500e+02,
3.428842468261718750e+02,
3.444159545898437500e+02,
3.555633239746093750e+02,
3.626500549316406250e+02,
3.612590637207031250e+02,
3.534483947753906250e+02,
3.370028686523437500e+02,
3.185441284179687500e+02,
3.082106628417968750e+02,
3.163670654296875000e+02,
3.082970581054687500e+02,
3.104178466796875000e+02,
3.103821716308593750e+02,
2.977133178710937500e+02,
2.817853088378906250e+02,
2.703195800781250000e+02,
2.590423278808593750e+02,
2.500087890625000000e+02,
2.469105072021484375e+02,
2.390878295898437500e+02,
2.318636322021484375e+02,
2.247628173828125000e+02,
2.213092041015625000e+02,
2.192773895263671875e+02,
2.206959838867187500e+02,
2.212510375976562500e+02,
2.216617584228515625e+02,
2.261621093750000000e+02,
2.304697570800781250e+02,
2.342246551513671875e+02,
2.297753448486328125e+02,
2.280882415771484375e+02,
2.362830505371093750e+02,
2.526004791259765625e+02,
2.653886718750000000e+02,
2.748418884277343750e+02,
2.754414978027343750e+02,
2.656156616210937500e+02,
2.475885772705078125e+02,
2.285875549316406250e+02,
2.144340515136718750e+02,
2.205755615234375000e+02,
2.353330688476562500e+02,
2.543497772216796875e+02,
2.689430236816406250e+02,
2.697215270996093750e+02,
2.643368835449218750e+02,
2.557636718750000000e+02,
2.468771057128906250e+02,
2.387737274169921875e+02,
2.336256866455078125e+02,
2.328505401611328125e+02,
2.257280273437500000e+02,
2.187045593261718750e+02,
2.122270202636718750e+02,
2.071775970458984375e+02,
2.066753387451171875e+02,
2.072899169921875000e+02,
2.069723815917968750e+02,
2.088762969970703125e+02,
2.077760925292968750e+02,
2.143355102539062500e+02,
2.194814758300781250e+02,
2.253598480224609375e+02,
2.388916168212890625e+02,
2.558271636962890625e+02,
2.628997192382812500e+02,
2.655448913574218750e+02,
2.739407958984375000e+02,
2.850420837402343750e+02,
2.839919128417968750e+02,
2.786372375488281250e+02,
