1.169009643554687500e+03,
1.166839355468750000e+03,
1.139021362304687500e+03,
1.085283325195312500e+03,
1.010181152343750000e+03,
9.763912353515625000e+02,
9.487560424804687500e+02,
9.342170410156250000e+02,
9.324669189453125000e+02,
9.382057495117187500e+02,
9.393117065429687500e+02,
9.276206054687500000e+02,
9.146590576171875000e+02,
8.933517456054687500e+02,
8.709910888671875000e+02,
8.569918212890625000e+02,
8.328668823242187500e+02,
8.206896362304687500e+02,
8.116949462890625000e+02,
7.985404052734375000e+02,
7.911140747070312500e+02,
7.890055541992187500e+02,
7.906917114257812500e+02,
7.977019653320312500e+02,
8.034108886718750000e+02,
8.103333129882812500e+02,
8.262834472656250000e+02,
8.279267578125000000e+02,
8.264299316406250000e+02,
8.337811889648437500e+02,
8.464119873046875000e+02,
8.725806884765625000e+02,
9.079445800781250000e+02,
9.215016479492187500e+02,
9.291447753906250000e+02,
9.424375000000000000e+02,
9.439899291992187500e+02,
9.404242553710937500e+02,
9.340439453125000000e+02,
9.292418212890625000e+02,
9.350168457031250000e+02,
9.540198974609375000e+02,
9.805380859375000000e+02,
9.903034057617187500e+02,
1.000115173339843750e+03,
1.000103088378906250e+03,
9.840746459960937500e+02,
9.557540893554687500e+02,
9.222525634765625000e+02,
8.832623901367187500e+02,
8.188914794921875000e+02,
7.749180908203125000e+02,
7.405926513671875000e+02,
7.090723876953125000e+02,
6.927934570312500000e+02,
6.876264038085937500e+02,
6.861810302734375000e+02,
6.875435180664062500e+02,
6.849989013671875000e+02,
6.836107177734375000e+02,
6.892423706054687500e+02,
6.863347167968750000e+02,
6.956305541992187500e+02,
7.138401489257812500e+02,
7.314909057617187500e+02,
7.451973876953125000e+02,
7.551505737304687500e+02,
7.689589233398437500e+02,
7.760117187500000000e+02,
7.869724731445312500e+02,
7.830501708984375000e+02,
7.786663208007812500e+02,
7.609922485351562500e+02,
7.524652709960937500e+02,
7.345394287109375000e+02,
7.235805664062500000e+02,
7.150871582031250000e+02,
7.206660156250000000e+02,
7.257676391601562500e+02,
7.282601928710937500e+02,
7.304989013671875000e+02,
7.312451782226562500e+02,
7.263256835937500000e+02,
7.333729248046875000e+02,
7.410610961914062500e+02,
7.411898193359375000e+02,
7.469729003906250000e+02,
7.399042358398437500e+02,
7.366019897460937500e+02,
7.493263549804687500e+02,
7.779931030273437500e+02,
8.030972900390625000e+02,
8.452362060546875000e+02,
8.980170288085937500e+02,
9.194813842773437500e+02,
9.420440063476562500e+02,
9.741493530273437500e+02,
9.860447387695312500e+02,
9.543226318359375000e+02,
9.329788818359375000e+02,
9.030726318359375000e+02,
9.419391479492187500e+02,
1.100858886718750000e+03,
1.292253051757812500e+03,
1.425331542968750000e+03,
1.463234375000000000e+03,
1.496158691406250000e+03,
1.486405517578125000e+03,
1.467238647460937500e+03,
1.399139648437500000e+03,
1.313624145507812500e+03,
1.252440307617187500e+03,
1.235953857421875000e+03,
1.204197021484375000e+03,
1.187711425781250000e+03,
1.240588745117187500e+03,
1.252095458984375000e+03,
1.216947265625000000e+03,
1.191542968750000000e+03,
1.181924194335937500e+03,
1.134438842773437500e+03,
1.040914672851562500e+03,
9.823941650390625000e+02,
9.373255615234375000e+02,
8.832457885742187500e+02,
8.414379272460937500e+02,
7.801627197265625000e+02,
7.233050537109375000e+02,
6.959437866210937500e+02,
7.008167114257812500e+02,
7.308429565429687500e+02,
7.889448852539062500e+02,
8.327275390625000000e+02,
8.482655639648437500e+02,
8.369566040039062500e+02,
8.032479858398437500e+02,
7.474374389648437500e+02,
7.061708984375000000e+02,
6.639158325195312500e+02,
6.226736450195312500e+02,
5.915773925781250000e+02,
5.904151611328125000e+02,
6.095136108398437500e+02,
6.460083007812500000e+02,
6.926635131835937500e+02,
7.398501586914062500e+02,
7.800457763671875000e+02,
8.114205322265625000e+02,
8.293316650390625000e+02,
8.338933715820312500e+02,
8.312630615234375000e+02,
8.218012695312500000e+02,
8.199229125976562500e+02,
8.126159057617187500e+02,
8.232572631835937500e+02,
8.305126953125000000e+02,
8.266011962890625000e+02,
8.194677124023437500e+02,
8.209624633789062500e+02,
8.176956176757812500e+02,
8.167106323242187500e+02,
8.173278198242187500e+02,
8.214963989257812500e+02,
8.226450195312500000e+02,
8.174124755859375000e+02,
8.146807861328125000e+02,
8.157529296875000000e+02,
7.946087646484375000e+02,
7.859401245117187500e+02,
7.687065429687500000e+02,
7.528911743164062500e+02,
7.452310180664062500e+02,
1.137442871093750000e+03,
1.141913452148437500e+03,
1.096886474609375000e+03,
1.048531860351562500e+03,
9.576934814453125000e+02,
9.302987060546875000e+02,
9.060285644531250000e+02,
8.883936767578125000e+02,
8.542928466796875000e+02,
8.453146362304687500e+02,
8.407059326171875000e+02,
8.607354736328125000e+02,
8.846989135742187500e+02,
9.098122558593750000e+02,
9.689100952148437500e+02,
1.023636230468750000e+03,
1.059677246093750000e+03,
1.042450317382812500e+03,
1.024078857421875000e+03,
1.017750732421875000e+03,
1.042871337890625000e+03,
1.071319458007812500e+03,
1.054661132812500000e+03,
1.009828613281250000e+03,
9.318088989257812500e+02,
8.276913452148437500e+02,
7.510981445312500000e+02,
7.388828735351562500e+02,
7.334592285156250000e+02,
7.451613159179687500e+02,
7.549112548828125000e+02,
7.842848510742187500e+02,
8.037571411132812500e+02,
8.178632812500000000e+02,
8.164466552734375000e+02,
7.945542602539062500e+02,
7.795410156250000000e+02,
7.520307617187500000e+02,
7.466833496093750000e+02,
7.578826904296875000e+02,
7.694213867187500000e+02,
7.718547363281250000e+02,
7.882876586914062500e+02,
8.300678710937500000e+02,
8.936248168945312500e+02,
9.578634033203125000e+02,
1.026993041992187500e+03,
1.046001953125000000e+03,
1.086079833984375000e+03,
1.284260620117187500e+03,
1.501898681640625000e+03,
1.628264892578125000e+03,
1.696705200195312500e+03,
1.779780761718750000e+03,
1.720213867187500000e+03,
1.570562622070312500e+03,
1.548486083984375000e+03,
1.494329711914062500e+03,
1.382435058593750000e+03,
1.322260986328125000e+03,
1.250869873046875000e+03,
1.057296142578125000e+03,
9.786295166015625000e+02,
9.595263671875000000e+02,
9.562799072265625000e+02,
9.408555908203125000e+02,
8.919104003906250000e+02,
8.430261230468750000e+02,
7.894950561523437500e+02,
7.505132446289062500e+02,
7.354477539062500000e+02,
7.865503540039062500e+02,
8.444704589843750000e+02,
8.754815063476562500e+02,
8.788400878906250000e+02,
8.976011352539062500e+02,
8.826865234375000000e+02,
8.785875244140625000e+02,
8.770708007812500000e+02,
8.715402832031250000e+02,
8.562147216796875000e+02,
8.565468139648437500e+02,
8.443508911132812500e+02,
8.320206298828125000e+02,
1.137412719726562500e+03,
1.125454101562500000e+03,
1.095656494140625000e+03,
1.031733642578125000e+03,
9.297499389648437500e+02,
9.078022460937500000e+02,
9.024161376953125000e+02,
9.313490600585937500e+02,
1.032380493164062500e+03,
1.117936157226562500e+03,
1.144825805664062500e+03,
1.117578735351562500e+03,
1.103428955078125000e+03,
1.129031494140625000e+03,
1.122352416992187500e+03,
1.058508911132812500e+03,
9.375217285156250000e+02,
8.212310180664062500e+02,
7.883140869140625000e+02,
8.148438110351562500e+02,
8.331060180664062500e+02,
8.532559814453125000e+02,
8.415728759765625000e+02,
8.201065063476562500e+02,
7.951683959960937500e+02,
7.860549316406250000e+02,
7.973326416015625000e+02,
8.398984985351562500e+02,
9.303508300781250000e+02,
1.009226989746093750e+03,
1.063966186523437500e+03,
1.257151855468750000e+03,
1.562539794921875000e+03,
1.687278808593750000e+03,
1.787363647460937500e+03,
1.857850219726562500e+03,
1.841289794921875000e+03,
1.647099243164062500e+03,
1.529058105468750000e+03,
1.397646850585937500e+03,
1.294983032226562500e+03,
1.174217529296875000e+03,
1.103477294921875000e+03,
9.807637329101562500e+02,
9.277425537109375000e+02,
8.793189086914062500e+02,
8.768052368164062500e+02,
8.694436035156250000e+02,
9.088572998046875000e+02,
9.452833862304687500e+02,
9.507370605468750000e+02,
9.319430541992187500e+02,
9.095908203125000000e+02,
8.935669555664062500e+02,
8.742340087890625000e+02,
