-7.176933288574218750e-01,
-7.203221321105957031e-01,
-7.239092588424682617e-01,
-7.248992323875427246e-01,
-7.205445766448974609e-01,
-7.206050157546997070e-01,
-7.194116115570068359e-01,
-7.155430316925048828e-01,
-7.124761343002319336e-01,
-7.102593183517456055e-01,
-7.088216543197631836e-01,
-7.094476819038391113e-01,
-7.098646759986877441e-01,
-7.110810279846191406e-01,
-7.106500864028930664e-01,
-7.094699144363403320e-01,
-7.084887027740478516e-01,
-7.075915336608886719e-01,
-7.074027061462402344e-01,
-7.080827951431274414e-01,
-7.087417244911193848e-01,
-7.085757255554199219e-01,
-7.090409398078918457e-01,
-7.096322774887084961e-01,
-7.103896737098693848e-01,
-7.110894918441772461e-01,
-7.115187048912048340e-01,
-7.117859125137329102e-01,
-7.119250893592834473e-01,
-7.124106287956237793e-01,
-7.119641304016113281e-01,
-7.127331495285034180e-01,
-7.131579518318176270e-01,
-7.135068178176879883e-01,
-7.138257622718811035e-01,
-7.137473821640014648e-01,
-7.137881517410278320e-01,
-7.138689756393432617e-01,
-7.134527564048767090e-01,
-7.130061388015747070e-01,
-7.131155729293823242e-01,
-7.128113508224487305e-01,
-7.128008604049682617e-01,
-7.132752537727355957e-01,
-7.147027850151062012e-01,
-7.145323753356933594e-01,
-7.146124839782714844e-01,
-7.141737937927246094e-01,
-7.138660550117492676e-01,
-7.138755321502685547e-01,
-7.138388156890869141e-01,
-7.143013477325439453e-01,
-7.142686843872070312e-01,
-7.141289710998535156e-01,
-7.145055532455444336e-01,
-7.145959138870239258e-01,
-7.143993377685546875e-01,
-7.142360210418701172e-01,
-7.149323225021362305e-01,
-7.147712111473083496e-01,
-7.150489687919616699e-01,
-7.150681018829345703e-01,
-7.147654294967651367e-01,
-7.150130271911621094e-01,
-7.146393060684204102e-01,
-7.147176265716552734e-01,
-7.141925096511840820e-01,
-7.146461009979248047e-01,
-7.145719528198242188e-01,
-7.148786783218383789e-01,
-7.150383591651916504e-01,
-7.154281139373779297e-01,
-7.153490781784057617e-01,
-7.154881954193115234e-01,
-7.155410051345825195e-01,
-7.156971693038940430e-01,
-7.158268690109252930e-01,
-7.154576182365417480e-01,
-7.151006460189819336e-01,
-7.155608534812927246e-01,
-7.147554159164428711e-01,
-7.141307592391967773e-01,
-7.140335440635681152e-01,
-7.138041257858276367e-01,
-7.128545045852661133e-01,
-7.137051820755004883e-01,
-7.142201066017150879e-01,
-7.142350673675537109e-01,
-7.143061161041259766e-01,
-7.135931849479675293e-01,
-7.133342027664184570e-01,
-7.132980227470397949e-01,
-7.128128409385681152e-01,
-7.127262353897094727e-01,
-7.128267288208007812e-01,
-7.128655314445495605e-01,
-7.133704423904418945e-01,
-7.130561470985412598e-01,
-7.120997309684753418e-01,
-7.120040655136108398e-01,
-7.122577428817749023e-01,
-7.117803096771240234e-01,
-7.121646404266357422e-01,
-7.124389410018920898e-01,
-7.115526199340820312e-01,
-7.112826108932495117e-01,
-7.102373242378234863e-01,
-7.094713449478149414e-01,
-7.084056735038757324e-01,
-7.089470028877258301e-01,
-7.093750238418579102e-01,
-7.090232372283935547e-01,
-7.091401219367980957e-01,
-7.094730138778686523e-01,
-7.091190814971923828e-01,
-7.089130878448486328e-01,
-7.088955640792846680e-01,
-7.088012695312500000e-01,
-7.087298631668090820e-01,
-7.085481286048889160e-01,
-7.077175378799438477e-01,
-7.085587978363037109e-01,
-7.094342708587646484e-01,
-7.099096775054931641e-01,
-7.102272510528564453e-01,
-7.109670639038085938e-01,
-7.112103700637817383e-01,
-7.116560339927673340e-01,
-7.117313742637634277e-01,
-7.111966609954833984e-01,
-7.110216617584228516e-01,
-7.101881504058837891e-01,
-7.097294330596923828e-01,
-7.097847461700439453e-01,
-7.107437252998352051e-01,
-7.116054296493530273e-01,
-7.124767303466796875e-01,
-7.126845717430114746e-01,
-7.130511403083801270e-01,
-7.135806083679199219e-01,
-7.133343219757080078e-01,
-7.129242420196533203e-01,
-7.128263711929321289e-01,
-7.126232385635375977e-01,
-7.121834754943847656e-01,
-7.121901512145996094e-01,
-7.122437357902526855e-01,
-7.126960754394531250e-01,
-7.138516902923583984e-01,
-7.136046886444091797e-01,
-7.138508558273315430e-01,
-7.143394351005554199e-01,
-7.147585153579711914e-01,
-7.151268720626831055e-01,
-7.158148288726806641e-01,
-7.159467935562133789e-01,
-7.157406806945800781e-01,
-7.158917188644409180e-01,
-7.158714532852172852e-01,
-7.166513800621032715e-01,
-7.165242433547973633e-01,
-7.166915535926818848e-01,
-7.172244787216186523e-01,
-7.179925441741943359e-01,
-7.184487581253051758e-01,
-7.187572121620178223e-01,
-7.198913097381591797e-01,
-7.207585573196411133e-01,
-7.209138870239257812e-01,
-7.217366695404052734e-01,
-7.226746082305908203e-01,
-7.232742309570312500e-01,
-7.234575748443603516e-01,
-7.235461473464965820e-01,
-7.236637473106384277e-01,
-7.238860130310058594e-01,
-7.242369055747985840e-01,
-7.252557277679443359e-01,
-7.256913185119628906e-01,
-7.256627082824707031e-01,
-7.257895469665527344e-01,
-7.263736128807067871e-01,
-7.260040044784545898e-01,
-7.254614233970642090e-01,
-7.252278923988342285e-01,
-7.248229980468750000e-01,
-7.249194383621215820e-01,
-7.254763841629028320e-01,
-7.257735729217529297e-01,
-7.255707979202270508e-01,
-7.258308529853820801e-01,
-7.251174449920654297e-01,
-7.252272963523864746e-01,
-7.254129648208618164e-01,
-7.255324125289916992e-01,
-7.256592512130737305e-01,
-7.256871461868286133e-01,
-7.254412174224853516e-01,
-7.253977656364440918e-01,
-7.256091833114624023e-01,
-7.255077958106994629e-01,
-7.255284786224365234e-01,
-7.259675264358520508e-01,
-7.260571718215942383e-01,
-7.258608341217041016e-01,
-7.264654040336608887e-01,
-7.273690104484558105e-01,
-7.282159328460693359e-01,
-7.280534505844116211e-01,
-7.278800606727600098e-01,
-7.281559705734252930e-01,
-7.283107638359069824e-01,
-7.286432981491088867e-01,
-7.287988662719726562e-01,
-7.292516827583312988e-01,
-7.298543453216552734e-01,
-7.298713922500610352e-01,
-7.298334240913391113e-01,
-7.297253608703613281e-01,
-7.293947935104370117e-01,
-7.292022705078125000e-01,
-7.294539213180541992e-01,
-7.290240526199340820e-01,
-7.293528318405151367e-01,
-7.293063402175903320e-01,
-7.294420003890991211e-01,
-7.298847436904907227e-01,
-7.297025918960571289e-01,
-7.302140593528747559e-01,
-7.302139997482299805e-01,
-7.299990653991699219e-01,
-7.301980853080749512e-01,
-7.302039861679077148e-01,
-7.300899624824523926e-01,
-7.298500537872314453e-01,
-7.298845648765563965e-01,
-7.301787137985229492e-01,
-7.302651405334472656e-01,
-7.306858897209167480e-01,
-7.310962080955505371e-01,
-7.310416102409362793e-01,
-7.312072515487670898e-01,
-7.305018901824951172e-01,
-7.302545309066772461e-01,
-7.298750877380371094e-01,
-7.298425436019897461e-01,
-7.298277616500854492e-01,
-7.302424907684326172e-01,
-7.304573655128479004e-01,
-7.304643988609313965e-01,
-7.305071353912353516e-01,
-7.304445505142211914e-01,
-7.304077148437500000e-01,
-7.304888963699340820e-01,
-7.313704490661621094e-01,
-7.319646477699279785e-01,
-7.322951555252075195e-01,
-7.325857877731323242e-01,
-7.328181266784667969e-01,
-7.327564954757690430e-01,
-7.332596182823181152e-01,
-7.329570651054382324e-01,
-7.330917119979858398e-01,
-7.325724363327026367e-01,
-7.318868637084960938e-01,
-7.316915988922119141e-01,
-7.313508987426757812e-01,
-7.314500808715820312e-01,
-7.310936450958251953e-01,
-7.315163612365722656e-01,
-7.313832044601440430e-01,
-7.316467761993408203e-01,
-7.319988012313842773e-01,
-7.324186563491821289e-01,
-7.331610918045043945e-01,
-7.334170341491699219e-01,
-7.341928482055664062e-01,
-7.348070144653320312e-01,
-7.341659069061279297e-01,
-7.338348627090454102e-01,
-7.337499856948852539e-01,
-7.325887680053710938e-01,
-7.314083576202392578e-01,
-7.317278385162353516e-01,
-7.321450114250183105e-01,
-7.324283123016357422e-01,
-7.328627109527587891e-01,
-7.334476709365844727e-01,
-7.337610125541687012e-01,
-7.342189550399780273e-01,
-7.346014976501464844e-01,
-7.344421148300170898e-01,
-7.340378761291503906e-01,
-7.340183258056640625e-01,
-7.331930398941040039e-01,
-7.330874800682067871e-01,
-7.333066463470458984e-01,
-7.337304353713989258e-01,
-7.335423231124877930e-01,
-7.329189777374267578e-01,
-7.329930067062377930e-01,
-7.330701351165771484e-01,
-7.334161400794982910e-01,
-7.336415052413940430e-01,
-7.341192960739135742e-01,
-7.341911792755126953e-01,
-7.340757846832275391e-01,
-7.343255281448364258e-01,
-7.350531220436096191e-01,
-7.355480194091796875e-01,
-7.357116341590881348e-01,
-7.359838485717773438e-01,
-7.362853884696960449e-01,
-7.362504005432128906e-01,
-7.363861799240112305e-01,
-7.364973425865173340e-01,
-7.365486621856689453e-01,
-7.370095252990722656e-01,
-7.366676330566406250e-01,
-7.366272807121276855e-01,
-7.365651130676269531e-01,
-7.363449931144714355e-01,
-7.361656427383422852e-01,
-7.356563806533813477e-01,
-7.351505160331726074e-01,
-7.357249855995178223e-01,
-7.363643646240234375e-01,
-7.377729415893554688e-01,
-7.388512492179870605e-01,
-7.398055791854858398e-01,
-7.404049634933471680e-01,
-7.405408620834350586e-01,
-7.398152351379394531e-01,
-7.393766641616821289e-01,
-7.393875122070312500e-01,
-7.391468882560729980e-01,
-7.387529611587524414e-01,
-7.393813729286193848e-01,
-7.395530939102172852e-01,
-7.397041320800781250e-01,
-7.395936250686645508e-01,
-7.398301362991333008e-01,
-7.399719357490539551e-01,
-7.408830523490905762e-01,
-7.412757873535156250e-01,
-7.425605058670043945e-01,
-7.437689304351806641e-01,
-7.436528205871582031e-01,
-7.430690526962280273e-01,
-7.433886528015136719e-01,
-7.431739568710327148e-01,
-7.424417734146118164e-01,
-7.423007488250732422e-01,
-7.424933314323425293e-01,
-7.424776554107666016e-01,
-7.432044744491577148e-01,
-7.433993220329284668e-01,
-7.428591251373291016e-01,
-7.417917251586914062e-01,
-7.413327693939208984e-01,
-7.414562702178955078e-01,
-7.415618896484375000e-01,
-7.419660091400146484e-01,
-7.421947121620178223e-01,
-7.425212860107421875e-01,
-7.423672080039978027e-01,
-7.419395446777343750e-01,
-7.421430349349975586e-01,
-7.419427633285522461e-01,
-7.415294647216796875e-01,
-7.408867478370666504e-01,
-7.407218813896179199e-01,
-7.410061955451965332e-01,
-7.410237789154052734e-01,
-7.413904666900634766e-01,
-7.419992685317993164e-01,
-7.429485917091369629e-01,
-7.439559102058410645e-01,
-7.443789243698120117e-01,
-7.449877858161926270e-01,
-7.449136376380920410e-01,
-7.453360557556152344e-01,
-7.449701428413391113e-01,
-7.438233494758605957e-01,
-7.434674501419067383e-01,
-7.435960173606872559e-01,
-7.428836226463317871e-01,
-7.426706552505493164e-01,
-7.429167032241821289e-01,
-7.428992986679077148e-01,
-7.422475814819335938e-01,
-7.425708770751953125e-01,
-7.426431179046630859e-01,
-7.427887916564941406e-01,
-7.426701188087463379e-01,
-7.428392171859741211e-01,
-7.426302433013916016e-01,
-7.430355548858642578e-01,
-7.433215379714965820e-01,
-7.439619898796081543e-01,
-7.442098855972290039e-01,
-7.439153194427490234e-01,
-7.436810731887817383e-01,
-7.439498305320739746e-01,
-7.442800998687744141e-01,
-7.443779706954956055e-01,
-7.447236776351928711e-01,
-7.449043989181518555e-01,
-7.449650764465332031e-01,
-7.448747158050537109e-01,
-7.449858188629150391e-01,
-7.444763183593750000e-01,
-7.446597218513488770e-01,
-7.447355985641479492e-01,
-7.445428371429443359e-01,
-7.455033063888549805e-01,
-7.460607886314392090e-01,
-7.461735010147094727e-01,
-7.453243136405944824e-01,
-7.447590827941894531e-01,
-7.441739439964294434e-01,
-7.446360588073730469e-01,
-7.449461221694946289e-01,
-7.460755705833435059e-01,
-7.458898425102233887e-01,
-7.463594079017639160e-01,
-7.467385530471801758e-01,
-7.467124462127685547e-01,
-7.456071376800537109e-01,
-7.449195981025695801e-01,
-7.442884445190429688e-01,
-7.435474395751953125e-01,
-7.430906295776367188e-01,
-7.432978749275207520e-01,
-7.433478236198425293e-01,
-7.431041002273559570e-01,
-7.429550886154174805e-01,
-7.426301240921020508e-01,
-7.427455186843872070e-01,
-7.427636384963989258e-01,
-7.433301210403442383e-01,
-7.439858913421630859e-01,
-7.448444962501525879e-01,
-7.447774410247802734e-01,
-7.451760768890380859e-01,
-7.450692653656005859e-01,
-7.447097301483154297e-01,
-7.449376583099365234e-01,
-7.446520924568176270e-01,
-7.440681457519531250e-01,
-7.434168457984924316e-01,
-7.433451414108276367e-01,
-7.440639734268188477e-01,
-7.442677021026611328e-01,
-7.441405057907104492e-01,
-7.447195053100585938e-01,
-7.440908551216125488e-01,
-7.441854476928710938e-01,
-7.450914382934570312e-01,
-7.451138496398925781e-01,
-7.455124855041503906e-01,
-7.460559606552124023e-01,
-7.467327117919921875e-01,
-7.469580173492431641e-01,
-7.464972734451293945e-01,
-7.459440231323242188e-01,
-7.455921173095703125e-01,
-7.449823617935180664e-01,
-7.441505193710327148e-01,
-7.443077564239501953e-01,
-7.442568540573120117e-01,
-7.442998886108398438e-01,
-7.443758249282836914e-01,
-7.442010641098022461e-01,
-7.439868450164794922e-01,
-7.439628243446350098e-01,
-7.440658807754516602e-01,
-7.441312670707702637e-01,
-7.443925142288208008e-01,
-7.446836233139038086e-01,
-7.454664111137390137e-01,
-7.454538345336914062e-01,
-7.452400922775268555e-01,
-7.448508739471435547e-01,
-7.444355487823486328e-01,
-7.446794509887695312e-01,
-7.447162866592407227e-01,
-7.450289726257324219e-01,
-7.456208467483520508e-01,
-7.459898591041564941e-01,
-7.461206912994384766e-01,
-7.453190684318542480e-01,
-7.449007034301757812e-01,
-7.452151775360107422e-01,
-7.450824975967407227e-01,
-7.453694343566894531e-01,
-7.453143000602722168e-01,
-7.457051873207092285e-01,
-7.454766631126403809e-01,
-7.455788850784301758e-01,
-7.452855110168457031e-01,
-7.454903125762939453e-01,
-7.453416585922241211e-01,
-7.452610731124877930e-01,
-7.450451850891113281e-01,
-7.454719543457031250e-01,
-7.458135485649108887e-01,
-7.453250288963317871e-01,
-7.454631328582763672e-01,
-7.452301979064941406e-01,
-7.453056573867797852e-01,
-7.452471256256103516e-01,
-7.455208301544189453e-01,
-7.463005781173706055e-01,
-7.463410496711730957e-01,
-7.465972900390625000e-01,
-7.465617656707763672e-01,
-7.467353343963623047e-01,
-7.462363243103027344e-01,
-7.452545166015625000e-01,
-7.448683977127075195e-01,
-7.444612383842468262e-01,
-7.444559335708618164e-01,
-7.447627782821655273e-01,
-7.455493211746215820e-01,
-7.460430264472961426e-01,
-7.464022636413574219e-01,
-7.460895776748657227e-01,
-7.458672523498535156e-01,
-7.460271120071411133e-01,
-7.453086972236633301e-01,
-7.450914382934570312e-01,
-7.449916601181030273e-01,
-7.447211742401123047e-01,
-7.446929812431335449e-01,
-7.451366186141967773e-01,
-7.453415393829345703e-01,
-7.450311183929443359e-01,
-7.451019287109375000e-01,
-7.448119521141052246e-01,
-7.444903850555419922e-01,
-7.445352077484130859e-01,
-7.451144456863403320e-01,
-7.452048063278198242e-01,
-7.452507019042968750e-01,
-7.452812194824218750e-01,
-7.452394366264343262e-01,
-7.442927360534667969e-01,
-7.440365552902221680e-01,
-7.447016835212707520e-01,
-7.448194026947021484e-01,
-7.452602982521057129e-01,
-7.453556060791015625e-01,
-7.454584836959838867e-01,
-7.455759644508361816e-01,
-7.458140850067138672e-01,
-7.451752424240112305e-01,
-7.447049021720886230e-01,
-7.443617582321166992e-01,
-7.438192963600158691e-01,
-7.448648214340209961e-01,
-7.451548576354980469e-01,
-7.401945590972900391e-01,
-7.366691827774047852e-01,
-7.396792173385620117e-01,
-7.419562339782714844e-01,
-7.440450191497802734e-01,
-7.520588636398315430e-01,
-7.526390552520751953e-01,
-7.514662146568298340e-01,
-7.493137717247009277e-01,
-7.485749721527099609e-01,
-7.461944222450256348e-01,
-7.451590299606323242e-01,
-7.459826469421386719e-01,
-7.457972764968872070e-01,
-7.459523677825927734e-01,
-7.468127012252807617e-01,
-7.470871806144714355e-01,
-7.468426227569580078e-01,
-7.473671436309814453e-01,
-7.475547790527343750e-01,
-7.475413680076599121e-01,
-7.478742599487304688e-01,
-7.472753524780273438e-01,
-7.459856271743774414e-01,
-7.445839643478393555e-01,
-7.434437274932861328e-01,
-7.421213388442993164e-01,
-7.421569824218750000e-01,
-7.427511215209960938e-01,
-7.434318661689758301e-01,
-7.438259124755859375e-01,
-7.442628145217895508e-01,
-7.438333630561828613e-01,
-7.438093423843383789e-01,
-7.436767220497131348e-01,
-7.435591220855712891e-01,
-7.435139417648315430e-01,
-7.435016632080078125e-01,
-7.431960105895996094e-01,
-7.434071302413940430e-01,
-7.434208989143371582e-01,
-7.427753806114196777e-01,
-7.430246472358703613e-01,
-7.429327368736267090e-01,
-7.426638007164001465e-01,
-7.431464195251464844e-01,
-7.432825565338134766e-01,
-7.429199218750000000e-01,
-7.431498765945434570e-01,
-7.432713508605957031e-01,
-7.422521114349365234e-01,
-7.422383427619934082e-01,
-7.412598729133605957e-01,
-7.406389117240905762e-01,
-7.396368980407714844e-01,
-7.389149665832519531e-01,
-7.384231686592102051e-01,
-7.383281588554382324e-01,
-7.388391494750976562e-01,
-7.390743494033813477e-01,
-7.395058870315551758e-01,
-7.399127483367919922e-01,
-7.399616241455078125e-01,
-7.388052940368652344e-01,
-7.368215322494506836e-01,
-7.386015653610229492e-01,
-7.391167283058166504e-01,
-7.313658595085144043e-01,
-7.278432846069335938e-01,
-7.290722131729125977e-01,
-7.195363044738769531e-01,
-7.156718373298645020e-01,
-7.161575555801391602e-01,
-7.184782624244689941e-01,
-7.221388816833496094e-01,
-7.309460639953613281e-01,
-7.355460524559020996e-01,
-7.429471611976623535e-01,
-7.476667165756225586e-01,
-7.478034496307373047e-01,
-7.445449233055114746e-01,
-7.428418397903442383e-01,
-7.427092790603637695e-01,
-7.416002750396728516e-01,
-7.415165901184082031e-01,
-7.441486120223999023e-01,
-7.432117462158203125e-01,
-7.429147362709045410e-01,
-7.503864169120788574e-01,
-7.498147487640380859e-01,
-7.464522123336791992e-01,
-7.469776868820190430e-01,
-7.474748492240905762e-01,
-7.433864474296569824e-01,
-7.439388036727905273e-01,
-7.458670139312744141e-01,
-7.439575195312500000e-01,
-7.444380521774291992e-01,
-7.442411184310913086e-01,
-7.441980838775634766e-01,
-7.435703277587890625e-01,
-7.441943287849426270e-01,
-7.437252402305603027e-01,
-7.434164285659790039e-01,
-7.437537312507629395e-01,
-7.440558671951293945e-01,
-7.440028190612792969e-01,
-7.441112995147705078e-01,
-7.435817718505859375e-01,
-7.433809638023376465e-01,
-7.426159381866455078e-01,
-7.439780235290527344e-01,
-7.456029057502746582e-01,
-7.451821565628051758e-01,
-7.481365203857421875e-01,
-7.492833137512207031e-01,
-7.456597089767456055e-01,
-7.460885047912597656e-01,
-7.463471889495849609e-01,
-7.421240806579589844e-01,
-7.445067167282104492e-01,
-7.456616759300231934e-01,
-7.451657056808471680e-01,
-7.454596757888793945e-01,
-7.456665039062500000e-01,
-7.457210421562194824e-01,
-7.467057108879089355e-01,
-7.446506023406982422e-01,
-7.473844289779663086e-01,
-7.426246404647827148e-01,
-7.343883514404296875e-01,
-7.296726703643798828e-01,
-7.249646186828613281e-01,
-7.288033962249755859e-01,
-7.307417392730712891e-01,
-7.355386018753051758e-01,
-7.391315698623657227e-01,
-7.388252019882202148e-01,
-7.371263504028320312e-01,
-7.369813919067382812e-01,
-7.374618053436279297e-01,
-7.360247969627380371e-01,
-7.348530292510986328e-01,
-7.331253886222839355e-01,
-7.330660223960876465e-01,
-7.354190349578857422e-01,
-7.365412712097167969e-01,
-7.338616847991943359e-01,
-7.309997081756591797e-01,
-7.361488342285156250e-01,
-7.376418113708496094e-01,
-7.353628873825073242e-01,
-7.377487421035766602e-01,
-7.331676483154296875e-01,
-7.281197309494018555e-01,
-7.360879182815551758e-01,
-7.401999235153198242e-01,
-7.391023635864257812e-01,
-7.406501770019531250e-01,
-7.419884204864501953e-01,
-7.351734042167663574e-01,
-7.348105907440185547e-01,
-7.365159988403320312e-01,
-7.365431785583496094e-01,
-7.390301227569580078e-01,
-7.403255701065063477e-01,
-7.407467365264892578e-01,
-7.372616529464721680e-01,
-7.307571768760681152e-01,
-7.276855707168579102e-01,
-7.164963483810424805e-01,
-7.046878933906555176e-01,
-7.002434730529785156e-01,
-6.953427195549011230e-01,
-6.949441432952880859e-01,
-7.067047357559204102e-01,
-7.185430526733398438e-01,
-7.300059795379638672e-01,
-7.341375946998596191e-01,
-7.354787588119506836e-01,
-7.365128993988037109e-01,
-7.311650514602661133e-01,
-7.261615991592407227e-01,
-7.331646084785461426e-01,
-7.416427135467529297e-01,
-7.442715167999267578e-01,
-7.474508881568908691e-01,
-7.487120628356933594e-01,
-7.400738000869750977e-01,
-7.230378389358520508e-01,
-7.173016071319580078e-01,
-7.140130400657653809e-01,
-7.168522477149963379e-01,
-7.141196131706237793e-01,
-7.098219394683837891e-01,
-7.088776230812072754e-01,
-7.093441486358642578e-01,
-7.089897394180297852e-01,
-7.083114981651306152e-01,
-7.102987766265869141e-01,
-7.100362777709960938e-01,
-7.111163139343261719e-01,
-7.119345068931579590e-01,
-7.128094434738159180e-01,
-7.131901979446411133e-01,
-7.137258052825927734e-01,
-7.133638858795166016e-01,
-7.135133743286132812e-01,
-7.140360474586486816e-01,
-7.144907712936401367e-01,
-7.139699459075927734e-01,
-7.145727872848510742e-01,
-7.144582867622375488e-01,
-7.144846916198730469e-01,
-7.145829200744628906e-01,
-7.140851020812988281e-01,
-7.146106958389282227e-01,
-7.149007320404052734e-01,
-7.143930792808532715e-01,
-7.145287990570068359e-01,
-7.151427268981933594e-01,
-7.149435281753540039e-01,
-7.146364450454711914e-01,
-7.151421308517456055e-01,
-7.156262993812561035e-01,
-7.155140042304992676e-01,
-7.159277200698852539e-01,
-7.149173021316528320e-01,
-7.144277095794677734e-01,
-7.142070531845092773e-01,
-7.142786979675292969e-01,
-7.139456272125244141e-01,
-7.141096591949462891e-01,
-7.135578989982604980e-01,
-7.127437591552734375e-01,
-7.127807736396789551e-01,
-7.122845649719238281e-01,
-7.127141356468200684e-01,
-7.126004099845886230e-01,
-7.110126614570617676e-01,
-7.110246419906616211e-01,
-7.106797695159912109e-01,
-7.104388475418090820e-01,
-7.088042497634887695e-01,
-7.088047266006469727e-01,
-7.091608047485351562e-01,
-7.091860175132751465e-01,
-7.094677090644836426e-01,
-7.091962695121765137e-01,
-7.092878818511962891e-01,
-7.101185321807861328e-01,
-7.109163403511047363e-01,
-7.110336422920227051e-01,
-7.112923860549926758e-01,
-7.110040783882141113e-01,
-7.116607427597045898e-01,
-7.125279903411865234e-01,
-7.125853896141052246e-01,
-7.126116156578063965e-01,
-7.127786874771118164e-01,
-7.128454446792602539e-01,
-7.132794260978698730e-01,
-7.135677337646484375e-01,
-7.145525217056274414e-01,
-7.147758007049560547e-01,
-7.156308293342590332e-01,
-7.160943746566772461e-01,
-7.167845368385314941e-01,
-7.168507575988769531e-01,
-7.174342870712280273e-01,
-7.184386849403381348e-01,
-7.200711965560913086e-01,
-7.212828397750854492e-01,
-7.221768498420715332e-01,
-7.234779000282287598e-01,
-7.240861654281616211e-01,
-7.246456146240234375e-01,
-7.252849936485290527e-01,
-7.255042195320129395e-01,
-7.255470752716064453e-01,
-7.255973219871520996e-01,
-7.257906198501586914e-01,
-7.254189848899841309e-01,
-7.260411977767944336e-01,
-7.256675362586975098e-01,
-7.256334424018859863e-01,
-7.258247733116149902e-01,
-7.256657481193542480e-01,
-7.252533435821533203e-01,
-7.262177467346191406e-01,
-7.269309759140014648e-01,
-7.273966670036315918e-01,
-7.280867099761962891e-01,
-7.284026145935058594e-01,
-7.287557125091552734e-01,
-7.295646667480468750e-01,
-7.297076582908630371e-01,
-7.295089960098266602e-01,
-7.293537259101867676e-01,
-7.295484542846679688e-01,
-7.298377752304077148e-01,
-7.301223278045654297e-01,
-7.297366857528686523e-01,
-7.301040887832641602e-01,
-7.302232980728149414e-01,
-7.305080890655517578e-01,
-7.303081750869750977e-01,
-7.306270599365234375e-01,
-7.303596735000610352e-01,
-7.306689620018005371e-01,
-7.304695248603820801e-01,
-7.303811311721801758e-01,
-7.301682829856872559e-01,
-7.300615310668945312e-01,
-7.305946946144104004e-01,
-7.314760684967041016e-01,
-7.322515249252319336e-01,
-7.327757477760314941e-01,
-7.328279018402099609e-01,
-7.328621149063110352e-01,
-7.321246862411499023e-01,
-7.319680452346801758e-01,
-7.316858768463134766e-01,
-7.319181561470031738e-01,
-7.324194908142089844e-01,
-7.335832715034484863e-01,
-7.336328029632568359e-01,
-7.334319353103637695e-01,
-7.334398031234741211e-01,
-7.326842546463012695e-01,
-7.329030632972717285e-01,
-7.335736751556396484e-01,
-7.336843013763427734e-01,
-7.335786819458007812e-01,
-7.341840863227844238e-01,
-7.339893579483032227e-01,
-7.338138818740844727e-01,
-7.340569496154785156e-01,
-7.335349321365356445e-01,
-7.335867881774902344e-01,
-7.342584133148193359e-01,
-7.348319888114929199e-01,
-7.356036901473999023e-01,
-7.358844280242919922e-01,
-7.364518642425537109e-01,
-7.372102141380310059e-01,
-7.370079159736633301e-01,
-7.370384335517883301e-01,
-7.369148731231689453e-01,
-7.366035580635070801e-01,
-7.371470332145690918e-01,
-7.377022504806518555e-01,
-7.386412620544433594e-01,
-7.390984296798706055e-01,
-7.399507761001586914e-01,
-7.398360967636108398e-01,
-7.393203973770141602e-01,
-7.396395802497863770e-01,
-7.403281927108764648e-01,
-7.414220571517944336e-01,
-7.424128651618957520e-01,
-7.429686784744262695e-01,
-7.433772087097167969e-01,
-7.434097528457641602e-01,
-7.434915304183959961e-01,
-7.429119348526000977e-01,
-7.426199913024902344e-01,
-7.422231435775756836e-01,
-7.416540980339050293e-01,
-7.419290542602539062e-01,
-7.424510717391967773e-01,
-7.423880100250244141e-01,
-7.415789365768432617e-01,
-7.418959140777587891e-01,
-7.416580915451049805e-01,
-7.418173551559448242e-01,
-7.433549165725708008e-01,
-7.442322969436645508e-01,
-7.448564767837524414e-01,
-7.450499534606933594e-01,
-7.437110543251037598e-01,
-7.430936098098754883e-01,
-7.426025271415710449e-01,
-7.426694631576538086e-01,
-7.420495748519897461e-01,
-7.426220178604125977e-01,
-7.429990172386169434e-01,
-7.436207532882690430e-01,
-7.441501021385192871e-01,
-7.447138428688049316e-01,
-7.446022033691406250e-01,
-7.448792457580566406e-01,
-7.450996637344360352e-01,
-7.451673746109008789e-01,
-7.450498342514038086e-01,
-7.448937892913818359e-01,
-7.447372674942016602e-01,
-7.448960542678833008e-01,
-7.452299594879150391e-01,
-7.454974055290222168e-01,
-7.457867860794067383e-01,
-7.451596260070800781e-01,
-7.452687025070190430e-01,
-7.442843914031982422e-01,
-7.436505556106567383e-01,
-7.424014806747436523e-01,
-7.433875799179077148e-01,
-7.433196902275085449e-01,
-7.441995143890380859e-01,
-7.452622056007385254e-01,
-7.447043657302856445e-01,
-7.440678477287292480e-01,
-7.441329956054687500e-01,
-7.439626455307006836e-01,
-7.437525987625122070e-01,
-7.437690496444702148e-01,
-7.442174553871154785e-01,
-7.447667121887207031e-01,
-7.454919815063476562e-01,
-7.450723648071289062e-01,
-7.452079057693481445e-01,
-7.453110814094543457e-01,
-7.445403933525085449e-01,
-7.443221807479858398e-01,
-7.445039749145507812e-01,
-7.439326047897338867e-01,
-7.444263696670532227e-01,
-7.452189326286315918e-01,
-7.450806498527526855e-01,
-7.450599074363708496e-01,
-7.458131313323974609e-01,
-7.461167573928833008e-01,
-7.460970282554626465e-01,
-7.464959621429443359e-01,
-7.464760541915893555e-01,
-7.458465695381164551e-01,
-7.459104061126708984e-01,
-7.461615204811096191e-01,
-7.462456226348876953e-01,
-7.460500001907348633e-01,
-7.454907894134521484e-01,
-7.451459765434265137e-01,
-7.453627586364746094e-01,
-7.455310821533203125e-01,
-7.467425465583801270e-01,
-7.470314502716064453e-01,
-7.469569444656372070e-01,
-7.465596795082092285e-01,
-7.461543083190917969e-01,
-7.458715438842773438e-01,
-7.460076808929443359e-01,
-7.465213537216186523e-01,
-7.458071708679199219e-01,
-7.453513145446777344e-01,
-7.457437515258789062e-01,
-7.453824877738952637e-01,
-7.449699640274047852e-01,
-7.453936338424682617e-01,
-7.458573579788208008e-01,
-7.451061606407165527e-01,
-7.452363371849060059e-01,
-7.453393936157226562e-01,
-7.458161115646362305e-01,
-7.452544569969177246e-01,
-7.461202144622802734e-01,
-7.462787628173828125e-01,
-7.454534173011779785e-01,
-7.464024424552917480e-01,
-7.441312074661254883e-01,
-7.399089336395263672e-01,
-7.447452545166015625e-01,
-7.463569641113281250e-01,
-7.447119951248168945e-01,
-7.505991458892822266e-01,
-7.496266365051269531e-01,
-7.474062442779541016e-01,
-7.476724386215209961e-01,
-7.476231455802917480e-01,
-7.484048008918762207e-01,
-7.474107742309570312e-01,
-7.461009621620178223e-01,
-7.452019453048706055e-01,
-7.439961433410644531e-01,
-7.436695694923400879e-01,
-7.437533140182495117e-01,
-7.439349293708801270e-01,
-7.441817522048950195e-01,
-7.440324425697326660e-01,
-7.431266307830810547e-01,
-7.427480220794677734e-01,
-7.433543205261230469e-01,
-7.426055669784545898e-01,
-7.420493364334106445e-01,
-7.425674796104431152e-01,
-7.419265508651733398e-01,
-7.403314709663391113e-01,
-7.392722368240356445e-01,
-7.394396066665649414e-01,
-7.392565011978149414e-01,
-7.390749454498291016e-01,
-7.400568723678588867e-01,
-7.390978336334228516e-01,
-7.364420294761657715e-01,
-7.345967292785644531e-01,
-7.289963960647583008e-01,
-7.290985584259033203e-01,
-7.358550429344177246e-01,
-7.354516386985778809e-01,
-7.398927807807922363e-01,
-7.424565553665161133e-01,
-7.455300092697143555e-01,
-7.438423633575439453e-01,
-7.451280355453491211e-01,
-7.466391324996948242e-01,
-7.485148906707763672e-01,
-7.460346221923828125e-01,
-7.477046847343444824e-01,
-7.462183237075805664e-01,
-7.465041875839233398e-01,
-7.461501359939575195e-01,
-7.456002235412597656e-01,
-7.442569732666015625e-01,
-7.439062595367431641e-01,
-7.454003691673278809e-01,
-7.457669973373413086e-01,
-7.454262971878051758e-01,
-7.476738691329956055e-01,
-7.482602596282958984e-01,
-7.458400726318359375e-01,
-7.456755042076110840e-01,
-7.451164722442626953e-01,
-7.463912963867187500e-01,
-7.452785968780517578e-01,
-7.409662008285522461e-01,
-7.379687428474426270e-01,
-7.371699213981628418e-01,
-7.354240417480468750e-01,
-7.345753908157348633e-01,
-7.380316257476806641e-01,
-7.366379499435424805e-01,
-7.353740930557250977e-01,
-7.322313189506530762e-01,
-7.336955666542053223e-01,
-7.369544506072998047e-01,
-7.343055009841918945e-01,
-7.304159402847290039e-01,
-7.372423410415649414e-01,
-7.354944944381713867e-01,
-7.336401939392089844e-01,
-7.413548231124877930e-01,
-7.411869764328002930e-01,
-7.386952638626098633e-01,
-7.358460426330566406e-01,
-7.277298569679260254e-01,
-7.147916555404663086e-01,
-7.058228850364685059e-01,
-7.119528055191040039e-01,
-7.202135324478149414e-01,
-7.227861285209655762e-01,
-7.337411642074584961e-01,
-7.414188385009765625e-01,
-7.412083148956298828e-01,
-7.461950182914733887e-01,
-7.177475690841674805e-01,
-7.190852165222167969e-01,
-7.121900916099548340e-01,
-7.154324054718017578e-01,
-7.081028223037719727e-01,
-7.101565599441528320e-01,
-7.093882560729980469e-01,
-7.103191018104553223e-01,
-7.116330862045288086e-01,
-7.130421400070190430e-01,
-7.125466465950012207e-01,
-7.133738994598388672e-01,
-7.142400145530700684e-01,
-7.143769264221191406e-01,
-7.142229080200195312e-01,
-7.145439982414245605e-01,
-7.144099473953247070e-01,
-7.143676280975341797e-01,
-7.145213484764099121e-01,
-7.145731449127197266e-01,
-7.149822711944580078e-01,
-7.154818177223205566e-01,
-7.150942087173461914e-01,
-7.155981063842773438e-01,
-7.149049639701843262e-01,
-7.147433161735534668e-01,
-7.146676778793334961e-01,
-7.142673730850219727e-01,
-7.139202356338500977e-01,
-7.128726840019226074e-01,
-7.122887372970581055e-01,
-7.125471234321594238e-01,
-7.121187448501586914e-01,
-7.113521099090576172e-01,
-7.104731202125549316e-01,
-7.099075317382812500e-01,
-7.082689404487609863e-01,
-7.094378471374511719e-01,
-7.097409963607788086e-01,
-7.096116542816162109e-01,
-7.097365856170654297e-01,
-7.102230787277221680e-01,
-7.115274667739868164e-01,
-7.122732996940612793e-01,
-7.117284536361694336e-01,
-7.122388482093811035e-01,
-7.123355865478515625e-01,
-7.131878733634948730e-01,
-7.137934565544128418e-01,
-7.146768569946289062e-01,
-7.158563137054443359e-01,
-7.169372439384460449e-01,
-7.177363038063049316e-01,
-7.186732292175292969e-01,
-7.200450897216796875e-01,
-7.217688560485839844e-01,
-7.233779430389404297e-01,
-7.245351672172546387e-01,
-7.248924374580383301e-01,
-7.255499362945556641e-01,
-7.256718873977661133e-01,
-7.257674932479858398e-01,
-7.256530523300170898e-01,
-7.252867817878723145e-01,
-7.255134582519531250e-01,
-7.255762815475463867e-01,
-7.263736128807067871e-01,
-7.274152040481567383e-01,
-7.278862595558166504e-01,
-7.286518812179565430e-01,
-7.291622161865234375e-01,
-7.296639680862426758e-01,
-7.295194864273071289e-01,
-7.299385070800781250e-01,
-7.296652197837829590e-01,
-7.298430800437927246e-01,
-7.302955389022827148e-01,
-7.307099699974060059e-01,
-7.299962043762207031e-01,
-7.307103872299194336e-01,
-7.304543256759643555e-01,
-7.305015921592712402e-01,
-7.304441928863525391e-01,
-7.311632037162780762e-01,
-7.319911718368530273e-01,
-7.322202920913696289e-01,
-7.321496009826660156e-01,
-7.325826883316040039e-01,
-7.320621013641357422e-01,
-7.329939603805541992e-01,
-7.328532338142395020e-01,
-7.328864336013793945e-01,
-7.330633401870727539e-01,
-7.336399555206298828e-01,
-7.334215641021728516e-01,
-7.332450151443481445e-01,
-7.332982420921325684e-01,
-7.341617345809936523e-01,
-7.336335182189941406e-01,
-7.338477373123168945e-01,
-7.342040538787841797e-01,
-7.348746061325073242e-01,
-7.356461286544799805e-01,
-7.362985610961914062e-01,
-7.364901900291442871e-01,
-7.367709875106811523e-01,
-7.374821901321411133e-01,
-7.375586032867431641e-01,
-7.381834983825683594e-01,
-7.389575242996215820e-01,
-7.396023273468017578e-01,
-7.396099567413330078e-01,
-7.403823137283325195e-01,
-7.417643070220947266e-01,
-7.421497106552124023e-01,
-7.429587244987487793e-01,
-7.426614761352539062e-01,
-7.420371174812316895e-01,
-7.416249513626098633e-01,
-7.418531179428100586e-01,
-7.414572238922119141e-01,
-7.422751188278198242e-01,
-7.416324615478515625e-01,
-7.421010732650756836e-01,
-7.429356575012207031e-01,
-7.444821000099182129e-01,
-7.438277602195739746e-01,
-7.436392307281494141e-01,
-7.427430152893066406e-01,
-7.429330348968505859e-01,
-7.426130771636962891e-01,
-7.438840866088867188e-01,
-7.438962459564208984e-01,
-7.442973852157592773e-01,
-7.443598508834838867e-01,
-7.452448010444641113e-01,
-7.449299097061157227e-01,
-7.450119256973266602e-01,
-7.451970577239990234e-01,
-7.458851337432861328e-01,
-7.451279163360595703e-01,
-7.448381185531616211e-01,
-7.445083856582641602e-01,
-7.437597513198852539e-01,
-7.434793114662170410e-01,
-7.443332672119140625e-01,
-7.438008785247802734e-01,
-7.444201707839965820e-01,
-7.444611787796020508e-01,
-7.442293167114257812e-01,
-7.446729540824890137e-01,
-7.456042766571044922e-01,
-7.453720569610595703e-01,
-7.449811100959777832e-01,
-7.452646493911743164e-01,
-7.450842857360839844e-01,
-7.442253828048706055e-01,
-7.447026968002319336e-01,
-7.447158098220825195e-01,
-7.448798418045043945e-01,
-7.448272705078125000e-01,
-7.452745437622070312e-01,
-7.452360391616821289e-01,
-7.453064918518066406e-01,
-7.452343702316284180e-01,
-7.459319233894348145e-01,
-7.458391189575195312e-01,
-7.452477216720581055e-01,
-7.454911470413208008e-01,
-7.459208965301513672e-01,
-7.456352114677429199e-01,
-7.457882761955261230e-01,
-7.459213733673095703e-01,
-7.459855079650878906e-01,
-7.454710006713867188e-01,
-7.458506822586059570e-01,
-7.451518774032592773e-01,
-7.452719211578369141e-01,
-7.452033758163452148e-01,
-7.450643777847290039e-01,
-7.446116209030151367e-01,
-7.451797723770141602e-01,
-7.447633743286132812e-01,
-7.452058792114257812e-01,
-7.452685236930847168e-01,
-7.459030151367187500e-01,
-7.455630302429199219e-01,
-7.469923496246337891e-01,
-7.463359832763671875e-01,
-7.474296689033508301e-01,
-7.481387853622436523e-01,
-7.464613914489746094e-01,
-7.462070584297180176e-01,
-7.456492185592651367e-01,
-7.450245618820190430e-01,
-7.445659637451171875e-01,
-7.433262467384338379e-01,
-7.440810203552246094e-01,
-7.432579994201660156e-01,
-7.433438301086425781e-01,
-7.429420948028564453e-01,
-7.430607676506042480e-01,
-7.420327663421630859e-01,
-7.411441206932067871e-01,
-7.405269145965576172e-01,
-7.405575513839721680e-01,
-7.410023808479309082e-01,
-7.367060780525207520e-01,
-7.310691475868225098e-01,
-7.295345067977905273e-01,
-7.299791574478149414e-01,
-7.287982702255249023e-01,
-7.350869178771972656e-01,
-7.444702982902526855e-01,
-7.485920786857604980e-01,
-7.485598921775817871e-01,
-7.488282918930053711e-01,
-7.478673458099365234e-01,
-7.455799579620361328e-01,
-7.450246214866638184e-01,
-7.444213032722473145e-01,
-7.444040179252624512e-01,
-7.446328401565551758e-01,
-7.451981306076049805e-01,
-7.450565099716186523e-01,
-7.447666525840759277e-01,
-7.451959848403930664e-01,
-7.458233833312988281e-01,
-7.415450811386108398e-01,
-7.361631393432617188e-01,
-7.366049885749816895e-01,
-7.331187129020690918e-01,
-7.309149503707885742e-01,
-7.327078580856323242e-01,
-7.347478270530700684e-01,
-7.365819215774536133e-01,
-7.386419773101806641e-01,
-7.434343099594116211e-01,
-7.404283881187438965e-01,
-7.383561730384826660e-01,
-7.395940423011779785e-01,
-7.291725873947143555e-01,
-7.207748293876647949e-01,
-7.218518853187561035e-01,
-7.171857357025146484e-01,
-7.199543714523315430e-01,
-7.295050621032714844e-01,
-7.406541109085083008e-01,
