4.170762329101562500e+02,
3.941074523925781250e+02,
3.872796020507812500e+02,
3.799468383789062500e+02,
3.446515197753906250e+02,
3.508511352539062500e+02,
3.638423156738281250e+02,
3.666662292480468750e+02,
3.764149169921875000e+02,
3.739449462890625000e+02,
3.671119384765625000e+02,
3.537188720703125000e+02,
3.347835998535156250e+02,
3.188341979980468750e+02,
3.197819213867187500e+02,
3.238951416015625000e+02,
3.310431213378906250e+02,
3.310740356445312500e+02,
3.288834838867187500e+02,
3.257568969726562500e+02,
3.204817810058593750e+02,
3.191935119628906250e+02,
3.100972900390625000e+02,
3.003574523925781250e+02,
2.842591552734375000e+02,
2.820769042968750000e+02,
2.853539428710937500e+02,
2.876784973144531250e+02,
2.915978088378906250e+02,
2.960897521972656250e+02,
3.010562438964843750e+02,
3.013106384277343750e+02,
3.024079284667968750e+02,
2.974223327636718750e+02,
3.048258361816406250e+02,
3.100293579101562500e+02,
3.121041564941406250e+02,
3.114034423828125000e+02,
3.152884216308593750e+02,
3.163581848144531250e+02,
3.087109680175781250e+02,
3.110082092285156250e+02,
3.071033630371093750e+02,
3.089499206542968750e+02,
3.159044494628906250e+02,
3.305384216308593750e+02,
3.480377197265625000e+02,
3.657745666503906250e+02,
3.855737609863281250e+02,
3.920192871093750000e+02,
3.978677368164062500e+02,
3.945657348632812500e+02,
3.830455932617187500e+02,
3.584942321777343750e+02,
3.353350219726562500e+02,
3.113482055664062500e+02,
2.902872009277343750e+02,
2.825378112792968750e+02,
2.878605041503906250e+02,
2.937192077636718750e+02,
2.933142700195312500e+02,
2.972000122070312500e+02,
3.032795104980468750e+02,
3.035550842285156250e+02,
3.030839843750000000e+02,
2.989439697265625000e+02,
2.881487426757812500e+02,
2.803593444824218750e+02,
2.731492919921875000e+02,
2.698386535644531250e+02,
2.714889221191406250e+02,
2.767964782714843750e+02,
2.792085876464843750e+02,
2.761136779785156250e+02,
2.824837951660156250e+02,
2.916302795410156250e+02,
2.916369018554687500e+02,
2.926736450195312500e+02,
3.016107482910156250e+02,
3.107415771484375000e+02,
3.190787048339843750e+02,
3.263500061035156250e+02,
3.397922058105468750e+02,
3.471925964355468750e+02,
3.578702087402343750e+02,
3.522354431152343750e+02,
3.521869506835937500e+02,
3.493813171386718750e+02,
3.430180053710937500e+02,
3.376710510253906250e+02,
3.295641479492187500e+02,
3.275952453613281250e+02,
3.255412292480468750e+02,
3.164867248535156250e+02,
3.091870727539062500e+02,
3.030655822753906250e+02,
2.979042358398437500e+02,
2.977661743164062500e+02,
2.946498413085937500e+02,
2.954837951660156250e+02,
2.979591064453125000e+02,
2.941646423339843750e+02,
2.853821716308593750e+02,
2.801323242187500000e+02,
2.748112182617187500e+02,
2.653955993652343750e+02,
2.566185913085937500e+02,
2.505618286132812500e+02,
2.445937805175781250e+02,
2.424604797363281250e+02,
2.519590759277343750e+02,
2.638641052246093750e+02,
2.746134033203125000e+02,
2.837966918945312500e+02,
2.870874328613281250e+02,
2.955881042480468750e+02,
3.051005249023437500e+02,
3.044689941406250000e+02,
3.039105529785156250e+02,
3.040424499511718750e+02,
3.048407897949218750e+02,
3.019274902343750000e+02,
2.994598999023437500e+02,
2.956944885253906250e+02,
2.941790466308593750e+02,
2.941277770996093750e+02,
2.929216613769531250e+02,
2.901866760253906250e+02,
2.877818298339843750e+02,
2.884608459472656250e+02,
2.880468139648437500e+02,
2.820355224609375000e+02,
2.750397033691406250e+02,
2.711024780273437500e+02,
2.675459594726562500e+02,
2.578184204101562500e+02,
2.490889587402343750e+02,
2.491498565673828125e+02,
2.479277343750000000e+02,
2.431070251464843750e+02,
2.360466613769531250e+02,
2.323302917480468750e+02,
2.288035736083984375e+02,
2.284079437255859375e+02,
2.247672576904296875e+02,
2.204788513183593750e+02,
2.185328521728515625e+02,
2.224011535644531250e+02,
2.234981079101562500e+02,
2.279732208251953125e+02,
2.312092590332031250e+02,
2.365129394531250000e+02,
2.391741638183593750e+02,
2.457406768798828125e+02,
2.506220092773437500e+02,
2.568781738281250000e+02,
2.657796630859375000e+02,
2.711196899414062500e+02,
2.774525146484375000e+02,
2.878249206542968750e+02,
2.944058837890625000e+02,
2.964685363769531250e+02,
3.040229187011718750e+02,
3.061856689453125000e+02,
3.095230102539062500e+02,
3.173804931640625000e+02,
3.284718627929687500e+02,
3.389554138183593750e+02,
3.512029418945312500e+02,
3.574244995117187500e+02,
3.466658020019531250e+02,
3.408293762207031250e+02,
3.259440612792968750e+02,
3.151434326171875000e+02,
3.071494750976562500e+02,
3.012704162597656250e+02,
2.974641418457031250e+02,
2.938351440429687500e+02,
2.926213684082031250e+02,
2.945699768066406250e+02,
3.007482604980468750e+02,
3.098756103515625000e+02,
3.181789550781250000e+02,
3.287810363769531250e+02,
3.431363525390625000e+02,
3.551174316406250000e+02,
3.600424804687500000e+02,
3.471181335449218750e+02,
3.316551513671875000e+02,
3.226261291503906250e+02,
3.192134704589843750e+02,
3.194934692382812500e+02,
3.235540771484375000e+02,
3.212659606933593750e+02,
3.166342773437500000e+02,
3.105245361328125000e+02,
3.128810729980468750e+02,
3.077103271484375000e+02,
3.108435668945312500e+02,
3.136109313964843750e+02,
3.211298522949218750e+02,
3.272128906250000000e+02,
3.274086608886718750e+02,
3.237849731445312500e+02,
3.251072998046875000e+02,
3.283442077636718750e+02,
3.289156188964843750e+02,
3.274983825683593750e+02,
3.275732421875000000e+02,
3.279183654785156250e+02,
3.330736083984375000e+02,
3.417157592773437500e+02,
3.469754028320312500e+02,
3.413115539550781250e+02,
3.334697265625000000e+02,
3.256385192871093750e+02,
3.193776550292968750e+02,
3.135467224121093750e+02,
3.065451049804687500e+02,
3.052639465332031250e+02,
3.061499938964843750e+02,
3.091934814453125000e+02,
3.071038818359375000e+02,
3.026263732910156250e+02,
3.072462463378906250e+02,
3.131490783691406250e+02,
3.144280700683593750e+02,
3.159132995605468750e+02,
3.118224792480468750e+02,
3.106623840332031250e+02,
3.146680297851562500e+02,
3.149135131835937500e+02,
3.153045959472656250e+02,
3.201677856445312500e+02,
3.181398925781250000e+02,
3.105849914550781250e+02,
3.029436035156250000e+02,
2.991272583007812500e+02,
2.986283874511718750e+02,
2.985233154296875000e+02,
3.005821228027343750e+02,
3.032225646972656250e+02,
2.976359863281250000e+02,
3.017386779785156250e+02,
3.062078552246093750e+02,
3.130536499023437500e+02,
3.166148071289062500e+02,
3.163377685546875000e+02,
3.144223022460937500e+02,
3.065507202148437500e+02,
2.980275878906250000e+02,
2.916474609375000000e+02,
2.842750549316406250e+02,
2.882453918457031250e+02,
2.920784301757812500e+02,
2.955245361328125000e+02,
3.028140258789062500e+02,
3.054542541503906250e+02,
2.983724365234375000e+02,
3.019669189453125000e+02,
3.082853393554687500e+02,
3.068705444335937500e+02,
3.105237121582031250e+02,
3.114952087402343750e+02,
3.053136291503906250e+02,
3.003628540039062500e+02,
2.888782653808593750e+02,
2.870084838867187500e+02,
2.908027038574218750e+02,
2.968811645507812500e+02,
3.060915222167968750e+02,
3.059173889160156250e+02,
3.064455566406250000e+02,
3.072054138183593750e+02,
3.082305297851562500e+02,
3.061231994628906250e+02,
3.069707336425781250e+02,
3.139996643066406250e+02,
3.145136108398437500e+02,
3.266581115722656250e+02,
3.370111999511718750e+02,
3.375863037109375000e+02,
3.416470336914062500e+02,
3.427949523925781250e+02,
3.389183654785156250e+02,
3.376062011718750000e+02,
3.376728210449218750e+02,
3.356684570312500000e+02,
3.271754150390625000e+02,
3.394768676757812500e+02,
3.458641052246093750e+02,
3.531549072265625000e+02,
3.557202148437500000e+02,
3.623887634277343750e+02,
3.661408081054687500e+02,
3.614661254882812500e+02,
3.596251525878906250e+02,
3.553005981445312500e+02,
3.489913940429687500e+02,
3.550769958496093750e+02,
3.478971557617187500e+02,
3.402494201660156250e+02,
3.355898132324218750e+02,
3.271432189941406250e+02,
3.160258483886718750e+02,
3.175239257812500000e+02,
3.173669433593750000e+02,
3.234851684570312500e+02,
3.210702514648437500e+02,
3.238582153320312500e+02,
3.331628723144531250e+02,
3.358051757812500000e+02,
3.358738098144531250e+02,
3.343256835937500000e+02,
3.454371337890625000e+02,
3.433827209472656250e+02,
3.392881469726562500e+02,
3.410108642578125000e+02,
3.459798889160156250e+02,
3.393475952148437500e+02,
3.342483825683593750e+02,
3.358532714843750000e+02,
3.345931701660156250e+02,
3.289343261718750000e+02,
3.296323852539062500e+02,
3.323852844238281250e+02,
3.278533630371093750e+02,
3.148027038574218750e+02,
3.170606384277343750e+02,
3.226105041503906250e+02,
3.296339721679687500e+02,
3.363937072753906250e+02,
3.365002746582031250e+02,
3.326142883300781250e+02,
3.266592407226562500e+02,
3.304291076660156250e+02,
3.289715576171875000e+02,
3.232676696777343750e+02,
3.223273010253906250e+02,
3.164930114746093750e+02,
3.156156921386718750e+02,
3.111094970703125000e+02,
3.115363159179687500e+02,
3.087765808105468750e+02,
3.060079345703125000e+02,
3.060628356933593750e+02,
3.070102844238281250e+02,
3.089565734863281250e+02,
3.078493957519531250e+02,
3.068739013671875000e+02,
3.066041259765625000e+02,
3.015336608886718750e+02,
3.014235839843750000e+02,
3.044207153320312500e+02,
3.059031982421875000e+02,
3.110024414062500000e+02,
3.103920593261718750e+02,
3.089118652343750000e+02,
3.078812866210937500e+02,
3.045468444824218750e+02,
3.028772277832031250e+02,
3.045903015136718750e+02,
2.996188659667968750e+02,
2.976681823730468750e+02,
2.959412231445312500e+02,
2.995349731445312500e+02,
3.001747436523437500e+02,
2.994916992187500000e+02,
2.980206604003906250e+02,
2.989136352539062500e+02,
2.896356506347656250e+02,
2.899017944335937500e+02,
2.870453491210937500e+02,
2.849038696289062500e+02,
2.876007385253906250e+02,
2.801474304199218750e+02,
2.845535583496093750e+02,
2.842038269042968750e+02,
2.921349182128906250e+02,
2.986413574218750000e+02,
2.969153442382812500e+02,
3.021797790527343750e+02,
3.012661743164062500e+02,
3.063557434082031250e+02,
3.068634338378906250e+02,
3.035422058105468750e+02,
2.981813354492187500e+02,
2.944768066406250000e+02,
2.884748535156250000e+02,
2.809640502929687500e+02,
2.756898498535156250e+02,
2.720397644042968750e+02,
2.664825744628906250e+02,
2.636500854492187500e+02,
2.628459167480468750e+02,
2.666487426757812500e+02,
2.732229003906250000e+02,
2.751953735351562500e+02,
2.787167358398437500e+02,
2.766025390625000000e+02,
2.830258483886718750e+02,
2.842687683105468750e+02,
2.827204895019531250e+02,
2.766184082031250000e+02,
2.720982055664062500e+02,
2.646575012207031250e+02,
2.609745483398437500e+02,
2.587489929199218750e+02,
2.613410949707031250e+02,
2.555695648193359375e+02,
2.546382904052734375e+02,
2.531291503906250000e+02,
2.497145996093750000e+02,
2.500991210937500000e+02,
2.512396087646484375e+02,
2.477445678710937500e+02,
2.455493774414062500e+02,
2.515169830322265625e+02,
2.517777557373046875e+02,
2.449286651611328125e+02,
2.465399932861328125e+02,
2.433496704101562500e+02,
2.484862213134765625e+02,
2.469239196777343750e+02,
2.524291839599609375e+02,
2.473106536865234375e+02,
2.421310882568359375e+02,
2.409363861083984375e+02,
2.363002319335937500e+02,
2.272415924072265625e+02,
2.216359710693359375e+02,
2.191184387207031250e+02,
2.151318054199218750e+02,
2.205388946533203125e+02,
2.304864807128906250e+02,
2.341303863525390625e+02,
2.383663482666015625e+02,
2.454597473144531250e+02,
2.403083801269531250e+02,
2.360872344970703125e+02,
2.342454071044921875e+02,
2.321569671630859375e+02,
2.303833007812500000e+02,
2.274384460449218750e+02,
2.268121643066406250e+02,
2.251999664306640625e+02,
2.226283569335937500e+02,
2.239382629394531250e+02,
2.261746978759765625e+02,
2.304029693603515625e+02,
2.290656890869140625e+02,
2.230838623046875000e+02,
2.212128753662109375e+02,
2.198978118896484375e+02,
2.226681976318359375e+02,
2.266851654052734375e+02,
2.329388122558593750e+02,
2.307086181640625000e+02,
2.288586273193359375e+02,
2.228475036621093750e+02,
2.163257141113281250e+02,
2.133725128173828125e+02,
2.123270416259765625e+02,
2.074712066650390625e+02,
2.074058990478515625e+02,
2.040488891601562500e+02,
1.948952026367187500e+02,
1.854243011474609375e+02,
1.785813293457031250e+02,
1.717199859619140625e+02,
1.718291320800781250e+02,
1.771363067626953125e+02,
1.855365295410156250e+02,
1.960898742675781250e+02,
2.013894805908203125e+02,
2.006236114501953125e+02,
2.040566864013671875e+02,
2.087341918945312500e+02,
2.079257812500000000e+02,
2.057451477050781250e+02,
2.039433288574218750e+02,
2.012111206054687500e+02,
1.965206909179687500e+02,
1.958724365234375000e+02,
1.932207794189453125e+02,
1.979902191162109375e+02,
1.979307861328125000e+02,
1.966419372558593750e+02,
1.956419067382812500e+02,
1.949167633056640625e+02,
1.962977905273437500e+02,
1.963730316162109375e+02,
1.950988464355468750e+02,
1.973073272705078125e+02,
1.985671234130859375e+02,
2.002181701660156250e+02,
2.013375549316406250e+02,
2.022552795410156250e+02,
2.086181793212890625e+02,
2.092202911376953125e+02,
2.104786529541015625e+02,
2.067745361328125000e+02,
2.057842559814453125e+02,
2.091459350585937500e+02,
2.175841674804687500e+02,
2.269915008544921875e+02,
2.295934753417968750e+02,
2.267093811035156250e+02,
2.278330078125000000e+02,
2.242726135253906250e+02,
2.168411102294921875e+02,
2.101037750244140625e+02,
2.069076843261718750e+02,
2.057170715332031250e+02,
2.040427703857421875e+02,
2.080699157714843750e+02,
2.139130706787109375e+02,
2.257340393066406250e+02,
2.283980255126953125e+02,
2.336426849365234375e+02,
2.385379028320312500e+02,
2.409728546142578125e+02,
2.386474456787109375e+02,
2.361337127685546875e+02,
2.345387115478515625e+02,
2.296177368164062500e+02,
2.300265808105468750e+02,
2.307843017578125000e+02,
2.373519592285156250e+02,
2.472465515136718750e+02,
2.540557861328125000e+02,
2.580865478515625000e+02,
2.581731872558593750e+02,
2.630071105957031250e+02,
2.658054504394531250e+02,
2.627589416503906250e+02,
2.585096435546875000e+02,
2.526548004150390625e+02,
2.485386962890625000e+02,
2.498820343017578125e+02,
2.469873657226562500e+02,
2.426087341308593750e+02,
2.432259979248046875e+02,
2.411682891845703125e+02,
2.450849304199218750e+02,
2.484062042236328125e+02,
2.526688232421875000e+02,
2.522775726318359375e+02,
2.503761138916015625e+02,
2.458302001953125000e+02,
2.408540649414062500e+02,
2.356681060791015625e+02,
2.370626983642578125e+02,
2.394585418701171875e+02,
2.482572326660156250e+02,
2.630637512207031250e+02,
2.647065429687500000e+02,
2.786785583496093750e+02,
2.895230102539062500e+02,
2.782136840820312500e+02,
2.697332153320312500e+02,
2.681653747558593750e+02,
2.562355957031250000e+02,
2.505299987792968750e+02,
2.507664794921875000e+02,
2.425063781738281250e+02,
2.385041809082031250e+02,
2.448534851074218750e+02,
2.457436523437500000e+02,
2.456112365722656250e+02,
2.489924163818359375e+02,
2.500706024169921875e+02,
2.541378326416015625e+02,
2.505969848632812500e+02,
2.465151824951171875e+02,
2.363568115234375000e+02,
2.260312805175781250e+02,
2.143005371093750000e+02,
2.139758911132812500e+02,
2.178430175781250000e+02,
2.247913208007812500e+02,
2.315747985839843750e+02,
2.447240447998046875e+02,
2.600735778808593750e+02,
2.649684448242187500e+02,
2.630830078125000000e+02,
2.621523132324218750e+02,
2.646462402343750000e+02,
2.652337036132812500e+02,
2.668655700683593750e+02,
2.602862854003906250e+02,
2.478165435791015625e+02,
2.427093811035156250e+02,
2.343101348876953125e+02,
2.390342559814453125e+02,
2.387884368896484375e+02,
2.405229492187500000e+02,
2.401814117431640625e+02,
2.381015167236328125e+02,
2.429425659179687500e+02,
2.385890197753906250e+02,
2.318588104248046875e+02,
2.252445678710937500e+02,
2.177296905517578125e+02,
2.108576507568359375e+02,
2.108281707763671875e+02,
2.128977050781250000e+02,
4.426347656250000000e+02,
4.494030151367187500e+02,
4.615918273925781250e+02,
4.502340393066406250e+02,
4.230581359863281250e+02,
4.094700622558593750e+02,
3.859087219238281250e+02,
3.880643920898437500e+02,
3.897717285156250000e+02,
3.781878051757812500e+02,
3.638412780761718750e+02,
3.569725952148437500e+02,
3.336713867187500000e+02,
3.346816711425781250e+02,
3.429481201171875000e+02,
3.475700073242187500e+02,
3.495502624511718750e+02,
3.542678527832031250e+02,
3.622414550781250000e+02,
3.642343750000000000e+02,
3.737259826660156250e+02,
3.824008178710937500e+02,
4.096255493164062500e+02,
4.227171020507812500e+02,
4.169539794921875000e+02,
4.004771423339843750e+02,
3.703839416503906250e+02,
3.549715270996093750e+02,
3.370784301757812500e+02,
3.361341552734375000e+02,
3.373020935058593750e+02,
3.373875427246093750e+02,
3.272177124023437500e+02,
3.144689636230468750e+02,
3.106946105957031250e+02,
3.180875244140625000e+02,
3.234133911132812500e+02,
3.351167907714843750e+02,
3.444283752441406250e+02,
3.609687194824218750e+02,
3.802966003417968750e+02,
3.872805786132812500e+02,
3.997431335449218750e+02,
3.981426086425781250e+02,
3.888851623535156250e+02,
3.695828552246093750e+02,
3.691870727539062500e+02,
3.529588623046875000e+02,
3.459618835449218750e+02,
3.341079406738281250e+02,
3.348981628417968750e+02,
3.184845886230468750e+02,
2.999321594238281250e+02,
2.974949035644531250e+02,
3.040450439453125000e+02,
3.169787902832031250e+02,
3.312055358886718750e+02,
3.363288269042968750e+02,
3.384124450683593750e+02,
3.405768737792968750e+02,
3.372633972167968750e+02,
3.376149291992187500e+02,
3.336697692871093750e+02,
3.362000427246093750e+02,
3.266854248046875000e+02,
3.179254150390625000e+02,
3.048228454589843750e+02,
2.963971252441406250e+02,
2.825892944335937500e+02,
2.729930114746093750e+02,
2.627019653320312500e+02,
2.536417236328125000e+02,
2.540018005371093750e+02,
2.616109619140625000e+02,
2.681625061035156250e+02,
2.812359619140625000e+02,
2.935271606445312500e+02,
3.153175354003906250e+02,
3.368256835937500000e+02,
3.591547546386718750e+02,
3.746097412109375000e+02,
3.826504821777343750e+02,
3.998735961914062500e+02,
4.185761108398437500e+02,
4.047570495605468750e+02,
3.968083801269531250e+02,
3.743706359863281250e+02,
3.480874633789062500e+02,
3.514190979003906250e+02,
3.618471984863281250e+02,
3.857864990234375000e+02,
4.191696472167968750e+02,
4.225875854492187500e+02,
3.995862426757812500e+02,
3.823898925781250000e+02,
3.696465454101562500e+02,
3.698040771484375000e+02,
3.685290222167968750e+02,
3.713842468261718750e+02,
3.858776855468750000e+02,
4.033291625976562500e+02,
3.905578613281250000e+02,
3.874464416503906250e+02,
3.934931640625000000e+02,
3.987547302246093750e+02,
3.982687683105468750e+02,
3.965599975585937500e+02,
3.884743347167968750e+02,
3.768623352050781250e+02,
3.714893798828125000e+02,
3.803262939453125000e+02,
3.801449890136718750e+02,
3.706351928710937500e+02,
3.785149536132812500e+02,
3.755218200683593750e+02,
3.669528503417968750e+02,
3.747956848144531250e+02,
3.733311767578125000e+02,
3.607759094238281250e+02,
3.585489196777343750e+02,
3.627570190429687500e+02,
3.716994018554687500e+02,
3.697876892089843750e+02,
3.647833862304687500e+02,
3.675719604492187500e+02,
3.580545349121093750e+02,
3.533765563964843750e+02,
3.577020263671875000e+02,
3.713132629394531250e+02,
3.679276428222656250e+02,
3.580607910156250000e+02,
3.620745544433593750e+02,
3.680718994140625000e+02,
3.582797851562500000e+02,
3.597362365722656250e+02,
3.632922973632812500e+02,
3.724201354980468750e+02,
3.893460998535156250e+02,
4.033481445312500000e+02,
4.186356201171875000e+02,
4.206066284179687500e+02,
4.154207763671875000e+02,
4.158379211425781250e+02,
4.258904724121093750e+02,
4.200839843750000000e+02,
4.281654968261718750e+02,
4.346289672851562500e+02,
4.372353210449218750e+02,
4.277878112792968750e+02,
4.126049499511718750e+02,
4.018377075195312500e+02,
3.850789794921875000e+02,
3.775701599121093750e+02,
3.791774291992187500e+02,
3.909080200195312500e+02,
3.948665771484375000e+02,
3.899102172851562500e+02,
3.992702026367187500e+02,
3.968053283691406250e+02,
3.939490661621093750e+02,
3.920218200683593750e+02,
3.861283874511718750e+02,
3.937531433105468750e+02,
3.942119445800781250e+02,
3.979207458496093750e+02,
4.035384216308593750e+02,
3.989493713378906250e+02,
3.932653198242187500e+02,
3.862251586914062500e+02,
3.719317932128906250e+02,
3.679848022460937500e+02,
3.685169067382812500e+02,
3.614915771484375000e+02,
3.704969787597656250e+02,
3.642232055664062500e+02,
3.712224426269531250e+02,
3.699676818847656250e+02,
3.813178710937500000e+02,
3.804577026367187500e+02,
3.695492553710937500e+02,
3.587734680175781250e+02,
3.579445190429687500e+02,
3.657101135253906250e+02,
3.539847106933593750e+02,
3.453957824707031250e+02,
3.359403991699218750e+02,
3.357738342285156250e+02,
3.344098510742187500e+02,
3.427134094238281250e+02,
3.471334228515625000e+02,
3.531258544921875000e+02,
3.559584350585937500e+02,
3.483102416992187500e+02,
3.365591430664062500e+02,
3.224406433105468750e+02,
3.111661071777343750e+02,
3.093811035156250000e+02,
3.131941528320312500e+02,
3.206241760253906250e+02,
3.227677612304687500e+02,
3.309526367187500000e+02,
3.212682800292968750e+02,
3.145562744140625000e+02,
3.085914306640625000e+02,
3.015444335937500000e+02,
3.030608215332031250e+02,
2.973212585449218750e+02,
2.923665466308593750e+02,
2.973173522949218750e+02,
3.015564270019531250e+02,
2.947092895507812500e+02,
2.793363647460937500e+02,
2.822374267578125000e+02,
2.752217712402343750e+02,
2.577684631347656250e+02,
2.548464508056640625e+02,
2.643030395507812500e+02,
2.726682128906250000e+02,
2.711427307128906250e+02,
2.719584350585937500e+02,
2.619118347167968750e+02,
2.595945434570312500e+02,
2.568835754394531250e+02,
2.576607055664062500e+02,
2.520051269531250000e+02,
2.533935241699218750e+02,
2.587106323242187500e+02,
2.587860412597656250e+02,
2.586656188964843750e+02,
2.515251922607421875e+02,
2.436394958496093750e+02,
2.289351043701171875e+02,
2.148519744873046875e+02,
2.044530639648437500e+02,
2.006563873291015625e+02,
2.075914764404296875e+02,
2.192093963623046875e+02,
2.262475433349609375e+02,
2.315202178955078125e+02,
2.331129455566406250e+02,
2.253486938476562500e+02,
2.239421997070312500e+02,
2.202234344482421875e+02,
2.278681945800781250e+02,
2.245111541748046875e+02,
2.290359954833984375e+02,
2.302409210205078125e+02,
2.314486999511718750e+02,
2.385934906005859375e+02,
2.404677124023437500e+02,
2.434846954345703125e+02,
2.508355712890625000e+02,
2.557664489746093750e+02,
2.574056396484375000e+02,
2.500783386230468750e+02,
2.469355468750000000e+02,
2.514187164306640625e+02,
2.614470825195312500e+02,
2.642900695800781250e+02,
2.737374877929687500e+02,
2.728374328613281250e+02,
2.701710815429687500e+02,
2.792816162109375000e+02,
2.892191772460937500e+02,
2.993319702148437500e+02,
3.276767883300781250e+02,
3.263380126953125000e+02,
3.181967468261718750e+02,
3.148101806640625000e+02,
3.048316955566406250e+02,
3.045081787109375000e+02,
3.110809020996093750e+02,
3.106780395507812500e+02,
2.910180358886718750e+02,
2.787741394042968750e+02,
2.949400329589843750e+02,
3.084628601074218750e+02,
3.251940307617187500e+02,
3.607334899902343750e+02,
3.675950317382812500e+02,
3.461866760253906250e+02,
3.312552490234375000e+02,
3.148768005371093750e+02,
2.930520935058593750e+02,
3.044098510742187500e+02,
2.996613464355468750e+02,
2.853391723632812500e+02,
2.796508178710937500e+02,
2.732990417480468750e+02,
2.778440551757812500e+02,
3.053168640136718750e+02,
3.311556701660156250e+02,
3.464405212402343750e+02,
3.387302856445312500e+02,
3.251434936523437500e+02,
3.145690307617187500e+02,
3.096066894531250000e+02,
2.973916931152343750e+02,
2.875502319335937500e+02,
2.708487548828125000e+02,
2.535989532470703125e+02,
2.508353118896484375e+02,
5.656537475585937500e+02,
5.223047485351562500e+02,
5.222916870117187500e+02,
4.921946411132812500e+02,
4.503754882812500000e+02,
4.334329528808593750e+02,
4.237091674804687500e+02,
4.046080932617187500e+02,
3.804364318847656250e+02,
3.835702819824218750e+02,
3.926637268066406250e+02,
3.986812744140625000e+02,
4.228619079589843750e+02,
4.480376892089843750e+02,
4.507247924804687500e+02,
4.265871582031250000e+02,
4.242679443359375000e+02,
4.135439147949218750e+02,
3.916808166503906250e+02,
3.655230102539062500e+02,
3.667716979980468750e+02,
3.616740417480468750e+02,
3.567542114257812500e+02,
3.538569030761718750e+02,
3.792330017089843750e+02,
4.080202331542968750e+02,
4.154674987792968750e+02,
4.367302856445312500e+02,
4.464415283203125000e+02,
4.452539672851562500e+02,
4.216300048828125000e+02,
4.043112487792968750e+02,
3.893228454589843750e+02,
3.712420959472656250e+02,
3.636360778808593750e+02,
3.578304138183593750e+02,
3.655455017089843750e+02,
3.716960449218750000e+02,
3.708847656250000000e+02,
3.885830383300781250e+02,
3.819998474121093750e+02,
3.846056213378906250e+02,
3.796956176757812500e+02,
3.596842651367187500e+02,
3.459746704101562500e+02,
3.171382751464843750e+02,
3.030960998535156250e+02,
2.950722961425781250e+02,
3.003962402343750000e+02,
3.199732666015625000e+02,
3.512933654785156250e+02,
3.896745300292968750e+02,
4.239559631347656250e+02,
4.512780761718750000e+02,
4.850086364746093750e+02,
4.651470642089843750e+02,
4.540389709472656250e+02,
4.345082092285156250e+02,
4.218191833496093750e+02,
4.486238098144531250e+02,
4.614284057617187500e+02,
4.769899597167968750e+02,
4.465708312988281250e+02,
4.193891601562500000e+02,
4.385748901367187500e+02,
4.655497436523437500e+02,
4.524082641601562500e+02,
4.640842590332031250e+02,
4.630452575683593750e+02,
4.633424682617187500e+02,
4.588282165527343750e+02,
4.635555725097656250e+02,
4.541920166015625000e+02,
4.548544006347656250e+02,
4.541318359375000000e+02,
4.312556762695312500e+02,
4.327012329101562500e+02,
4.335018310546875000e+02,
4.282744445800781250e+02,
4.321718139648437500e+02,
4.293586425781250000e+02,
4.199576110839843750e+02,
4.363821105957031250e+02,
4.226309509277343750e+02,
4.251475830078125000e+02,
4.348738403320312500e+02,
4.166610412597656250e+02,
4.342800292968750000e+02,
4.355148620605468750e+02,
4.271107788085937500e+02,
4.548090209960937500e+02,
4.782787170410156250e+02,
4.958082580566406250e+02,
5.067525634765625000e+02,
5.056416015625000000e+02,
5.168079833984375000e+02,
5.105267028808593750e+02,
5.153928833007812500e+02,
5.017380676269531250e+02,
4.792591552734375000e+02,
4.615619812011718750e+02,
4.497911682128906250e+02,
4.650741577148437500e+02,
4.648105773925781250e+02,
4.613324890136718750e+02,
4.633550415039062500e+02,
4.512669372558593750e+02,
4.588964538574218750e+02,
4.648449707031250000e+02,
4.595216674804687500e+02,
4.668965454101562500e+02,
4.537221984863281250e+02,
4.345558776855468750e+02,
4.277438049316406250e+02,
4.219326171875000000e+02,
4.220690307617187500e+02,
4.346531677246093750e+02,
4.498043518066406250e+02,
4.417447814941406250e+02,
4.306611328125000000e+02,
4.313561401367187500e+02,
4.212039794921875000e+02,
4.130719909667968750e+02,
4.025791931152343750e+02,
3.963103637695312500e+02,
4.007137145996093750e+02,
4.052998657226562500e+02,
3.987325439453125000e+02,
3.797327270507812500e+02,
3.712363586425781250e+02,
3.630804748535156250e+02,
3.659157714843750000e+02,
3.772326049804687500e+02,
3.863608703613281250e+02,
3.751308593750000000e+02,
3.619733886718750000e+02,
3.560638427734375000e+02,
3.481250305175781250e+02,
3.526836853027343750e+02,
3.432957458496093750e+02,
3.224103393554687500e+02,
3.095068359375000000e+02,
3.068710327148437500e+02,
2.981497802734375000e+02,
3.019757690429687500e+02,
3.000330505371093750e+02,
2.903446960449218750e+02,
2.928882751464843750e+02,
2.892915039062500000e+02,
2.871105041503906250e+02,
2.919006652832031250e+02,
2.922834777832031250e+02,
2.776186218261718750e+02,
2.625348510742187500e+02,
2.389570922851562500e+02,
2.368354949951171875e+02,
2.330902709960937500e+02,
2.420368957519531250e+02,
2.557832641601562500e+02,
2.636944580078125000e+02,
2.560318298339843750e+02,
2.585815429687500000e+02,
2.633457031250000000e+02,
2.631790161132812500e+02,
2.706679382324218750e+02,
2.728468322753906250e+02,
2.784841003417968750e+02,
2.823920288085937500e+02,
2.835423583984375000e+02,
2.973079528808593750e+02,
3.060166015625000000e+02,
3.004632568359375000e+02,
3.103252563476562500e+02,
3.165636291503906250e+02,
3.282368469238281250e+02,
3.555730285644531250e+02,
3.785948791503906250e+02,
3.773909301757812500e+02,
3.737438354492187500e+02,
3.719840393066406250e+02,
3.675891418457031250e+02,
3.341329956054687500e+02,
3.494975891113281250e+02,
3.592736816406250000e+02,
3.861879882812500000e+02,
4.213890991210937500e+02,
4.359884033203125000e+02,
3.965352478027343750e+02,
3.587641601562500000e+02,
3.382467041015625000e+02,
3.265172424316406250e+02,
3.365650634765625000e+02,
3.402506408691406250e+02,
3.701206970214843750e+02,
3.971452636718750000e+02,
3.878123779296875000e+02,
3.848410339355468750e+02,
3.527401733398437500e+02,
3.125602722167968750e+02,
2.989233398437500000e+02,
