4.301080017089843750e+02,
4.209923400878906250e+02,
4.301562805175781250e+02,
4.123612670898437500e+02,
3.687552185058593750e+02,
3.634852905273437500e+02,
3.658618164062500000e+02,
3.612770080566406250e+02,
3.660706787109375000e+02,
3.673623962402343750e+02,
3.684613037109375000e+02,
3.730151062011718750e+02,
3.743295288085937500e+02,
3.767346191406250000e+02,
3.690629577636718750e+02,
3.664272460937500000e+02,
3.796817321777343750e+02,
3.928442077636718750e+02,
4.104878540039062500e+02,
4.264675598144531250e+02,
4.279086303710937500e+02,
4.240420532226562500e+02,
4.209542846679687500e+02,
4.178513793945312500e+02,
4.149538269042968750e+02,
4.082222290039062500e+02,
3.973583984375000000e+02,
3.919543151855468750e+02,
3.835837097167968750e+02,
3.728506469726562500e+02,
3.593383178710937500e+02,
3.512465209960937500e+02,
3.442872924804687500e+02,
3.382490539550781250e+02,
3.345599670410156250e+02,
3.274632263183593750e+02,
3.225050659179687500e+02,
3.179110107421875000e+02,
3.192715148925781250e+02,
3.215983886718750000e+02,
3.260974426269531250e+02,
3.302330017089843750e+02,
3.289031372070312500e+02,
3.260671081542968750e+02,
3.209566955566406250e+02,
3.157269287109375000e+02,
3.158914184570312500e+02,
3.174118041992187500e+02,
3.170787048339843750e+02,
3.166321716308593750e+02,
3.164641113281250000e+02,
3.156872863769531250e+02,
3.084316101074218750e+02,
3.048241577148437500e+02,
3.047940979003906250e+02,
3.050000000000000000e+02,
3.053374023437500000e+02,
3.041224365234375000e+02,
3.048080139160156250e+02,
3.098047790527343750e+02,
3.061242675781250000e+02,
3.067529907226562500e+02,
3.030844421386718750e+02,
3.032794494628906250e+02,
3.021217346191406250e+02,
2.980512695312500000e+02,
2.964089965820312500e+02,
2.956231384277343750e+02,
2.900618286132812500e+02,
2.940287170410156250e+02,
2.882988281250000000e+02,
2.869503784179687500e+02,
2.834331359863281250e+02,
2.836373901367187500e+02,
2.845003356933593750e+02,
2.831069030761718750e+02,
2.798688964843750000e+02,
2.810362548828125000e+02,
2.766810607910156250e+02,
2.724413757324218750e+02,
2.662609558105468750e+02,
2.632770385742187500e+02,
2.648286743164062500e+02,
2.666487426757812500e+02,
2.682627868652343750e+02,
2.713139343261718750e+02,
2.769539794921875000e+02,
2.820769653320312500e+02,
2.878057250976562500e+02,
3.006618652343750000e+02,
3.084201965332031250e+02,
3.068742675781250000e+02,
3.008265075683593750e+02,
2.945554809570312500e+02,
2.886239013671875000e+02,
2.831875610351562500e+02,
2.801737365722656250e+02,
2.751608581542968750e+02,
2.739901123046875000e+02,
2.663368835449218750e+02,
2.644985046386718750e+02,
2.637419738769531250e+02,
2.649020690917968750e+02,
2.671383056640625000e+02,
2.737228393554687500e+02,
2.766253356933593750e+02,
2.739122619628906250e+02,
2.754378967285156250e+02,
2.752009887695312500e+02,
2.756053466796875000e+02,
2.773816528320312500e+02,
2.783568420410156250e+02,
2.728451843261718750e+02,
2.686162719726562500e+02,
2.655502014160156250e+02,
2.628229675292968750e+02,
2.702180175781250000e+02,
2.736198425292968750e+02,
2.770069274902343750e+02,
2.813487548828125000e+02,
2.773103942871093750e+02,
2.724258422851562500e+02,
2.704167175292968750e+02,
2.702539978027343750e+02,
2.717089233398437500e+02,
2.714099731445312500e+02,
2.709323730468750000e+02,
2.728541259765625000e+02,
2.736004638671875000e+02,
2.718953247070312500e+02,
2.708486633300781250e+02,
2.680504455566406250e+02,
2.689069519042968750e+02,
2.689845275878906250e+02,
2.680651855468750000e+02,
2.659414672851562500e+02,
2.649551696777343750e+02,
2.630558471679687500e+02,
2.638945312500000000e+02,
2.643703002929687500e+02,
2.645460510253906250e+02,
2.647624206542968750e+02,
2.648371887207031250e+02,
2.647575683593750000e+02,
2.656626281738281250e+02,
2.634198303222656250e+02,
2.603265380859375000e+02,
2.563000183105468750e+02,
2.536073303222656250e+02,
2.494816284179687500e+02,
2.486360473632812500e+02,
2.491227264404296875e+02,
2.495381011962890625e+02,
2.490384521484375000e+02,
2.497228851318359375e+02,
2.523343353271484375e+02,
2.572897338867187500e+02,
2.598667907714843750e+02,
2.577373657226562500e+02,
2.606264648437500000e+02,
2.591431579589843750e+02,
2.581848754882812500e+02,
2.562665710449218750e+02,
2.517022247314453125e+02,
2.470122375488281250e+02,
2.437330169677734375e+02,
2.408073120117187500e+02,
2.386251220703125000e+02,
2.367037353515625000e+02,
2.359722290039062500e+02,
2.385848083496093750e+02,
2.406986541748046875e+02,
2.402629699707031250e+02,
2.407336883544921875e+02,
2.442427673339843750e+02,
2.438711700439453125e+02,
2.437585449218750000e+02,
2.447694549560546875e+02,
2.447260742187500000e+02,
2.446622009277343750e+02,
2.438890380859375000e+02,
2.444696197509765625e+02,
2.435759735107421875e+02,
2.426710815429687500e+02,
2.433130035400390625e+02,
2.403384704589843750e+02,
2.406629028320312500e+02,
2.416948089599609375e+02,
2.432870941162109375e+02,
2.445187683105468750e+02,
2.455630187988281250e+02,
2.771507263183593750e+02,
3.023294982910156250e+02,
3.306006164550781250e+02,
5.631042480468750000e+02,
7.976431884765625000e+02,
1.155230957031250000e+03,
1.433596435546875000e+03,
1.572874389648437500e+03,
1.581014770507812500e+03,
1.526301025390625000e+03,
1.213027832031250000e+03,
8.060608520507812500e+02,
5.554684448242187500e+02,
4.905012512207031250e+02,
4.873103942871093750e+02,
4.956593627929687500e+02,
4.989785156250000000e+02,
4.999159851074218750e+02,
5.020936889648437500e+02,
5.040491943359375000e+02,
4.984475708007812500e+02,
4.944544677734375000e+02,
4.913395080566406250e+02,
4.920136108398437500e+02,
4.944878540039062500e+02,
4.931639709472656250e+02,
4.930857238769531250e+02,
4.931738891601562500e+02,
4.933270568847656250e+02,
4.927031860351562500e+02,
4.905887451171875000e+02,
4.931973266601562500e+02,
4.990882263183593750e+02,
5.089572143554687500e+02,
5.163065795898437500e+02,
5.234938354492187500e+02,
5.117864990234375000e+02,
5.022179565429687500e+02,
4.995661926269531250e+02,
4.939383850097656250e+02,
4.914486999511718750e+02,
4.840806274414062500e+02,
4.809140319824218750e+02,
4.787848815917968750e+02,
4.839257202148437500e+02,
4.942940063476562500e+02,
5.033406982421875000e+02,
5.132370605468750000e+02,
5.147438964843750000e+02,
5.168674926757812500e+02,
5.198356933593750000e+02,
5.237419433593750000e+02,
5.184573974609375000e+02,
5.165416870117187500e+02,
5.199508056640625000e+02,
5.150593261718750000e+02,
5.118451843261718750e+02,
5.070350341796875000e+02,
5.066259460449218750e+02,
5.070640869140625000e+02,
5.088337097167968750e+02,
5.061078186035156250e+02,
5.030343017578125000e+02,
5.025050354003906250e+02,
5.043880310058593750e+02,
5.045017395019531250e+02,
5.060168151855468750e+02,
5.187333984375000000e+02,
5.218222045898437500e+02,
5.233990478515625000e+02,
5.249309082031250000e+02,
5.275552978515625000e+02,
5.278909301757812500e+02,
5.169738159179687500e+02,
5.087049255371093750e+02,
5.057361755371093750e+02,
5.117440185546875000e+02,
5.151435546875000000e+02,
5.159560546875000000e+02,
5.165065307617187500e+02,
5.116600036621093750e+02,
5.102203979492187500e+02,
5.036946411132812500e+02,
4.976920166015625000e+02,
4.898711242675781250e+02,
4.893690795898437500e+02,
4.895943908691406250e+02,
4.877310791015625000e+02,
4.821011962890625000e+02,
4.806488037109375000e+02,
4.803221435546875000e+02,
4.798672485351562500e+02,
4.810859985351562500e+02,
4.800576477050781250e+02,
4.839096069335937500e+02,
4.873478698730468750e+02,
4.920154113769531250e+02,
4.921076965332031250e+02,
4.900856933593750000e+02,
4.907961730957031250e+02,
4.875325317382812500e+02,
4.878394470214843750e+02,
4.902554016113281250e+02,
4.934059143066406250e+02,
4.971834411621093750e+02,
5.004744262695312500e+02,
5.069249877929687500e+02,
5.104549560546875000e+02,
5.165274047851562500e+02,
5.238987426757812500e+02,
5.298636474609375000e+02,
5.363333740234375000e+02,
5.368112182617187500e+02,
5.333998413085937500e+02,
5.305175170898437500e+02,
5.323283691406250000e+02,
5.324082641601562500e+02,
5.378836059570312500e+02,
5.392009887695312500e+02,
5.430972290039062500e+02,
5.382109985351562500e+02,
5.363569335937500000e+02,
5.380308227539062500e+02,
5.416838378906250000e+02,
5.430468139648437500e+02,
5.467972412109375000e+02,
5.457822265625000000e+02,
5.436759033203125000e+02,
5.426666870117187500e+02,
5.404546508789062500e+02,
5.476082763671875000e+02,
5.469140625000000000e+02,
5.475151977539062500e+02,
5.458161621093750000e+02,
5.440641479492187500e+02,
5.407611083984375000e+02,
5.421405029296875000e+02,
5.375621948242187500e+02,
5.345585937500000000e+02,
5.311653442382812500e+02,
5.250056152343750000e+02,
5.244692993164062500e+02,
5.185551757812500000e+02,
5.156504516601562500e+02,
5.161245727539062500e+02,
5.070605468750000000e+02,
5.086591796875000000e+02,
5.113262634277343750e+02,
5.137183837890625000e+02,
5.133578491210937500e+02,
5.107309265136718750e+02,
5.112441711425781250e+02,
5.133726806640625000e+02,
5.175223388671875000e+02,
5.250314331054687500e+02,
5.294790649414062500e+02,
5.311111450195312500e+02,
5.252973022460937500e+02,
5.174689941406250000e+02,
5.075202331542968750e+02,
5.037845458984375000e+02,
4.983306579589843750e+02,
5.020319824218750000e+02,
5.075366821289062500e+02,
5.084268798828125000e+02,
5.044742126464843750e+02,
5.039536743164062500e+02,
5.026229858398437500e+02,
4.996537780761718750e+02,
5.052642517089843750e+02,
5.118311462402343750e+02,
5.108061523437500000e+02,
5.084952697753906250e+02,
5.166672363281250000e+02,
5.193144531250000000e+02,
5.192307128906250000e+02,
5.215919799804687500e+02,
5.266137695312500000e+02,
5.309667968750000000e+02,
5.336736450195312500e+02,
5.393888549804687500e+02,
5.399721679687500000e+02,
5.360755615234375000e+02,
5.233146362304687500e+02,
5.132374877929687500e+02,
5.118851013183593750e+02,
5.136419677734375000e+02,
5.143859252929687500e+02,
5.207117309570312500e+02,
5.182936401367187500e+02,
5.116358337402343750e+02,
5.143403930664062500e+02,
5.264253540039062500e+02,
5.674979248046875000e+02,
6.148399658203125000e+02,
6.613843994140625000e+02,
6.917477416992187500e+02,
7.191058959960937500e+02,
7.149161987304687500e+02,
7.001680297851562500e+02,
6.802265014648437500e+02,
6.339044189453125000e+02,
5.867041015625000000e+02,
5.534844970703125000e+02,
5.462843017578125000e+02,
5.360765380859375000e+02,
5.331760253906250000e+02,
5.322740478515625000e+02,
5.311303710937500000e+02,
5.375429077148437500e+02,
5.448798828125000000e+02,
5.494936523437500000e+02,
5.577159423828125000e+02,
5.592243652343750000e+02,
5.649707031250000000e+02,
5.813011474609375000e+02,
5.933755493164062500e+02,
6.021254882812500000e+02,
6.043050537109375000e+02,
5.950628051757812500e+02,
5.826427001953125000e+02,
5.764277954101562500e+02,
5.646111450195312500e+02,
5.683536987304687500e+02,
5.643640136718750000e+02,
5.547417602539062500e+02,
5.360430297851562500e+02,
5.211033935546875000e+02,
5.097408447265625000e+02,
5.107575073242187500e+02,
5.166571044921875000e+02,
5.229429321289062500e+02,
5.256371459960937500e+02,
5.247448730468750000e+02,
5.183418579101562500e+02,
5.132029418945312500e+02,
5.127035522460937500e+02,
5.009896240234375000e+02,
4.947467346191406250e+02,
4.946351928710937500e+02,
4.949510803222656250e+02,
4.986730957031250000e+02,
4.960669860839843750e+02,
4.893229064941406250e+02,
4.903720092773437500e+02,
4.939065246582031250e+02,
4.998254394531250000e+02,
5.020657653808593750e+02,
5.030156860351562500e+02,
5.067401428222656250e+02,
5.000302124023437500e+02,
4.943241271972656250e+02,
4.905537719726562500e+02,
4.888738708496093750e+02,
4.932879028320312500e+02,
4.987711791992187500e+02,
4.998556213378906250e+02,
5.004254455566406250e+02,
4.982831726074218750e+02,
4.905844421386718750e+02,
4.922303466796875000e+02,
4.993381652832031250e+02,
5.068531188964843750e+02,
5.126269531250000000e+02,
5.099916076660156250e+02,
5.052723999023437500e+02,
5.024497985839843750e+02,
4.976812438964843750e+02,
4.914853820800781250e+02,
4.854255981445312500e+02,
4.805968017578125000e+02,
4.771311340332031250e+02,
4.753426513671875000e+02,
4.752725219726562500e+02,
4.790128479003906250e+02,
4.795922546386718750e+02,
4.795964965820312500e+02,
4.823092346191406250e+02,
4.850029907226562500e+02,
4.921223449707031250e+02,
4.963063659667968750e+02,
5.055628051757812500e+02,
5.177873535156250000e+02,
5.235904541015625000e+02,
5.259953613281250000e+02,
5.315123901367187500e+02,
5.285390014648437500e+02,
5.244923706054687500e+02,
5.208102416992187500e+02,
5.160848999023437500e+02,
5.097230224609375000e+02,
5.092644958496093750e+02,
5.107226867675781250e+02,
5.143604125976562500e+02,
5.253916015625000000e+02,
5.296422729492187500e+02,
5.306488037109375000e+02,
5.358898315429687500e+02,
5.397435913085937500e+02,
5.400684814453125000e+02,
5.407297363281250000e+02,
5.441998901367187500e+02,
5.461480712890625000e+02,
5.402979736328125000e+02,
5.410795288085937500e+02,
5.407950439453125000e+02,
5.355685424804687500e+02,
5.365036621093750000e+02,
5.365733642578125000e+02,
5.392308959960937500e+02,
5.373050537109375000e+02,
5.409437866210937500e+02,
5.351247558593750000e+02,
5.319870605468750000e+02,
5.313335571289062500e+02,
5.352191772460937500e+02,
5.364050292968750000e+02,
5.370345458984375000e+02,
5.350661010742187500e+02,
5.348120727539062500e+02,
5.352503051757812500e+02,
5.337279052734375000e+02,
5.322217407226562500e+02,
5.351481933593750000e+02,
5.390548706054687500e+02,
5.407058105468750000e+02,
5.408820190429687500e+02,
5.429241943359375000e+02,
5.390299072265625000e+02,
5.411292114257812500e+02,
5.328906250000000000e+02,
5.275025634765625000e+02,
5.242606201171875000e+02,
5.209893798828125000e+02,
5.213739013671875000e+02,
5.221284179687500000e+02,
5.286402587890625000e+02,
5.336932983398437500e+02,
5.415040283203125000e+02,
5.507292480468750000e+02,
5.520721435546875000e+02,
5.552606811523437500e+02,
5.592194824218750000e+02,
5.594633789062500000e+02,
5.575849609375000000e+02,
5.630220947265625000e+02,
5.663268432617187500e+02,
5.648700561523437500e+02,
5.606744995117187500e+02,
5.548519287109375000e+02,
5.490424194335937500e+02,
5.467884521484375000e+02,
5.461737060546875000e+02,
5.462847900390625000e+02,
5.461594848632812500e+02,
5.455278930664062500e+02,
5.410841674804687500e+02,
5.381393432617187500e+02,
5.336104125976562500e+02,
5.305508422851562500e+02,
5.372168579101562500e+02,
5.407637329101562500e+02,
5.401690063476562500e+02,
5.393887939453125000e+02,
5.373408813476562500e+02,
5.327409667968750000e+02,
5.273203125000000000e+02,
5.238919067382812500e+02,
5.250946655273437500e+02,
5.299930419921875000e+02,
5.353353881835937500e+02,
5.397991943359375000e+02,
5.418678588867187500e+02,
5.429635009765625000e+02,
5.444936523437500000e+02,
5.474130859375000000e+02,
5.511358032226562500e+02,
5.527828979492187500e+02,
5.534386596679687500e+02,
5.468810424804687500e+02,
5.390645751953125000e+02,
5.358895874023437500e+02,
5.341844482421875000e+02,
5.337424926757812500e+02,
5.344682617187500000e+02,
5.316406250000000000e+02,
5.273953857421875000e+02,
5.245639038085937500e+02,
5.194649047851562500e+02,
5.217437133789062500e+02,
5.181397705078125000e+02,
5.143363647460937500e+02,
5.125681762695312500e+02,
5.113918457031250000e+02,
5.103451232910156250e+02,
5.138753662109375000e+02,
5.211649169921875000e+02,
5.216609497070312500e+02,
5.212595214843750000e+02,
5.163486328125000000e+02,
5.049742736816406250e+02,
5.002114562988281250e+02,
4.896352233886718750e+02,
4.814160156250000000e+02,
4.779325256347656250e+02,
4.775556335449218750e+02,
4.815637207031250000e+02,
4.783730468750000000e+02,
4.773010864257812500e+02,
4.694450073242187500e+02,
4.661705932617187500e+02,
4.675297851562500000e+02,
4.679568481445312500e+02,
4.690495300292968750e+02,
4.687505187988281250e+02,
4.716826477050781250e+02,
4.764149780273437500e+02,
4.783482971191406250e+02,
4.770211181640625000e+02,
4.753736877441406250e+02,
4.781250000000000000e+02,
4.786744384765625000e+02,
4.773306579589843750e+02,
4.784016113281250000e+02,
4.794554443359375000e+02,
4.849194335937500000e+02,
4.910192565917968750e+02,
4.925382995605468750e+02,
4.962209167480468750e+02,
4.933096923828125000e+02,
4.902868957519531250e+02,
4.845925598144531250e+02,
4.818305969238281250e+02,
4.769608154296875000e+02,
4.748088378906250000e+02,
4.706814880371093750e+02,
4.654526367187500000e+02,
4.627372741699218750e+02,
4.572821655273437500e+02,
4.561622009277343750e+02,
4.583362121582031250e+02,
4.599174499511718750e+02,
4.632885437011718750e+02,
4.640304870605468750e+02,
4.650779724121093750e+02,
4.646469421386718750e+02,
4.669264831542968750e+02,
4.675994262695312500e+02,
4.675537109375000000e+02,
4.703909301757812500e+02,
4.690844421386718750e+02,
4.684159545898437500e+02,
4.690803527832031250e+02,
4.705184326171875000e+02,
4.737781372070312500e+02,
4.752674255371093750e+02,
4.751082763671875000e+02,
4.802014770507812500e+02,
4.865635681152343750e+02,
4.880691223144531250e+02,
4.906584777832031250e+02,
4.906469116210937500e+02,
4.923822937011718750e+02,
4.968290405273437500e+02,
4.994648742675781250e+02,
4.976898803710937500e+02,
4.976088867187500000e+02,
4.928865356445312500e+02,
4.912132873535156250e+02,
4.872150878906250000e+02,
4.853242797851562500e+02,
4.899155273437500000e+02,
4.972898254394531250e+02,
5.053449707031250000e+02,
5.113928222656250000e+02,
5.138889770507812500e+02,
5.181065673828125000e+02,
5.189790649414062500e+02,
5.194845581054687500e+02,
5.234390258789062500e+02,
5.262931518554687500e+02,
5.272434082031250000e+02,
5.281766357421875000e+02,
5.273449096679687500e+02,
5.256849365234375000e+02,
5.244784545898437500e+02,
5.225528564453125000e+02,
5.226167602539062500e+02,
5.236052246093750000e+02,
5.265211791992187500e+02,
5.223810424804687500e+02,
5.235541381835937500e+02,
5.226391601562500000e+02,
5.257313232421875000e+02,
5.244260253906250000e+02,
5.186587524414062500e+02,
5.186746215820312500e+02,
5.162625122070312500e+02,
5.150999755859375000e+02,
5.143585815429687500e+02,
5.180481567382812500e+02,
5.218378906250000000e+02,
5.233928222656250000e+02,
5.228659667968750000e+02,
5.190204467773437500e+02,
5.194076538085937500e+02,
5.182600708007812500e+02,
5.153663940429687500e+02,
5.193854370117187500e+02,
5.223636474609375000e+02,
5.294669799804687500e+02,
5.289069213867187500e+02,
5.322498779296875000e+02,
5.361868286132812500e+02,
5.372826538085937500e+02,
5.404470825195312500e+02,
5.466475830078125000e+02,
5.623526000976562500e+02,
5.700388183593750000e+02,
5.983073730468750000e+02,
6.326914062500000000e+02,
6.776974487304687500e+02,
7.533870849609375000e+02,
8.230179443359375000e+02,
8.915750732421875000e+02,
9.462985229492187500e+02,
9.686197509765625000e+02,
9.918374633789062500e+02,
9.950672607421875000e+02,
9.877803344726562500e+02,
9.818389892578125000e+02,
9.879893798828125000e+02,
9.945151367187500000e+02,
9.919779052734375000e+02,
9.880285644531250000e+02,
1.027755859375000000e+03,
1.085034545898437500e+03,
1.149388183593750000e+03,
1.217600219726562500e+03,
1.311975585937500000e+03,
1.339307006835937500e+03,
1.364684570312500000e+03,
1.364864135742187500e+03,
1.343187255859375000e+03,
1.282983398437500000e+03,
1.298666992187500000e+03,
1.320767578125000000e+03,
1.373459106445312500e+03,
4.822829895019531250e+02,
4.654273681640625000e+02,
4.738706970214843750e+02,
4.632597656250000000e+02,
4.315480957031250000e+02,
4.429432373046875000e+02,
4.565962219238281250e+02,
4.585680541992187500e+02,
4.643227539062500000e+02,
4.897889709472656250e+02,
5.056605529785156250e+02,
4.816479492187500000e+02,
4.657903137207031250e+02,
4.491053771972656250e+02,
4.192997131347656250e+02,
3.903556823730468750e+02,
3.725618286132812500e+02,
3.594097900390625000e+02,
3.513234558105468750e+02,
3.519827880859375000e+02,
3.583928527832031250e+02,
3.603196411132812500e+02,
3.552715759277343750e+02,
3.542303466796875000e+02,
3.459722595214843750e+02,
3.423119506835937500e+02,
3.442543029785156250e+02,
3.443648376464843750e+02,
3.494589843750000000e+02,
3.461818237304687500e+02,
3.389732971191406250e+02,
3.333111877441406250e+02,
3.286422424316406250e+02,
3.256388854980468750e+02,
3.247243957519531250e+02,
3.197070312500000000e+02,
3.149833068847656250e+02,
3.170054931640625000e+02,
3.010947265625000000e+02,
2.914916076660156250e+02,
2.819348144531250000e+02,
2.831451110839843750e+02,
2.974795532226562500e+02,
3.133162536621093750e+02,
3.187546691894531250e+02,
3.220469665527343750e+02,
3.105245666503906250e+02,
2.925496520996093750e+02,
2.854708251953125000e+02,
2.830726928710937500e+02,
2.814555664062500000e+02,
2.877362670898437500e+02,
2.872520751953125000e+02,
2.858506774902343750e+02,
2.866607971191406250e+02,
2.856604309082031250e+02,
2.929947814941406250e+02,
2.919554748535156250e+02,
2.929143371582031250e+02,
2.876811523437500000e+02,
2.893348999023437500e+02,
2.884774780273437500e+02,
2.867969970703125000e+02,
2.863023376464843750e+02,
2.871774291992187500e+02,
2.821399230957031250e+02,
2.802804870605468750e+02,
2.779703063964843750e+02,
2.802462158203125000e+02,
2.794705810546875000e+02,
2.766275939941406250e+02,
2.740457153320312500e+02,
2.667550659179687500e+02,
2.607528076171875000e+02,
2.571904907226562500e+02,
2.566807556152343750e+02,
2.610034790039062500e+02,
2.646221923828125000e+02,
2.650428466796875000e+02,
2.636170654296875000e+02,
2.615849304199218750e+02,
2.575200195312500000e+02,
2.461552886962890625e+02,
2.421284332275390625e+02,
2.405941619873046875e+02,
2.411170959472656250e+02,
2.422958679199218750e+02,
2.436985473632812500e+02,
2.447193756103515625e+02,
2.441866760253906250e+02,
2.444535522460937500e+02,
2.441695861816406250e+02,
2.451702575683593750e+02,
2.643906860351562500e+02,
2.772875671386718750e+02,
5.851793823242187500e+02,
1.108791992187500000e+03,
1.289848999023437500e+03,
1.322508056640625000e+03,
1.257599609375000000e+03,
1.189701538085937500e+03,
7.433092651367187500e+02,
5.050251159667968750e+02,
5.112615661621093750e+02,
5.108276367187500000e+02,
5.099613037109375000e+02,
5.100229797363281250e+02,
5.059443359375000000e+02,
5.040828552246093750e+02,
5.123877563476562500e+02,
5.237671508789062500e+02,
5.372592163085937500e+02,
5.338885498046875000e+02,
5.300032348632812500e+02,
5.198232421875000000e+02,
5.101083068847656250e+02,
5.162610473632812500e+02,
5.231158447265625000e+02,
5.350206909179687500e+02,
5.431761474609375000e+02,
5.366598510742187500e+02,
5.465482177734375000e+02,
5.490097656250000000e+02,
5.415639038085937500e+02,
5.315056152343750000e+02,
5.302966308593750000e+02,
5.268382568359375000e+02,
5.371230468750000000e+02,
5.471350708007812500e+02,
5.533895874023437500e+02,
5.582897949218750000e+02,
5.541073608398437500e+02,
5.481176147460937500e+02,
5.403393554687500000e+02,
5.386646118164062500e+02,
5.306713867187500000e+02,
5.231011352539062500e+02,
5.118849792480468750e+02,
5.037269592285156250e+02,
4.970863037109375000e+02,
4.926553344726562500e+02,
4.999213867187500000e+02,
5.024078369140625000e+02,
5.023899841308593750e+02,
5.093041381835937500e+02,
5.144649047851562500e+02,
5.184443359375000000e+02,
5.291551513671875000e+02,
5.422701416015625000e+02,
5.539848022460937500e+02,
5.672514648437500000e+02,
5.778449707031250000e+02,
5.795143432617187500e+02,
5.785376586914062500e+02,
5.845545043945312500e+02,
5.857473144531250000e+02,
5.828847045898437500e+02,
5.862535400390625000e+02,
5.880949096679687500e+02,
5.894008178710937500e+02,
5.836651000976562500e+02,
5.789646606445312500e+02,
5.796291503906250000e+02,
5.741203002929687500e+02,
5.615762329101562500e+02,
5.550121459960937500e+02,
5.472240600585937500e+02,
5.406084594726562500e+02,
5.390103759765625000e+02,
5.530592651367187500e+02,
5.587881469726562500e+02,
5.652083740234375000e+02,
5.599437255859375000e+02,
5.596345825195312500e+02,
5.567507934570312500e+02,
5.569701538085937500e+02,
5.482886352539062500e+02,
5.587163696289062500e+02,
5.546884155273437500e+02,
5.601638793945312500e+02,
5.673177490234375000e+02,
5.589886474609375000e+02,
5.622681884765625000e+02,
5.754561157226562500e+02,
5.853372802734375000e+02,
5.780390014648437500e+02,
5.796827392578125000e+02,
5.714890136718750000e+02,
5.592440185546875000e+02,
5.533450927734375000e+02,
6.232124023437500000e+02,
6.924484863281250000e+02,
7.532528076171875000e+02,
7.832224121093750000e+02,
7.973700561523437500e+02,
7.493820190429687500e+02,
6.773133544921875000e+02,
6.065133056640625000e+02,
5.968129272460937500e+02,
5.913359375000000000e+02,
5.985913696289062500e+02,
6.266759033203125000e+02,
6.284676513671875000e+02,
6.394108886718750000e+02,
6.421271362304687500e+02,
6.434585571289062500e+02,
6.178788452148437500e+02,
5.921195678710937500e+02,
5.806285400390625000e+02,
5.678209838867187500e+02,
5.594449462890625000e+02,
5.630461425781250000e+02,
5.576579589843750000e+02,
5.448184204101562500e+02,
5.288106689453125000e+02,
5.245323486328125000e+02,
5.287891845703125000e+02,
5.302576904296875000e+02,
5.310625610351562500e+02,
5.239893188476562500e+02,
5.310208129882812500e+02,
5.306569824218750000e+02,
5.269913330078125000e+02,
5.278056030273437500e+02,
5.382990112304687500e+02,
5.273469848632812500e+02,
5.232792358398437500e+02,
5.284411621093750000e+02,
5.213419189453125000e+02,
5.068097534179687500e+02,
5.009300842285156250e+02,
4.941493225097656250e+02,
4.932333374023437500e+02,
5.071661682128906250e+02,
5.246777954101562500e+02,
5.329503784179687500e+02,
5.422930297851562500e+02,
5.453262329101562500e+02,
5.423557128906250000e+02,
5.366506347656250000e+02,
5.433915405273437500e+02,
5.427536010742187500e+02,
5.546117553710937500e+02,
5.637999877929687500e+02,
5.784185791015625000e+02,
5.899509277343750000e+02,
5.843794555664062500e+02,
5.923730468750000000e+02,
5.866608886718750000e+02,
5.810733032226562500e+02,
5.832631225585937500e+02,
5.843930053710937500e+02,
5.767639770507812500e+02,
5.801447143554687500e+02,
5.772471923828125000e+02,
5.797143554687500000e+02,
5.852217407226562500e+02,
5.872405395507812500e+02,
5.747357177734375000e+02,
5.668261108398437500e+02,
5.556151123046875000e+02,
5.520641479492187500e+02,
5.560966796875000000e+02,
5.638231201171875000e+02,
5.814909667968750000e+02,
5.856760253906250000e+02,
5.913558959960937500e+02,
5.896285400390625000e+02,
5.887893676757812500e+02,
5.822140502929687500e+02,
5.688563232421875000e+02,
5.616500854492187500e+02,
5.640272827148437500e+02,
5.656732177734375000e+02,
5.619743652343750000e+02,
5.602574462890625000e+02,
5.553103027343750000e+02,
5.545848999023437500e+02,
5.547192382812500000e+02,
5.538254394531250000e+02,
5.570380859375000000e+02,
5.639896850585937500e+02,
5.671957397460937500e+02,
5.675207519531250000e+02,
5.673325805664062500e+02,
5.635357666015625000e+02,
5.583404541015625000e+02,
5.536030273437500000e+02,
5.463626708984375000e+02,
5.350087280273437500e+02,
5.321209716796875000e+02,
5.321752319335937500e+02,
5.376595458984375000e+02,
5.305300903320312500e+02,
5.273894653320312500e+02,
5.173982543945312500e+02,
5.099326477050781250e+02,
4.966511535644531250e+02,
4.906998901367187500e+02,
4.831122131347656250e+02,
4.808593750000000000e+02,
4.791197814941406250e+02,
4.792424926757812500e+02,
4.855611572265625000e+02,
4.905998229980468750e+02,
4.952480773925781250e+02,
5.002344055175781250e+02,
5.011933593750000000e+02,
5.032596740722656250e+02,
5.047886657714843750e+02,
5.005250854492187500e+02,
4.958841247558593750e+02,
4.835651245117187500e+02,
4.758278808593750000e+02,
4.680283203125000000e+02,
4.697027282714843750e+02,
4.696188964843750000e+02,
4.715951843261718750e+02,
4.730558471679687500e+02,
4.805158081054687500e+02,
4.831575927734375000e+02,
4.854645385742187500e+02,
4.917910156250000000e+02,
4.981205749511718750e+02,
5.027600402832031250e+02,
5.047076110839843750e+02,
5.087323608398437500e+02,
5.144912719726562500e+02,
5.064476623535156250e+02,
5.086746215820312500e+02,
5.188026123046875000e+02,
5.298333740234375000e+02,
5.373831787109375000e+02,
5.478296508789062500e+02,
5.572135620117187500e+02,
5.606775512695312500e+02,
5.582957153320312500e+02,
5.549708251953125000e+02,
5.547128295898437500e+02,
5.509298095703125000e+02,
5.556398925781250000e+02,
5.570952758789062500e+02,
5.542508544921875000e+02,
5.544663696289062500e+02,
5.476489868164062500e+02,
5.501584472656250000e+02,
5.527000122070312500e+02,
5.510510253906250000e+02,
5.497753295898437500e+02,
5.572171020507812500e+02,
5.614512939453125000e+02,
5.711223754882812500e+02,
5.943845825195312500e+02,
6.245689086914062500e+02,
7.111183471679687500e+02,
8.201590576171875000e+02,
9.004083251953125000e+02,
9.503261718750000000e+02,
9.859859619140625000e+02,
1.013763366699218750e+03,
1.011433654785156250e+03,
1.049609863281250000e+03,
1.115150268554687500e+03,
1.193763061523437500e+03,
1.272113403320312500e+03,
1.323309448242187500e+03,
1.374290649414062500e+03,
1.416585815429687500e+03,
5.289766845703125000e+02,
5.362029418945312500e+02,
5.432598266601562500e+02,
5.494710083007812500e+02,
5.293845825195312500e+02,
5.421912231445312500e+02,
5.457156982421875000e+02,
5.429601440429687500e+02,
5.081894226074218750e+02,
4.562891845703125000e+02,
4.210043029785156250e+02,
3.949892272949218750e+02,
3.858910827636718750e+02,
3.903796386718750000e+02,
3.962189025878906250e+02,
3.876761779785156250e+02,
3.855385131835937500e+02,
3.947936706542968750e+02,
4.017749023437500000e+02,
3.942738342285156250e+02,
3.840252380371093750e+02,
3.748949279785156250e+02,
3.645828247070312500e+02,
3.607177734375000000e+02,
3.397010803222656250e+02,
3.270758972167968750e+02,
3.159931030273437500e+02,
3.194138488769531250e+02,
3.283937377929687500e+02,
3.325648803710937500e+02,
3.230814819335937500e+02,
3.151294555664062500e+02,
3.003356323242187500e+02,
2.996946411132812500e+02,
2.990095825195312500e+02,
2.959157409667968750e+02,
3.083208618164062500e+02,
3.145400390625000000e+02,
3.080158691406250000e+02,
3.072398376464843750e+02,
3.114061584472656250e+02,
3.074460144042968750e+02,
3.052277832031250000e+02,
3.028425598144531250e+02,
2.979675903320312500e+02,
2.985331420898437500e+02,
2.931748657226562500e+02,
2.816408996582031250e+02,
2.719680786132812500e+02,
2.708028259277343750e+02,
2.677504882812500000e+02,
2.704277954101562500e+02,
2.682259216308593750e+02,
2.623964843750000000e+02,
2.573758850097656250e+02,
2.472726287841796875e+02,
2.431166992187500000e+02,
2.439816741943359375e+02,
2.441889343261718750e+02,
2.446946258544921875e+02,
2.445252532958984375e+02,
2.921708679199218750e+02,
6.494991455078125000e+02,
1.100442871093750000e+03,
1.200774780273437500e+03,
1.188771728515625000e+03,
1.098438598632812500e+03,
9.618490600585937500e+02,
5.129011840820312500e+02,
5.182516479492187500e+02,
5.232210083007812500e+02,
5.267098999023437500e+02,
5.374476928710937500e+02,
5.505892944335937500e+02,
5.434678955078125000e+02,
5.411118774414062500e+02,
5.481060791015625000e+02,
5.473568115234375000e+02,
5.527554321289062500e+02,
5.591149902343750000e+02,
5.653044433593750000e+02,
5.679020385742187500e+02,
5.676546020507812500e+02,
5.599816894531250000e+02,
5.704447021484375000e+02,
5.736424560546875000e+02,
5.846318969726562500e+02,
5.876275634765625000e+02,
5.680080566406250000e+02,
5.557798461914062500e+02,
5.449519653320312500e+02,
5.351661987304687500e+02,
5.204832153320312500e+02,
5.187690429687500000e+02,
5.180302124023437500e+02,
5.279558105468750000e+02,
5.416243896484375000e+02,
5.590913085937500000e+02,
5.751837158203125000e+02,
5.910087890625000000e+02,
6.186632690429687500e+02,
6.226248779296875000e+02,
6.285960693359375000e+02,
6.316986083984375000e+02,
6.308364868164062500e+02,
6.374298706054687500e+02,
6.199342041015625000e+02,
6.205329589843750000e+02,
6.100646972656250000e+02,
5.966187744140625000e+02,
5.692092895507812500e+02,
5.710215454101562500e+02,
5.876722412109375000e+02,
5.970667724609375000e+02,
5.911552124023437500e+02,
5.983477172851562500e+02,
5.970610351562500000e+02,
6.019414062500000000e+02,
6.118352661132812500e+02,
6.130850219726562500e+02,
6.092337036132812500e+02,
6.223294677734375000e+02,
6.151041259765625000e+02,
6.153962402343750000e+02,
6.177188720703125000e+02,
6.330914306640625000e+02,
7.155889892578125000e+02,
7.844769897460937500e+02,
7.951802368164062500e+02,
8.237965698242187500e+02,
7.836281738281250000e+02,
6.907836303710937500e+02,
6.532406005859375000e+02,
6.617426147460937500e+02,
6.770291748046875000e+02,
6.762263793945312500e+02,
6.667025146484375000e+02,
6.507153320312500000e+02,
6.253916015625000000e+02,
6.102106933593750000e+02,
5.927302246093750000e+02,
5.805416870117187500e+02,
5.655509033203125000e+02,
5.644129638671875000e+02,
5.575394897460937500e+02,
5.487091674804687500e+02,
5.593985595703125000e+02,
5.583681640625000000e+02,
5.498237915039062500e+02,
5.508047485351562500e+02,
5.356748046875000000e+02,
5.319605712890625000e+02,
5.246238403320312500e+02,
5.142483520507812500e+02,
5.182420654296875000e+02,
5.396885375976562500e+02,
5.521174926757812500e+02,
5.592406005859375000e+02,
5.640839233398437500e+02,
5.671670532226562500e+02,
5.779969482421875000e+02,
5.931323242187500000e+02,
6.168422851562500000e+02,
6.437858886718750000e+02,
6.435809326171875000e+02,
6.347064208984375000e+02,
6.303884887695312500e+02,
6.327185058593750000e+02,
6.284019165039062500e+02,
6.240555419921875000e+02,
6.340377807617187500e+02,
6.121649169921875000e+02,
5.937198486328125000e+02,
5.876409301757812500e+02,
5.931469726562500000e+02,
6.016353759765625000e+02,
6.130515136718750000e+02,
6.146300659179687500e+02,
6.086514892578125000e+02,
6.000669555664062500e+02,
5.856466674804687500e+02,
5.833445434570312500e+02,
5.849201049804687500e+02,
5.748859252929687500e+02,
5.770018310546875000e+02,
5.821237792968750000e+02,
5.853649902343750000e+02,
5.864968261718750000e+02,
5.864564819335937500e+02,
5.919911499023437500e+02,
5.877754516601562500e+02,
5.688516235351562500e+02,
5.613618774414062500e+02,
5.547030639648437500e+02,
5.441278686523437500e+02,
5.360657958984375000e+02,
5.305795898437500000e+02,
5.204190063476562500e+02,
5.020656738281250000e+02,
4.990301208496093750e+02,
4.918120117187500000e+02,
4.988881530761718750e+02,
5.033170166015625000e+02,
5.133513183593750000e+02,
5.177338867187500000e+02,
5.156611938476562500e+02,
5.133148803710937500e+02,
5.021844482421875000e+02,
4.910147094726562500e+02,
4.819378662109375000e+02,
4.768289184570312500e+02,
4.827308959960937500e+02,
4.887915954589843750e+02,
4.989159545898437500e+02,
5.103425292968750000e+02,
5.200090332031250000e+02,
5.246173706054687500e+02,
5.241991577148437500e+02,
5.329371337890625000e+02,
5.440186157226562500e+02,
5.554815673828125000e+02,
5.682648925781250000e+02,
5.862901611328125000e+02,
5.915239257812500000e+02,
5.921581420898437500e+02,
5.915714111328125000e+02,
5.881879882812500000e+02,
5.928052368164062500e+02,
5.909935302734375000e+02,
5.850020751953125000e+02,
5.806572265625000000e+02,
5.976228027343750000e+02,
5.922512817382812500e+02,
6.101369628906250000e+02,
6.403387451171875000e+02,
7.918774414062500000e+02,
9.167765502929687500e+02,
9.917167358398437500e+02,
1.042398437500000000e+03,
1.104586059570312500e+03,
1.169142211914062500e+03,
1.227624755859375000e+03,
1.282741210937500000e+03,
1.406290527343750000e+03,
