1.142357666015625000e+03,
1.125729248046875000e+03,
1.104811401367187500e+03,
1.078663452148437500e+03,
1.050091186523437500e+03,
1.036741210937500000e+03,
1.040210693359375000e+03,
1.050048461914062500e+03,
1.048783935546875000e+03,
1.025389404296875000e+03,
1.010225097656250000e+03,
9.908615112304687500e+02,
9.649482421875000000e+02,
9.369779663085937500e+02,
9.212897338867187500e+02,
9.030661010742187500e+02,
8.695334472656250000e+02,
8.393424072265625000e+02,
8.223227539062500000e+02,
7.909415893554687500e+02,
7.674560546875000000e+02,
7.435279541015625000e+02,
7.022494506835937500e+02,
6.638288574218750000e+02,
6.326791992187500000e+02,
6.130629272460937500e+02,
5.923487548828125000e+02,
5.770386352539062500e+02,
5.606253662109375000e+02,
5.381843872070312500e+02,
5.292479248046875000e+02,
5.190791625976562500e+02,
5.101248779296875000e+02,
5.074197387695312500e+02,
5.054290771484375000e+02,
4.983247070312500000e+02,
4.953389282226562500e+02,
4.924059753417968750e+02,
4.914685974121093750e+02,
4.955371093750000000e+02,
5.116379699707031250e+02,
5.163423461914062500e+02,
5.294478149414062500e+02,
5.338578491210937500e+02,
5.201408691406250000e+02,
5.034927673339843750e+02,
4.926714172363281250e+02,
4.859956665039062500e+02,
4.883137207031250000e+02,
4.867230224609375000e+02,
4.798700866699218750e+02,
4.671955566406250000e+02,
4.644482421875000000e+02,
4.574341125488281250e+02,
4.526506042480468750e+02,
4.413892517089843750e+02,
4.186593322753906250e+02,
3.987720947265625000e+02,
3.959338684082031250e+02,
3.919424438476562500e+02,
3.894643859863281250e+02,
3.930246887207031250e+02,
3.851462707519531250e+02,
3.808508300781250000e+02,
3.738304443359375000e+02,
3.749947509765625000e+02,
3.709054565429687500e+02,
3.667330017089843750e+02,
3.754625549316406250e+02,
4.109075012207031250e+02,
4.470518798828125000e+02,
4.555832214355468750e+02,
4.470115966796875000e+02,
4.193565979003906250e+02,
3.982088928222656250e+02,
3.554543151855468750e+02,
3.542010192871093750e+02,
3.550051574707031250e+02,
3.525289611816406250e+02,
3.617624816894531250e+02,
3.641086120605468750e+02,
3.675710754394531250e+02,
3.878312072753906250e+02,
4.092485656738281250e+02,
3.928152770996093750e+02,
4.006862487792968750e+02,
4.022676086425781250e+02,
3.914909973144531250e+02,
3.956204528808593750e+02,
3.923231811523437500e+02,
3.922336120605468750e+02,
3.847408142089843750e+02,
3.776034851074218750e+02,
3.531558227539062500e+02,
3.465324707031250000e+02,
3.423048095703125000e+02,
3.790237426757812500e+02,
4.113046875000000000e+02,
4.384376525878906250e+02,
4.508342895507812500e+02,
4.560292358398437500e+02,
4.480600891113281250e+02,
3.848359069824218750e+02,
3.711408386230468750e+02,
3.747106018066406250e+02,
3.753324584960937500e+02,
3.668644104003906250e+02,
3.756889038085937500e+02,
3.823225402832031250e+02,
3.899751586914062500e+02,
4.053893127441406250e+02,
4.138458557128906250e+02,
4.260661621093750000e+02,
4.338591613769531250e+02,
4.396686096191406250e+02,
4.638138732910156250e+02,
4.758386230468750000e+02,
5.015256347656250000e+02,
5.098906860351562500e+02,
5.132405395507812500e+02,
5.238823852539062500e+02,
5.286744384765625000e+02,
5.487277832031250000e+02,
5.479786987304687500e+02,
5.529799194335937500e+02,
5.478125000000000000e+02,
5.538590698242187500e+02,
5.140697631835937500e+02,
4.863786621093750000e+02,
4.939379272460937500e+02,
5.171398925781250000e+02,
5.646295166015625000e+02,
6.062388916015625000e+02,
6.377386474609375000e+02,
6.709017333984375000e+02,
6.914611206054687500e+02,
6.858669433593750000e+02,
6.484066772460937500e+02,
6.101342773437500000e+02,
5.941870727539062500e+02,
5.852006225585937500e+02,
5.847077026367187500e+02,
5.624675903320312500e+02,
5.533569946289062500e+02,
5.722182006835937500e+02,
5.951935424804687500e+02,
5.982394409179687500e+02,
5.855404052734375000e+02,
5.482882080078125000e+02,
4.637672729492187500e+02,
4.265477294921875000e+02,
4.083283081054687500e+02,
4.005461425781250000e+02,
3.939627380371093750e+02,
3.864104309082031250e+02,
3.831490783691406250e+02,
3.977106323242187500e+02,
4.136336364746093750e+02,
4.215711364746093750e+02,
4.250573730468750000e+02,
4.364465942382812500e+02,
4.297254943847656250e+02,
4.318229675292968750e+02,
4.328662414550781250e+02,
4.352318115234375000e+02,
4.317217102050781250e+02,
4.324020080566406250e+02,
4.339190063476562500e+02,
4.378357849121093750e+02,
4.444408569335937500e+02,
4.490758666992187500e+02,
4.392170410156250000e+02,
4.329529113769531250e+02,
4.265434875488281250e+02,
4.148742675781250000e+02,
4.096222229003906250e+02,
4.101020507812500000e+02,
4.142678527832031250e+02,
4.190361022949218750e+02,
1.211646606445312500e+03,
1.228958862304687500e+03,
1.211558715820312500e+03,
1.175089477539062500e+03,
1.120443481445312500e+03,
1.062476196289062500e+03,
1.013162109375000000e+03,
9.734968872070312500e+02,
9.217108154296875000e+02,
8.458934936523437500e+02,
7.839655151367187500e+02,
7.128640747070312500e+02,
6.612522583007812500e+02,
6.289047851562500000e+02,
6.046039428710937500e+02,
5.846949462890625000e+02,
5.694406738281250000e+02,
5.752368164062500000e+02,
5.814514160156250000e+02,
6.022878417968750000e+02,
6.064021606445312500e+02,
6.073804931640625000e+02,
5.950630493164062500e+02,
5.756267089843750000e+02,
5.647607421875000000e+02,
5.447680053710937500e+02,
5.016548767089843750e+02,
4.882648315429687500e+02,
4.620610351562500000e+02,
4.299672851562500000e+02,
4.217497558593750000e+02,
4.236791381835937500e+02,
4.308975524902343750e+02,
4.537696533203125000e+02,
4.492902832031250000e+02,
4.490227050781250000e+02,
4.399162292480468750e+02,
4.214676818847656250e+02,
3.960390930175781250e+02,
4.100019836425781250e+02,
4.212794494628906250e+02,
4.352899169921875000e+02,
4.221397705078125000e+02,
4.130812377929687500e+02,
4.009180603027343750e+02,
3.925492248535156250e+02,
4.228061523437500000e+02,
4.521037902832031250e+02,
4.639177551269531250e+02,
4.693291320800781250e+02,
4.748509216308593750e+02,
4.081462402343750000e+02,
4.179181518554687500e+02,
4.286930236816406250e+02,
4.504439392089843750e+02,
4.790848388671875000e+02,
5.232804565429687500e+02,
5.343097534179687500e+02,
5.705770874023437500e+02,
5.920679931640625000e+02,
5.874961547851562500e+02,
5.810761108398437500e+02,
5.821987304687500000e+02,
6.347921142578125000e+02,
6.448274536132812500e+02,
6.668839111328125000e+02,
6.884118652343750000e+02,
7.034666748046875000e+02,
7.225092163085937500e+02,
6.772228393554687500e+02,
6.908505249023437500e+02,
6.700064086914062500e+02,
5.735012207031250000e+02,
5.439885864257812500e+02,
5.011869506835937500e+02,
4.527479858398437500e+02,
4.452180480957031250e+02,
4.693487243652343750e+02,
4.825996704101562500e+02,
4.919829101562500000e+02,
5.072033081054687500e+02,
5.090328979492187500e+02,
5.308154296875000000e+02,
5.304064941406250000e+02,
5.146437988281250000e+02,
5.026829833984375000e+02,
4.916554870605468750e+02,
1.269962646484375000e+03,
1.255666259765625000e+03,
1.236298339843750000e+03,
1.188587890625000000e+03,
1.048567626953125000e+03,
9.597990722656250000e+02,
8.473416137695312500e+02,
7.530933227539062500e+02,
7.048648681640625000e+02,
6.609208374023437500e+02,
6.481246337890625000e+02,
6.575781860351562500e+02,
6.670930786132812500e+02,
6.651627197265625000e+02,
6.808300170898437500e+02,
6.469263916015625000e+02,
6.009210815429687500e+02,
5.574979858398437500e+02,
5.251806640625000000e+02,
4.768629150390625000e+02,
5.080211486816406250e+02,
5.011774902343750000e+02,
4.920978393554687500e+02,
4.850155334472656250e+02,
4.762798767089843750e+02,
4.516587219238281250e+02,
4.684498291015625000e+02,
4.623241271972656250e+02,
4.456802978515625000e+02,
4.510530090332031250e+02,
4.733790588378906250e+02,
4.865603942871093750e+02,
4.909344482421875000e+02,
4.935671081542968750e+02,
4.684245300292968750e+02,
4.843577575683593750e+02,
5.270456542968750000e+02,
5.601494140625000000e+02,
5.914208374023437500e+02,
6.112652587890625000e+02,
6.384376831054687500e+02,
6.837972412109375000e+02,
7.328204345703125000e+02,
7.283653564453125000e+02,
7.278320312500000000e+02,
7.663068847656250000e+02,
7.226749877929687500e+02,
6.889873657226562500e+02,
6.261807861328125000e+02,
6.069508056640625000e+02,
5.509126586914062500e+02,
5.506893310546875000e+02,
5.578413696289062500e+02,
5.894356689453125000e+02,
5.913220825195312500e+02,
5.731519165039062500e+02,
5.648936767578125000e+02,
