2.366336212158203125e+02,
2.296013946533203125e+02,
2.212008056640625000e+02,
2.107565155029296875e+02,
1.929363708496093750e+02,
1.903106384277343750e+02,
1.910127410888671875e+02,
1.949105072021484375e+02,
2.020944671630859375e+02,
2.107425842285156250e+02,
2.153815307617187500e+02,
2.178037872314453125e+02,
2.208240661621093750e+02,
2.241483764648437500e+02,
2.255948181152343750e+02,
2.238999328613281250e+02,
2.173389434814453125e+02,
2.113149719238281250e+02,
2.086385498046875000e+02,
2.032810058593750000e+02,
1.969166107177734375e+02,
1.922545166015625000e+02,
1.860200805664062500e+02,
1.841647949218750000e+02,
1.804238128662109375e+02,
1.841286010742187500e+02,
1.889288635253906250e+02,
1.956859436035156250e+02,
1.993341979980468750e+02,
2.069606628417968750e+02,
2.075660858154296875e+02,
2.088913116455078125e+02,
2.097038116455078125e+02,
2.095768890380859375e+02,
2.065896759033203125e+02,
2.118118743896484375e+02,
2.189169464111328125e+02,
2.382731170654296875e+02,
2.548729858398437500e+02,
2.750468139648437500e+02,
2.924662170410156250e+02,
3.111295471191406250e+02,
3.182053222656250000e+02,
3.223015136718750000e+02,
3.283740539550781250e+02,
3.242777099609375000e+02,
3.218156433105468750e+02,
3.167878417968750000e+02,
3.045330505371093750e+02,
2.951944580078125000e+02,
2.895341491699218750e+02,
2.865755920410156250e+02,
2.799152832031250000e+02,
2.762456970214843750e+02,
2.726530761718750000e+02,
2.660552978515625000e+02,
2.634656066894531250e+02,
2.539542083740234375e+02,
2.434226379394531250e+02,
2.373829345703125000e+02,
2.260521697998046875e+02,
2.167083587646484375e+02,
2.078224792480468750e+02,
2.023335876464843750e+02,
1.954554595947265625e+02,
1.921917419433593750e+02,
1.887420349121093750e+02,
1.847556610107421875e+02,
1.797780914306640625e+02,
1.779828338623046875e+02,
1.754395294189453125e+02,
1.711733245849609375e+02,
1.686473541259765625e+02,
1.673036956787109375e+02,
1.669242401123046875e+02,
1.644047698974609375e+02,
1.682381134033203125e+02,
1.687830810546875000e+02,
1.696004943847656250e+02,
1.691708526611328125e+02,
1.654950561523437500e+02,
1.624815673828125000e+02,
1.620412597656250000e+02,
1.596930847167968750e+02,
1.588724212646484375e+02,
1.595717010498046875e+02,
1.582518157958984375e+02,
1.589094085693359375e+02,
1.585490264892578125e+02,
1.587416534423828125e+02,
1.605537872314453125e+02,
1.615157623291015625e+02,
1.620177154541015625e+02,
1.605439300537109375e+02,
1.612318420410156250e+02,
1.601940460205078125e+02,
1.583408355712890625e+02,
1.579692077636718750e+02,
1.591126861572265625e+02,
1.595833435058593750e+02,
1.571133575439453125e+02,
1.565278930664062500e+02,
1.567575836181640625e+02,
1.579265899658203125e+02,
1.585935363769531250e+02,
1.584156188964843750e+02,
1.583146667480468750e+02,
1.600915374755859375e+02,
1.588016967773437500e+02,
1.595638275146484375e+02,
1.576452636718750000e+02,
1.557123718261718750e+02,
1.573005828857421875e+02,
1.587679595947265625e+02,
1.617351074218750000e+02,
1.625951843261718750e+02,
1.605039672851562500e+02,
1.608637695312500000e+02,
1.598884735107421875e+02,
1.600785675048828125e+02,
1.593251800537109375e+02,
1.620056457519531250e+02,
1.653644104003906250e+02,
1.723975219726562500e+02,
1.810151977539062500e+02,
1.860160064697265625e+02,
1.914119262695312500e+02,
1.939245605468750000e+02,
1.954549102783203125e+02,
1.949844970703125000e+02,
1.960999450683593750e+02,
1.958778381347656250e+02,
1.949276580810546875e+02,
1.925904998779296875e+02,
1.917619628906250000e+02,
1.920851745605468750e+02,
2.003632965087890625e+02,
2.081757965087890625e+02,
2.110874328613281250e+02,
2.181652832031250000e+02,
2.218798522949218750e+02,
2.235728607177734375e+02,
2.276442718505859375e+02,
2.299276885986328125e+02,
2.263522796630859375e+02,
2.220766754150390625e+02,
2.195124359130859375e+02,
2.214694976806640625e+02,
2.242827148437500000e+02,
2.291501312255859375e+02,
2.332283782958984375e+02,
2.348589172363281250e+02,
2.271990661621093750e+02,
2.232704315185546875e+02,
2.215731658935546875e+02,
2.165485382080078125e+02,
2.185547332763671875e+02,
2.286037750244140625e+02,
2.325012664794921875e+02,
2.325045471191406250e+02,
2.306676940917968750e+02,
2.273392791748046875e+02,
2.217975769042968750e+02,
2.218404541015625000e+02,
2.213535461425781250e+02,
2.195302734375000000e+02,
2.188946075439453125e+02,
2.143499145507812500e+02,
2.121704254150390625e+02,
2.116832122802734375e+02,
2.074338378906250000e+02,
2.015784454345703125e+02,
2.005740203857421875e+02,
2.022564086914062500e+02,
2.010701446533203125e+02,
1.998754882812500000e+02,
1.974997558593750000e+02,
1.937006683349609375e+02,
1.897656250000000000e+02,
1.897837524414062500e+02,
1.961260681152343750e+02,
2.009724273681640625e+02,
2.076927032470703125e+02,
2.102086944580078125e+02,
2.099176177978515625e+02,
2.101058044433593750e+02,
2.103126678466796875e+02,
2.072953948974609375e+02,
2.016095275878906250e+02,
1.973428192138671875e+02,
1.943040771484375000e+02,
1.927086791992187500e+02,
1.921359252929687500e+02,
1.888450927734375000e+02,
1.871219329833984375e+02,
1.877872619628906250e+02,
1.880855407714843750e+02,
1.881761016845703125e+02,
1.866080780029296875e+02,
1.844655456542968750e+02,
1.813434600830078125e+02,
1.772130737304687500e+02,
1.752408447265625000e+02,
1.776069793701171875e+02,
1.794017791748046875e+02,
1.796212463378906250e+02,
1.780587005615234375e+02,
1.789884643554687500e+02,
1.811383056640625000e+02,
1.828690185546875000e+02,
1.890000000000000000e+02,
1.883350067138671875e+02,
1.893526611328125000e+02,
1.845744781494140625e+02,
1.849299316406250000e+02,
1.800378112792968750e+02,
1.790659484863281250e+02,
1.770259399414062500e+02,
1.780866394042968750e+02,
1.819765472412109375e+02,
1.846431884765625000e+02,
1.863618316650390625e+02,
1.892707519531250000e+02,
1.875522308349609375e+02,
1.854718322753906250e+02,
1.886174621582031250e+02,
1.938446044921875000e+02,
1.963594970703125000e+02,
1.947215881347656250e+02,
1.974080810546875000e+02,
1.930555267333984375e+02,
1.935717010498046875e+02,
1.929641876220703125e+02,
1.971970214843750000e+02,
1.991040039062500000e+02,
2.025805664062500000e+02,
2.096022033691406250e+02,
2.138296051025390625e+02,
2.191881256103515625e+02,
2.174629211425781250e+02,
2.156383361816406250e+02,
2.150486755371093750e+02,
2.126525115966796875e+02,
2.120406494140625000e+02,
2.111033172607421875e+02,
2.128072357177734375e+02,
2.110124664306640625e+02,
2.164705352783203125e+02,
2.230382537841796875e+02,
2.247636718750000000e+02,
2.287856750488281250e+02,
2.350282287597656250e+02,
2.361206054687500000e+02,
2.360109710693359375e+02,
2.327894592285156250e+02,
2.261094970703125000e+02,
2.277192687988281250e+02,
2.325952453613281250e+02,
2.350194396972656250e+02,
2.368236083984375000e+02,
2.371238250732421875e+02,
2.338569488525390625e+02,
2.332335357666015625e+02,
2.296304779052734375e+02,
2.252166290283203125e+02,
2.200415191650390625e+02,
2.101510009765625000e+02,
2.042484436035156250e+02,
2.003317718505859375e+02,
1.994373626708984375e+02,
1.942427215576171875e+02,
1.870858917236328125e+02,
1.815221252441406250e+02,
1.789951782226562500e+02,
1.770901947021484375e+02,
1.786652526855468750e+02,
1.803045196533203125e+02,
1.820221252441406250e+02,
1.812660064697265625e+02,
1.796491241455078125e+02,
1.831071319580078125e+02,
1.876704101562500000e+02,
1.832766723632812500e+02,
1.775263824462890625e+02,
1.708614501953125000e+02,
1.678462066650390625e+02,
1.668507385253906250e+02,
1.696844482421875000e+02,
1.777403717041015625e+02,
1.804762115478515625e+02,
1.831510314941406250e+02,
1.866014251708984375e+02,
1.828909606933593750e+02,
1.852452392578125000e+02,
1.874256896972656250e+02,
1.900715484619140625e+02,
1.872382354736328125e+02,
1.862555541992187500e+02,
1.810172729492187500e+02,
1.782429199218750000e+02,
1.762009735107421875e+02,
1.771588745117187500e+02,
1.762960205078125000e+02,
1.746842041015625000e+02,
1.726593170166015625e+02,
1.747190551757812500e+02,
1.747227783203125000e+02,
1.741356353759765625e+02,
1.784885559082031250e+02,
1.835308074951171875e+02,
1.923026275634765625e+02,
1.968164825439453125e+02,
2.000814666748046875e+02,
1.972704162597656250e+02,
2.036666717529296875e+02,
2.070882873535156250e+02,
2.079575042724609375e+02,
2.091539764404296875e+02,
2.082502593994140625e+02,
2.053940429687500000e+02,
2.016740417480468750e+02,
1.998154449462890625e+02,
1.986057586669921875e+02,
1.960342864990234375e+02,
1.928850250244140625e+02,
1.916721496582031250e+02,
1.884513854980468750e+02,
1.833478088378906250e+02,
1.781474456787109375e+02,
1.745455322265625000e+02,
1.733918762207031250e+02,
1.675063629150390625e+02,
1.635990142822265625e+02,
1.660479583740234375e+02,
1.704699401855468750e+02,
1.732604522705078125e+02,
1.759744110107421875e+02,
1.790707855224609375e+02,
1.862585754394531250e+02,
1.944402923583984375e+02,
2.058018646240234375e+02,
2.142675476074218750e+02,
2.191484527587890625e+02,
2.225506591796875000e+02,
2.189011077880859375e+02,
2.182322082519531250e+02,
2.126579742431640625e+02,
2.067834014892578125e+02,
2.032133789062500000e+02,
1.983858489990234375e+02,
1.967494812011718750e+02,
1.996520080566406250e+02,
2.101802062988281250e+02,
2.204320831298828125e+02,
2.302755279541015625e+02,
2.339357147216796875e+02,
2.288339996337890625e+02,
2.267183685302734375e+02,
2.242962493896484375e+02,
2.214265441894531250e+02,
2.172077026367187500e+02,
2.118094940185546875e+02,
2.054881439208984375e+02,
2.016336669921875000e+02,
1.948060913085937500e+02,
1.940573425292968750e+02,
1.907375640869140625e+02,
1.876647949218750000e+02,
1.833559570312500000e+02,
1.833735046386718750e+02,
1.795549468994140625e+02,
1.774872894287109375e+02,
1.781187133789062500e+02,
1.766649932861328125e+02,
1.751360931396484375e+02,
1.723319549560546875e+02,
1.695339202880859375e+02,
1.702815399169921875e+02,
1.693463897705078125e+02,
1.691739959716796875e+02,
1.689436645507812500e+02,
1.694376678466796875e+02,
1.713067321777343750e+02,
1.712494506835937500e+02,
1.734075317382812500e+02,
1.746860351562500000e+02,
1.756255340576171875e+02,
1.777839508056640625e+02,
1.799191284179687500e+02,
1.794985351562500000e+02,
1.785502166748046875e+02,
1.793626251220703125e+02,
1.814061126708984375e+02,
1.823977355957031250e+02,
1.847278289794921875e+02,
1.846433868408203125e+02,
1.868930511474609375e+02,
1.892071380615234375e+02,
1.884428863525390625e+02,
1.884013366699218750e+02,
1.872285766601562500e+02,
1.842990417480468750e+02,
1.825497589111328125e+02,
1.798880462646484375e+02,
1.793079833984375000e+02,
1.773019409179687500e+02,
1.803092956542968750e+02,
1.797011108398437500e+02,
1.789687652587890625e+02,
1.807707672119140625e+02,
1.801594543457031250e+02,
1.808696899414062500e+02,
1.853019104003906250e+02,
1.889069366455078125e+02,
1.916666107177734375e+02,
1.974819946289062500e+02,
1.990601348876953125e+02,
2.032194366455078125e+02,
1.990294189453125000e+02,
1.987255706787109375e+02,
1.988177795410156250e+02,
1.997299194335937500e+02,
2.034543304443359375e+02,
2.054301300048828125e+02,
2.027746429443359375e+02,
2.070385131835937500e+02,
2.056832275390625000e+02,
2.053979797363281250e+02,
2.030412292480468750e+02,
1.986365356445312500e+02,
2.023976440429687500e+02,
2.024235687255859375e+02,
2.070023193359375000e+02,
2.077821807861328125e+02,
2.070281372070312500e+02,
2.178972320556640625e+02,
2.191346740722656250e+02,
2.189988250732421875e+02,
2.172390899658203125e+02,
2.219367523193359375e+02,
2.236937408447265625e+02,
2.254766998291015625e+02,
2.242599945068359375e+02,
2.194316864013671875e+02,
2.174353790283203125e+02,
2.139345092773437500e+02,
2.077486572265625000e+02,
2.038025665283203125e+02,
2.083291320800781250e+02,
2.027587890625000000e+02,
2.025858306884765625e+02,
2.055007934570312500e+02,
1.995924682617187500e+02,
1.850203094482421875e+02,
1.730916290283203125e+02,
1.727626342773437500e+02,
1.760864868164062500e+02,
1.853027801513671875e+02,
1.921242675781250000e+02,
1.944541168212890625e+02,
1.946890869140625000e+02,
1.941082916259765625e+02,
1.921195983886718750e+02,
1.878372802734375000e+02,
1.851177215576171875e+02,
1.823824615478515625e+02,
1.772844238281250000e+02,
1.783344268798828125e+02,
1.829609069824218750e+02,
1.870709838867187500e+02,
1.885853271484375000e+02,
1.882209472656250000e+02,
1.924475860595703125e+02,
1.983264312744140625e+02,
2.060643615722656250e+02,
2.142459411621093750e+02,
2.277931671142578125e+02,
2.343952941894531250e+02,
2.379447021484375000e+02,
2.446743469238281250e+02,
2.413184204101562500e+02,
2.417572631835937500e+02,
2.410238647460937500e+02,
2.432820434570312500e+02,
2.499742736816406250e+02,
2.542441406250000000e+02,
2.569078063964843750e+02,
2.481029357910156250e+02,
2.417084655761718750e+02,
2.371718444824218750e+02,
2.379745941162109375e+02,
2.352297210693359375e+02,
2.358202056884765625e+02,
2.432797851562500000e+02,
2.494251708984375000e+02,
2.483403015136718750e+02,
2.472972717285156250e+02,
2.423761444091796875e+02,
2.393311614990234375e+02,
2.325734863281250000e+02,
2.280774383544921875e+02,
2.286403198242187500e+02,
2.291600646972656250e+02,
2.316803894042968750e+02,
2.319569549560546875e+02,
2.258407135009765625e+02,
2.254654388427734375e+02,
2.230596160888671875e+02,
2.240675659179687500e+02,
2.246062316894531250e+02,
2.303971862792968750e+02,
2.324538726806640625e+02,
2.338408508300781250e+02,
2.359199218750000000e+02,
2.425705718994140625e+02,
2.486497497558593750e+02,
2.596589355468750000e+02,
2.729742431640625000e+02,
2.931354675292968750e+02,
2.945571594238281250e+02,
2.931109619140625000e+02,
2.957658691406250000e+02,
2.928419189453125000e+02,
2.843979187011718750e+02,
2.818131103515625000e+02,
2.806471252441406250e+02,
2.804003906250000000e+02,
2.786092529296875000e+02,
2.756543273925781250e+02,
2.872605285644531250e+02,
2.919290771484375000e+02,
2.927124023437500000e+02,
2.980594177246093750e+02,
3.014194946289062500e+02,
3.018316040039062500e+02,
3.119224243164062500e+02,
3.212239074707031250e+02,
3.229345397949218750e+02,
3.703703613281250000e+02,
3.913056640625000000e+02,
4.008231811523437500e+02,
3.923513793945312500e+02,
3.857054748535156250e+02,
3.811485595703125000e+02,
3.788028869628906250e+02,
3.783389587402343750e+02,
3.617844238281250000e+02,
3.652185058593750000e+02,
3.697615051269531250e+02,
3.687291564941406250e+02,
3.717496337890625000e+02,
3.866105346679687500e+02,
4.014231872558593750e+02,
4.121408996582031250e+02,
4.267263488769531250e+02,
4.329117126464843750e+02,
4.351291809082031250e+02,
4.199622192382812500e+02,
3.972406616210937500e+02,
3.965466613769531250e+02,
4.009035644531250000e+02,
4.017059631347656250e+02,
4.067323608398437500e+02,
4.010080566406250000e+02,
3.853824462890625000e+02,
3.708386230468750000e+02,
3.686337280273437500e+02,
3.742781372070312500e+02,
3.878387451171875000e+02,
3.960959167480468750e+02,
4.025954589843750000e+02,
4.006510925292968750e+02,
4.478158569335937500e+02,
5.095581359863281250e+02,
5.173219604492187500e+02,
5.281547241210937500e+02,
5.220498046875000000e+02,
4.905606689453125000e+02,
4.240609741210937500e+02,
3.805650939941406250e+02,
3.741528320312500000e+02,
3.434600830078125000e+02,
3.219760742187500000e+02,
3.691952514648437500e+02,
4.186308898925781250e+02,
4.467052612304687500e+02,
4.361615295410156250e+02,
4.101859741210937500e+02,
4.420818481445312500e+02,
4.240095825195312500e+02,
3.619070434570312500e+02,
3.034049072265625000e+02,
3.011978759765625000e+02,
3.054033813476562500e+02,
2.976019592285156250e+02,
2.945622558593750000e+02,
2.987127380371093750e+02,
3.038401184082031250e+02,
3.295976257324218750e+02,
3.415315551757812500e+02,
3.457869873046875000e+02,
3.486173400878906250e+02,
3.541842346191406250e+02,
3.410910644531250000e+02,
3.582904968261718750e+02,
3.889824829101562500e+02,
3.992799072265625000e+02,
4.184668273925781250e+02,
4.375139465332031250e+02,
4.572190246582031250e+02,
4.525539245605468750e+02,
4.809577026367187500e+02,
5.100792236328125000e+02,
5.241915283203125000e+02,
5.865885009765625000e+02,
6.652373046875000000e+02,
7.048714599609375000e+02,
7.155047607421875000e+02,
7.533845214843750000e+02,
7.460783691406250000e+02,
7.249230957031250000e+02,
7.090969848632812500e+02,
6.986468505859375000e+02,
6.551620483398437500e+02,
6.080995483398437500e+02,
5.607042846679687500e+02,
4.983946838378906250e+02,
4.558446960449218750e+02,
4.358705139160156250e+02,
4.128525085449218750e+02,
3.929238586425781250e+02,
3.925905151367187500e+02,
3.938282470703125000e+02,
3.876972351074218750e+02,
3.794703979492187500e+02,
3.680821228027343750e+02,
3.537715759277343750e+02,
3.290744934082031250e+02,
3.076564025878906250e+02,
2.958784179687500000e+02,
2.930716247558593750e+02,
2.960205078125000000e+02,
2.911054992675781250e+02,
2.977517700195312500e+02,
3.186481933593750000e+02,
3.267752380371093750e+02,
3.375294799804687500e+02,
3.376451110839843750e+02,
3.396306457519531250e+02,
3.270507202148437500e+02,
3.290634155273437500e+02,
3.231121215820312500e+02,
3.152601318359375000e+02,
3.041206665039062500e+02,
3.004362182617187500e+02,
2.943871765136718750e+02,
2.923629150390625000e+02,
2.998366088867187500e+02,
2.922348937988281250e+02,
3.010813598632812500e+02,
3.127322692871093750e+02,
3.177684326171875000e+02,
3.118788757324218750e+02,
3.214593811035156250e+02,
3.404346618652343750e+02,
3.618795776367187500e+02,
3.614459533691406250e+02,
3.589407958984375000e+02,
3.538619079589843750e+02,
3.513919982910156250e+02,
3.385623168945312500e+02,
3.408529357910156250e+02,
3.176841125488281250e+02,
2.977006835937500000e+02,
2.918378601074218750e+02,
2.769268798828125000e+02,
2.862234191894531250e+02,
2.993741455078125000e+02,
3.051723937988281250e+02,
3.113334960937500000e+02,
3.283652038574218750e+02,
3.533063354492187500e+02,
3.525848693847656250e+02,
3.298603515625000000e+02,
3.332312927246093750e+02,
3.810583496093750000e+02,
4.339897155761718750e+02,
4.477351684570312500e+02,
4.539692382812500000e+02,
4.506968078613281250e+02,
4.284700012207031250e+02,
2.392801055908203125e+02,
2.501872253417968750e+02,
2.477886352539062500e+02,
2.483422241210937500e+02,
2.221325378417968750e+02,
2.316555175781250000e+02,
2.298439941406250000e+02,
2.258194427490234375e+02,
2.135205993652343750e+02,
2.105014953613281250e+02,
2.028252868652343750e+02,
2.068758697509765625e+02,
2.156976013183593750e+02,
2.288914642333984375e+02,
2.362746734619140625e+02,
2.433353576660156250e+02,
2.598049621582031250e+02,
2.748428955078125000e+02,
2.977569580078125000e+02,
3.329904785156250000e+02,
3.477739257812500000e+02,
3.610076293945312500e+02,
3.581475219726562500e+02,
3.419256286621093750e+02,
3.237131042480468750e+02,
3.127064208984375000e+02,
2.945588378906250000e+02,
2.766955566406250000e+02,
2.580404357910156250e+02,
2.425738983154296875e+02,
2.282225189208984375e+02,
2.106050567626953125e+02,
1.988841094970703125e+02,
1.886914978027343750e+02,
1.811788787841796875e+02,
1.759926910400390625e+02,
1.739436950683593750e+02,
1.730049743652343750e+02,
1.740612792968750000e+02,
1.725017395019531250e+02,
1.684835052490234375e+02,
1.646509552001953125e+02,
1.649093627929687500e+02,
1.643674774169921875e+02,
1.662357635498046875e+02,
1.665652923583984375e+02,
1.658482208251953125e+02,
1.656611480712890625e+02,
1.643840942382812500e+02,
1.655755920410156250e+02,
1.634518890380859375e+02,
1.652188415527343750e+02,
1.646614837646484375e+02,
1.665601959228515625e+02,
1.655347900390625000e+02,
1.667688751220703125e+02,
1.660231781005859375e+02,
1.645336303710937500e+02,
1.672075195312500000e+02,
1.734309539794921875e+02,
1.889144287109375000e+02,
2.003914337158203125e+02,
2.121207122802734375e+02,
2.189977264404296875e+02,
2.189667968750000000e+02,
2.220909423828125000e+02,
2.306290435791015625e+02,
2.351587066650390625e+02,
2.461778564453125000e+02,
2.582316284179687500e+02,
2.709951782226562500e+02,
2.700867919921875000e+02,
2.735292358398437500e+02,
2.740328979492187500e+02,
2.665704345703125000e+02,
2.669448852539062500e+02,
2.758816833496093750e+02,
2.754151000976562500e+02,
2.712781066894531250e+02,
2.700937805175781250e+02,
2.731549072265625000e+02,
2.558820800781250000e+02,
2.525861053466796875e+02,
2.432362518310546875e+02,
2.356244964599609375e+02,
2.305324401855468750e+02,
2.238653411865234375e+02,
2.161843719482421875e+02,
2.262874298095703125e+02,
2.403497161865234375e+02,
2.491545715332031250e+02,
2.492542572021484375e+02,
2.391051330566406250e+02,
2.310385589599609375e+02,
2.248243560791015625e+02,
2.170386505126953125e+02,
2.116196136474609375e+02,
2.059259796142578125e+02,
2.057546844482421875e+02,
2.067014770507812500e+02,
1.988044586181640625e+02,
1.931594848632812500e+02,
1.935408782958984375e+02,
1.999307403564453125e+02,
2.070580139160156250e+02,
2.094371643066406250e+02,
2.059911499023437500e+02,
2.038665771484375000e+02,
2.007648315429687500e+02,
2.047144927978515625e+02,
2.100222015380859375e+02,
2.160521545410156250e+02,
2.137897033691406250e+02,
2.173638763427734375e+02,
2.255338897705078125e+02,
2.298757781982421875e+02,
2.386378479003906250e+02,
2.491893157958984375e+02,
2.500514526367187500e+02,
2.521629180908203125e+02,
2.549420166015625000e+02,
2.498458404541015625e+02,
2.532373809814453125e+02,
2.617186279296875000e+02,
2.790815124511718750e+02,
2.790167846679687500e+02,
2.849933776855468750e+02,
2.942636108398437500e+02,
2.909978027343750000e+02,
2.912106018066406250e+02,
2.943616027832031250e+02,
2.706828918457031250e+02,
2.498560485839843750e+02,
2.360378723144531250e+02,
2.172698669433593750e+02,
2.040608367919921875e+02,
1.932919158935546875e+02,
1.920842895507812500e+02,
1.953944854736328125e+02,
1.966475372314453125e+02,
1.938266906738281250e+02,
1.896243591308593750e+02,
1.843898925781250000e+02,
1.934034423828125000e+02,
2.000179290771484375e+02,
2.099320831298828125e+02,
2.112726135253906250e+02,
2.024924621582031250e+02,
1.979830017089843750e+02,
1.954628143310546875e+02,
1.922768249511718750e+02,
1.852848052978515625e+02,
1.921991577148437500e+02,
2.024789428710937500e+02,
2.100708770751953125e+02,
2.260631256103515625e+02,
2.311702423095703125e+02,
2.318907928466796875e+02,
2.301821899414062500e+02,
2.244108581542968750e+02,
2.200602416992187500e+02,
2.142848358154296875e+02,
2.018411865234375000e+02,
1.919273223876953125e+02,
1.858677978515625000e+02,
1.838037567138671875e+02,
1.860240325927734375e+02,
1.931636199951171875e+02,
2.088430786132812500e+02,
2.281578979492187500e+02,
2.344825439453125000e+02,
2.374825134277343750e+02,
2.323541564941406250e+02,
2.305357513427734375e+02,
2.320581359863281250e+02,
2.349034576416015625e+02,
2.414007568359375000e+02,
2.466169128417968750e+02,
2.411445922851562500e+02,
2.307634277343750000e+02,
2.206176605224609375e+02,
2.124983673095703125e+02,
2.031463928222656250e+02,
1.994174652099609375e+02,
1.894451446533203125e+02,
1.831461791992187500e+02,
1.821604461669921875e+02,
1.781608886718750000e+02,
1.766851348876953125e+02,
1.759038085937500000e+02,
1.787169952392578125e+02,
1.816124114990234375e+02,
1.857708129882812500e+02,
1.891667633056640625e+02,
1.913856353759765625e+02,
1.892858123779296875e+02,
1.930232391357421875e+02,
1.973423004150390625e+02,
2.010363159179687500e+02,
1.990995483398437500e+02,
1.955590667724609375e+02,
1.988218841552734375e+02,
2.002324676513671875e+02,
1.980250244140625000e+02,
1.995010528564453125e+02,
2.082175292968750000e+02,
2.148213806152343750e+02,
2.209677886962890625e+02,
2.222572021484375000e+02,
2.303601226806640625e+02,
2.268364257812500000e+02,
2.238042755126953125e+02,
2.290193939208984375e+02,
2.321739501953125000e+02,
2.300002746582031250e+02,
2.324065246582031250e+02,
2.417800140380859375e+02,
2.447547607421875000e+02,
2.506595764160156250e+02,
2.511148834228515625e+02,
2.498009796142578125e+02,
2.489039764404296875e+02,
2.397205352783203125e+02,
2.288207397460937500e+02,
2.234270324707031250e+02,
2.123045806884765625e+02,
2.105675354003906250e+02,
2.005214538574218750e+02,
2.039528961181640625e+02,
2.100820922851562500e+02,
2.090293731689453125e+02,
2.022138671875000000e+02,
1.999520416259765625e+02,
2.056738586425781250e+02,
2.108286437988281250e+02,
2.305396575927734375e+02,
2.532636566162109375e+02,
2.649280090332031250e+02,
2.827363281250000000e+02,
2.950657653808593750e+02,
2.976665344238281250e+02,
3.002903747558593750e+02,
3.009055175781250000e+02,
2.957587280273437500e+02,
2.926976928710937500e+02,
3.006708374023437500e+02,
3.009156188964843750e+02,
2.904551696777343750e+02,
2.845196838378906250e+02,
2.754391479492187500e+02,
2.614763488769531250e+02,
2.619442749023437500e+02,
2.602909851074218750e+02,
2.601922912597656250e+02,
2.627699584960937500e+02,
2.735273437500000000e+02,
2.925862121582031250e+02,
3.253744812011718750e+02,
3.362276916503906250e+02,
3.392387695312500000e+02,
3.408368225097656250e+02,
3.372295837402343750e+02,
3.305106506347656250e+02,
3.381095275878906250e+02,
3.380491333007812500e+02,
3.499934387207031250e+02,
3.681438293457031250e+02,
4.116134643554687500e+02,
4.389841918945312500e+02,
4.480775451660156250e+02,
4.575085449218750000e+02,
4.458327941894531250e+02,
4.412525024414062500e+02,
4.352234497070312500e+02,
4.552153015136718750e+02,
4.768692932128906250e+02,
4.752387695312500000e+02,
4.849858703613281250e+02,
4.966132202148437500e+02,
4.791383056640625000e+02,
4.691669616699218750e+02,
4.758621215820312500e+02,
4.859611511230468750e+02,
4.713428955078125000e+02,
5.281009521484375000e+02,
5.444426879882812500e+02,
5.272543945312500000e+02,
5.351013793945312500e+02,
5.218766479492187500e+02,
4.589719543457031250e+02,
4.713388366699218750e+02,
4.657435913085937500e+02,
4.748749389648437500e+02,
4.720846862792968750e+02,
4.525957336425781250e+02,
3.845030212402343750e+02,
3.312571716308593750e+02,
3.534800720214843750e+02,
3.614615783691406250e+02,
3.617482604980468750e+02,
3.898497314453125000e+02,
4.040221862792968750e+02,
4.287565612792968750e+02,
4.495874023437500000e+02,
4.961383056640625000e+02,
5.772193603515625000e+02,
6.349221801757812500e+02,
6.865844116210937500e+02,
7.298422241210937500e+02,
7.328645019531250000e+02,
6.850197753906250000e+02,
6.518826904296875000e+02,
5.848096313476562500e+02,
5.090706176757812500e+02,
4.564656677246093750e+02,
4.288355102539062500e+02,
4.302150878906250000e+02,
3.991011657714843750e+02,
3.727141723632812500e+02,
3.352637023925781250e+02,
3.396817321777343750e+02,
3.466041564941406250e+02,
3.519651184082031250e+02,
3.606019592285156250e+02,
3.612201843261718750e+02,
3.444106445312500000e+02,
3.374837646484375000e+02,
3.241711425781250000e+02,
3.226601562500000000e+02,
3.242336425781250000e+02,
3.546701660156250000e+02,
3.643632202148437500e+02,
3.647298889160156250e+02,
3.898402709960937500e+02,
3.932177124023437500e+02,
3.578599548339843750e+02,
3.355897827148437500e+02,
3.124597167968750000e+02,
3.316747131347656250e+02,
3.944927673339843750e+02,
4.438880310058593750e+02,
4.602193603515625000e+02,
4.052359313964843750e+02,
4.174955444335937500e+02,
2.551648254394531250e+02,
2.549409790039062500e+02,
2.664162292480468750e+02,
2.621510314941406250e+02,
2.306939086914062500e+02,
2.247330932617187500e+02,
2.331454925537109375e+02,
2.378287353515625000e+02,
2.510732116699218750e+02,
2.746807861328125000e+02,
3.116378173828125000e+02,
3.430539245605468750e+02,
3.689609375000000000e+02,
3.840349121093750000e+02,
3.847153625488281250e+02,
3.708414306640625000e+02,
3.456814270019531250e+02,
3.059931030273437500e+02,
2.829933776855468750e+02,
2.512187652587890625e+02,
2.301054382324218750e+02,
2.040006713867187500e+02,
1.910754547119140625e+02,
1.834912719726562500e+02,
1.798536529541015625e+02,
1.763359527587890625e+02,
1.735110473632812500e+02,
1.706614074707031250e+02,
1.709992065429687500e+02,
1.700835876464843750e+02,
1.720404968261718750e+02,
1.707920532226562500e+02,
1.706417083740234375e+02,
1.707951049804687500e+02,
1.704570617675781250e+02,
1.724041442871093750e+02,
1.719335632324218750e+02,
1.732014160156250000e+02,
1.832443237304687500e+02,
2.024582214355468750e+02,
2.235089874267578125e+02,
2.403495330810546875e+02,
2.526773223876953125e+02,
2.781280212402343750e+02,
2.850530395507812500e+02,
3.086643676757812500e+02,
3.282389831542968750e+02,
3.408820495605468750e+02,
3.432208251953125000e+02,
3.329342651367187500e+02,
3.484190673828125000e+02,
3.377626342773437500e+02,
3.312331542968750000e+02,
3.146471252441406250e+02,
2.922171325683593750e+02,
2.746268615722656250e+02,
2.638221130371093750e+02,
2.593418579101562500e+02,
2.723715515136718750e+02,
2.881492614746093750e+02,
2.861051940917968750e+02,
2.633270263671875000e+02,
2.538284454345703125e+02,
2.421417541503906250e+02,
2.270871124267578125e+02,
2.250005950927734375e+02,
2.201501922607421875e+02,
2.144157104492187500e+02,
2.192616882324218750e+02,
2.263488616943359375e+02,
2.318183746337890625e+02,
2.257241363525390625e+02,
2.262745819091796875e+02,
2.335802612304687500e+02,
2.357375030517578125e+02,
2.482666778564453125e+02,
2.659642944335937500e+02,
2.786418457031250000e+02,
2.891994628906250000e+02,
2.901830444335937500e+02,
3.022715759277343750e+02,
3.052249755859375000e+02,
3.260855712890625000e+02,
3.419402160644531250e+02,
3.573638000488281250e+02,
3.568272094726562500e+02,
3.338452758789062500e+02,
3.074627990722656250e+02,
2.722386779785156250e+02,
2.398723907470703125e+02,
2.162448883056640625e+02,
2.094639282226562500e+02,
2.074535064697265625e+02,
2.105414886474609375e+02,
2.184920806884765625e+02,
2.153249511718750000e+02,
2.280217132568359375e+02,
2.243984069824218750e+02,
2.172296752929687500e+02,
2.091820831298828125e+02,
2.117599182128906250e+02,
2.174171600341796875e+02,
2.432840728759765625e+02,
2.492108612060546875e+02,
2.546334991455078125e+02,
2.553982391357421875e+02,
2.416519927978515625e+02,
2.274149780273437500e+02,
2.135033874511718750e+02,
2.029638671875000000e+02,
2.086436004638671875e+02,
2.271294250488281250e+02,
2.418495483398437500e+02,
2.505367279052734375e+02,
2.547497711181640625e+02,
2.640407409667968750e+02,
2.631282958984375000e+02,
2.588982238769531250e+02,
2.524211730957031250e+02,
2.399921112060546875e+02,
2.268842620849609375e+02,
2.143090515136718750e+02,
2.035800781250000000e+02,
1.889824829101562500e+02,
1.886509399414062500e+02,
1.846543731689453125e+02,
1.871521759033203125e+02,
1.912225036621093750e+02,
1.995286102294921875e+02,
1.981024017333984375e+02,
2.028490142822265625e+02,
2.079812774658203125e+02,
2.133099670410156250e+02,
2.154596862792968750e+02,
2.227232513427734375e+02,
2.255051574707031250e+02,
2.329007873535156250e+02,
2.479072570800781250e+02,
2.549884948730468750e+02,
2.565142211914062500e+02,
2.559350128173828125e+02,
2.553700561523437500e+02,
2.719443359375000000e+02,
2.700193176269531250e+02,
2.823010559082031250e+02,
2.915638122558593750e+02,
2.804088745117187500e+02,
2.772061462402343750e+02,
2.560296630859375000e+02,
2.353709259033203125e+02,
2.345562133789062500e+02,
2.245314788818359375e+02,
2.187256469726562500e+02,
2.264491271972656250e+02,
2.268787689208984375e+02,
2.357904205322265625e+02,
2.737628784179687500e+02,
3.020643920898437500e+02,
3.386708679199218750e+02,
3.529361572265625000e+02,
3.527523498535156250e+02,
3.535108642578125000e+02,
3.625806274414062500e+02,
3.478895568847656250e+02,
3.352701110839843750e+02,
3.238358459472656250e+02,
3.032204284667968750e+02,
2.923600769042968750e+02,
2.952105712890625000e+02,
3.169920043945312500e+02,
3.548403930664062500e+02,
3.773992309570312500e+02,
3.842465515136718750e+02,
3.836590270996093750e+02,
3.964693908691406250e+02,
3.945610351562500000e+02,
4.232656250000000000e+02,
4.592676086425781250e+02,
4.776007080078125000e+02,
4.981383056640625000e+02,
5.063649902343750000e+02,
5.113648986816406250e+02,
5.287468261718750000e+02,
5.356781616210937500e+02,
5.454866333007812500e+02,
5.525263671875000000e+02,
5.513796386718750000e+02,
5.614472045898437500e+02,
6.261665649414062500e+02,
5.890643920898437500e+02,
5.675608520507812500e+02,
5.685303344726562500e+02,
5.950750122070312500e+02,
5.245808105468750000e+02,
4.851856079101562500e+02,
4.733425598144531250e+02,
4.644869689941406250e+02,
3.868786621093750000e+02,
3.879690246582031250e+02,
4.188722534179687500e+02,
4.540010070800781250e+02,
4.977695312500000000e+02,
5.844273071289062500e+02,
6.405080566406250000e+02,
6.760317382812500000e+02,
6.835504150390625000e+02,
6.908295288085937500e+02,
6.344723510742187500e+02,
5.818857421875000000e+02,
5.067773132324218750e+02,
4.547514953613281250e+02,
4.170667114257812500e+02,
4.040585327148437500e+02,
3.864626464843750000e+02,
3.868351440429687500e+02,
3.873914794921875000e+02,
3.925968627929687500e+02,
3.724400939941406250e+02,
3.692517700195312500e+02,
3.874541625976562500e+02,
3.860155639648437500e+02,
4.121756286621093750e+02,
4.260303649902343750e+02,
4.078165893554687500e+02,
3.782079772949218750e+02,
4.052647094726562500e+02,
4.853655090332031250e+02,
4.706244812011718750e+02,
