4.137539672851562500e+02,
4.095765686035156250e+02,
4.046013183593750000e+02,
4.237265014648437500e+02,
4.380962219238281250e+02,
4.878971252441406250e+02,
5.350321044921875000e+02,
5.833920288085937500e+02,
6.064846191406250000e+02,
6.078451538085937500e+02,
5.868909912109375000e+02,
5.607456665039062500e+02,
5.369451293945312500e+02,
5.316151123046875000e+02,
5.101126403808593750e+02,
4.937615966796875000e+02,
4.863885192871093750e+02,
4.687591247558593750e+02,
4.508975219726562500e+02,
4.387112731933593750e+02,
4.330024108886718750e+02,
4.260832519531250000e+02,
4.158625183105468750e+02,
4.032470092773437500e+02,
3.978861083984375000e+02,
3.965494689941406250e+02,
3.900287780761718750e+02,
3.924254455566406250e+02,
3.950460205078125000e+02,
4.003074340820312500e+02,
4.061006164550781250e+02,
4.094091491699218750e+02,
4.052547607421875000e+02,
3.987799987792968750e+02,
3.940236206054687500e+02,
3.820728149414062500e+02,
3.772738342285156250e+02,
3.752606201171875000e+02,
3.766977233886718750e+02,
3.799312438964843750e+02,
3.881927490234375000e+02,
3.881673278808593750e+02,
3.888942565917968750e+02,
3.964081726074218750e+02,
4.088739318847656250e+02,
4.187294006347656250e+02,
4.262504272460937500e+02,
4.363265991210937500e+02,
4.470957031250000000e+02,
4.425129699707031250e+02,
4.356050109863281250e+02,
4.310166625976562500e+02,
4.129934082031250000e+02,
3.948410644531250000e+02,
3.714511108398437500e+02,
3.653971252441406250e+02,
3.610890197753906250e+02,
3.638636779785156250e+02,
3.740461425781250000e+02,
3.900523376464843750e+02,
3.952139587402343750e+02,
4.110394897460937500e+02,
4.175440063476562500e+02,
4.242061157226562500e+02,
4.255952148437500000e+02,
4.237881469726562500e+02,
4.252256469726562500e+02,
4.244937744140625000e+02,
4.203827514648437500e+02,
4.223740234375000000e+02,
4.128189086914062500e+02,
4.058238220214843750e+02,
3.976750488281250000e+02,
3.860616149902343750e+02,
3.791233215332031250e+02,
3.685951843261718750e+02,
3.614519653320312500e+02,
3.578950500488281250e+02,
3.636268310546875000e+02,
3.685155639648437500e+02,
3.755898742675781250e+02,
3.775751037597656250e+02,
3.795863342285156250e+02,
3.748332824707031250e+02,
3.736067810058593750e+02,
3.721958923339843750e+02,
3.684613952636718750e+02,
3.540936279296875000e+02,
3.502587585449218750e+02,
3.475473327636718750e+02,
3.440653381347656250e+02,
3.420915527343750000e+02,
3.412179870605468750e+02,
3.427513122558593750e+02,
3.439960021972656250e+02,
3.439872436523437500e+02,
3.511996765136718750e+02,
3.643623657226562500e+02,
3.716688842773437500e+02,
3.692413330078125000e+02,
3.598301086425781250e+02,
3.506515502929687500e+02,
3.418319091796875000e+02,
3.433907470703125000e+02,
3.395946960449218750e+02,
3.376097106933593750e+02,
3.405083312988281250e+02,
3.452726135253906250e+02,
3.546329650878906250e+02,
3.575657043457031250e+02,
3.599004821777343750e+02,
3.592456359863281250e+02,
3.591443176269531250e+02,
3.630169982910156250e+02,
3.654110717773437500e+02,
3.682031555175781250e+02,
3.647872924804687500e+02,
3.724401245117187500e+02,
3.696854248046875000e+02,
3.748725280761718750e+02,
3.709205932617187500e+02,
3.674776611328125000e+02,
3.673601989746093750e+02,
3.610461730957031250e+02,
3.574525756835937500e+02,
3.508700561523437500e+02,
3.443390197753906250e+02,
3.411920471191406250e+02,
3.340877990722656250e+02,
3.201543884277343750e+02,
3.199147033691406250e+02,
3.173713378906250000e+02,
3.280119323730468750e+02,
3.390725708007812500e+02,
3.445066528320312500e+02,
3.499662475585937500e+02,
3.556932373046875000e+02,
3.561842956542968750e+02,
3.665265808105468750e+02,
3.690556945800781250e+02,
3.655587768554687500e+02,
3.645236816406250000e+02,
3.528712463378906250e+02,
3.429383850097656250e+02,
3.369052429199218750e+02,
3.337972412109375000e+02,
3.396226501464843750e+02,
3.443227844238281250e+02,
3.433560180664062500e+02,
3.479119262695312500e+02,
3.568221740722656250e+02,
3.609549560546875000e+02,
3.655894470214843750e+02,
3.644840087890625000e+02,
3.625624084472656250e+02,
3.624255676269531250e+02,
3.576932678222656250e+02,
3.425098266601562500e+02,
3.348308715820312500e+02,
3.362370910644531250e+02,
3.426424560546875000e+02,
3.654563903808593750e+02,
3.849278869628906250e+02,
3.980882263183593750e+02,
4.119265441894531250e+02,
4.222159423828125000e+02,
4.304509887695312500e+02,
4.244852294921875000e+02,
4.223419494628906250e+02,
4.154705810546875000e+02,
4.040219726562500000e+02,
4.046447448730468750e+02,
4.052589721679687500e+02,
4.080210571289062500e+02,
4.106116943359375000e+02,
4.127184143066406250e+02,
4.216576232910156250e+02,
4.230462646484375000e+02,
4.169126586914062500e+02,
4.078898315429687500e+02,
4.045794067382812500e+02,
4.008076477050781250e+02,
4.025861511230468750e+02,
4.199382019042968750e+02,
4.523322143554687500e+02,
4.965892944335937500e+02,
5.359906005859375000e+02,
5.775034179687500000e+02,
6.038474731445312500e+02,
6.141884155273437500e+02,
6.266513671875000000e+02,
6.307666015625000000e+02,
6.222041015625000000e+02,
6.208984375000000000e+02,
6.066904296875000000e+02,
5.903056640625000000e+02,
5.685550537109375000e+02,
5.481873779296875000e+02,
5.209888305664062500e+02,
4.973522033691406250e+02,
4.713253173828125000e+02,
4.471907958984375000e+02,
4.311222229003906250e+02,
4.132827148437500000e+02,
4.009563903808593750e+02,
3.961307373046875000e+02,
3.896336059570312500e+02,
3.847781677246093750e+02,
3.842040405273437500e+02,
3.795186767578125000e+02,
3.743811645507812500e+02,
3.641176147460937500e+02,
3.534905395507812500e+02,
3.412430725097656250e+02,
3.294122314453125000e+02,
3.320789184570312500e+02,
3.449573364257812500e+02,
3.646635131835937500e+02,
3.838490600585937500e+02,
3.995196838378906250e+02,
4.191477355957031250e+02,
4.359603271484375000e+02,
4.539570312500000000e+02,
4.729158935546875000e+02,
4.808936157226562500e+02,
4.842888488769531250e+02,
4.854979858398437500e+02,
4.980491943359375000e+02,
4.982696228027343750e+02,
4.990001831054687500e+02,
4.876552429199218750e+02,
4.746192626953125000e+02,
4.576201477050781250e+02,
4.376598205566406250e+02,
4.134000854492187500e+02,
3.935129089355468750e+02,
3.712103881835937500e+02,
3.599283142089843750e+02,
3.596438598632812500e+02,
3.495325927734375000e+02,
3.358546142578125000e+02,
3.275079040527343750e+02,
3.197629699707031250e+02,
3.155058898925781250e+02,
3.221719055175781250e+02,
3.273640136718750000e+02,
3.291542053222656250e+02,
3.187971496582031250e+02,
3.127083740234375000e+02,
3.135396728515625000e+02,
3.165267639160156250e+02,
3.170846862792968750e+02,
3.191549682617187500e+02,
3.187196655273437500e+02,
3.206618041992187500e+02,
3.213983459472656250e+02,
3.234725036621093750e+02,
3.217774963378906250e+02,
3.178010559082031250e+02,
3.179798583984375000e+02,
3.121044006347656250e+02,
3.109204406738281250e+02,
3.162847290039062500e+02,
3.226054992675781250e+02,
3.312133178710937500e+02,
3.366674804687500000e+02,
3.409537658691406250e+02,
3.446491699218750000e+02,
3.416443481445312500e+02,
3.356269836425781250e+02,
3.290434875488281250e+02,
3.275422973632812500e+02,
3.180754699707031250e+02,
3.159079589843750000e+02,
3.127646484375000000e+02,
3.108199462890625000e+02,
3.041147155761718750e+02,
3.024485168457031250e+02,
3.034250183105468750e+02,
3.006943664550781250e+02,
2.954517211914062500e+02,
2.909458618164062500e+02,
2.919808349609375000e+02,
2.916421813964843750e+02,
2.890139465332031250e+02,
2.901050720214843750e+02,
2.938963928222656250e+02,
2.947019958496093750e+02,
2.962931213378906250e+02,
2.932414245605468750e+02,
2.918313293457031250e+02,
2.888518981933593750e+02,
2.898757629394531250e+02,
2.887193298339843750e+02,
2.843215942382812500e+02,
2.871521911621093750e+02,
2.890835571289062500e+02,
2.835653381347656250e+02,
2.840350341796875000e+02,
2.849674682617187500e+02,
2.872606201171875000e+02,
2.944405517578125000e+02,
2.955353698730468750e+02,
2.963826904296875000e+02,
2.973056030273437500e+02,
2.924754943847656250e+02,
2.896795959472656250e+02,
2.863235473632812500e+02,
2.817749633789062500e+02,
2.799647216796875000e+02,
2.808503112792968750e+02,
2.817220458984375000e+02,
2.816952514648437500e+02,
2.816600646972656250e+02,
2.803307495117187500e+02,
2.778948059082031250e+02,
2.749391174316406250e+02,
2.713677062988281250e+02,
2.710886535644531250e+02,
2.709812316894531250e+02,
2.744701538085937500e+02,
2.727731628417968750e+02,
2.720360412597656250e+02,
2.714248352050781250e+02,
2.698394775390625000e+02,
2.691494750976562500e+02,
2.691962890625000000e+02,
2.671565246582031250e+02,
2.667734680175781250e+02,
2.685153808593750000e+02,
2.691253967285156250e+02,
2.673858947753906250e+02,
2.640170288085937500e+02,
2.613943481445312500e+02,
2.605459289550781250e+02,
2.588083801269531250e+02,
2.558543701171875000e+02,
2.529911956787109375e+02,
2.463134765625000000e+02,
2.426339721679687500e+02,
2.429931030273437500e+02,
2.423633422851562500e+02,
2.440396881103515625e+02,
2.461932983398437500e+02,
2.482312927246093750e+02,
2.506488647460937500e+02,
2.551137390136718750e+02,
2.569380187988281250e+02,
2.610754089355468750e+02,
2.625091857910156250e+02,
2.637202148437500000e+02,
2.627622070312500000e+02,
2.625144958496093750e+02,
2.589764099121093750e+02,
2.599688415527343750e+02,
2.595124816894531250e+02,
2.611517028808593750e+02,
2.642016296386718750e+02,
2.680544128417968750e+02,
2.724112243652343750e+02,
2.758441772460937500e+02,
2.792013549804687500e+02,
2.831533508300781250e+02,
2.854765625000000000e+02,
2.891739807128906250e+02,
2.879181213378906250e+02,
2.909174804687500000e+02,
2.897219238281250000e+02,
2.876201477050781250e+02,
2.855039978027343750e+02,
2.874155883789062500e+02,
2.842446289062500000e+02,
2.790268859863281250e+02,
2.763965454101562500e+02,
2.714873046875000000e+02,
2.721056518554687500e+02,
2.725724792480468750e+02,
2.727903442382812500e+02,
2.735607604980468750e+02,
2.735149536132812500e+02,
2.709376525878906250e+02,
2.696297607421875000e+02,
2.682053833007812500e+02,
2.677691040039062500e+02,
2.647107543945312500e+02,
2.620023498535156250e+02,
2.573304748535156250e+02,
2.567628784179687500e+02,
2.543647460937500000e+02,
2.517103424072265625e+02,
2.499837799072265625e+02,
2.514754791259765625e+02,
2.506599273681640625e+02,
2.508836669921875000e+02,
2.522069244384765625e+02,
2.518171844482421875e+02,
2.513427124023437500e+02,
2.529976501464843750e+02,
2.537167968750000000e+02,
2.540496826171875000e+02,
2.546629486083984375e+02,
2.566437683105468750e+02,
2.601908569335937500e+02,
5.333374023437500000e+02,
5.782651977539062500e+02,
6.334189453125000000e+02,
6.657050170898437500e+02,
6.621027832031250000e+02,
6.554930419921875000e+02,
6.209542236328125000e+02,
5.720506591796875000e+02,
5.425144042968750000e+02,
5.130269165039062500e+02,
4.860690917968750000e+02,
4.720153808593750000e+02,
4.715340270996093750e+02,
4.773737487792968750e+02,
4.856968078613281250e+02,
4.814836425781250000e+02,
4.770642700195312500e+02,
4.650114135742187500e+02,
4.654604492187500000e+02,
4.631428833007812500e+02,
4.744761047363281250e+02,
4.924800415039062500e+02,
5.143782348632812500e+02,
5.316203613281250000e+02,
5.123226318359375000e+02,
4.775920104980468750e+02,
4.603363037109375000e+02,
4.517446594238281250e+02,
4.520575866699218750e+02,
4.642164611816406250e+02,
4.784255065917968750e+02,
4.890150146484375000e+02,
4.936980895996093750e+02,
4.938770446777343750e+02,
4.741524658203125000e+02,
4.509290161132812500e+02,
4.354296875000000000e+02,
4.254510803222656250e+02,
4.226129455566406250e+02,
4.245467224121093750e+02,
4.229339294433593750e+02,
4.240268554687500000e+02,
4.168874206542968750e+02,
4.055508422851562500e+02,
3.896900634765625000e+02,
3.853260803222656250e+02,
3.868032531738281250e+02,
4.007742919921875000e+02,
4.004074401855468750e+02,
4.102351684570312500e+02,
3.971285400390625000e+02,
3.933260498046875000e+02,
3.922065429687500000e+02,
4.024714050292968750e+02,
4.146620483398437500e+02,
4.263367004394531250e+02,
4.325494384765625000e+02,
4.323325500488281250e+02,
4.318849792480468750e+02,
4.315265808105468750e+02,
4.225638732910156250e+02,
4.143160095214843750e+02,
3.953565063476562500e+02,
3.769204406738281250e+02,
3.715095520019531250e+02,
3.742121276855468750e+02,
3.906891479492187500e+02,
4.086549682617187500e+02,
4.061148376464843750e+02,
4.041390380859375000e+02,
3.973229370117187500e+02,
3.925100097656250000e+02,
3.896537780761718750e+02,
4.007645874023437500e+02,
4.073853759765625000e+02,
4.101278381347656250e+02,
4.071666259765625000e+02,
4.050338745117187500e+02,
4.043066406250000000e+02,
4.123513793945312500e+02,
4.310843200683593750e+02,
4.510569152832031250e+02,
4.640331726074218750e+02,
4.740023193359375000e+02,
4.690877685546875000e+02,
4.750828247070312500e+02,
4.716992187500000000e+02,
4.793504333496093750e+02,
4.710877990722656250e+02,
4.792122192382812500e+02,
5.048880615234375000e+02,
5.341646118164062500e+02,
5.770557861328125000e+02,
6.304294433593750000e+02,
6.685268554687500000e+02,
6.795661621093750000e+02,
6.614792480468750000e+02,
6.314161376953125000e+02,
5.770950317382812500e+02,
5.253729248046875000e+02,
4.852910766601562500e+02,
4.561473999023437500e+02,
4.400037231445312500e+02,
4.264004516601562500e+02,
4.057729797363281250e+02,
3.959680480957031250e+02,
3.960814208984375000e+02,
4.153137207031250000e+02,
4.577294616699218750e+02,
5.040051574707031250e+02,
5.162927246093750000e+02,
5.233272705078125000e+02,
5.418358764648437500e+02,
5.548101196289062500e+02,
5.427067260742187500e+02,
5.080710449218750000e+02,
4.686925964355468750e+02,
4.288802795410156250e+02,
3.946759643554687500e+02,
3.716488647460937500e+02,
3.623941345214843750e+02,
3.581950683593750000e+02,
3.550010070800781250e+02,
3.567856445312500000e+02,
3.548817749023437500e+02,
3.542886047363281250e+02,
3.524648742675781250e+02,
3.569897766113281250e+02,
3.551637268066406250e+02,
3.523128967285156250e+02,
3.561810607910156250e+02,
3.618749084472656250e+02,
3.685314636230468750e+02,
3.713037719726562500e+02,
3.649919738769531250e+02,
3.489602661132812500e+02,
3.391012573242187500e+02,
3.261180114746093750e+02,
3.158905029296875000e+02,
3.092911987304687500e+02,
3.078258972167968750e+02,
3.105737915039062500e+02,
3.135434875488281250e+02,
3.138653869628906250e+02,
3.137598876953125000e+02,
3.079483642578125000e+02,
3.083438415527343750e+02,
3.075375671386718750e+02,
3.096286926269531250e+02,
3.198868103027343750e+02,
3.206592712402343750e+02,
3.178465270996093750e+02,
3.147379455566406250e+02,
3.060364379882812500e+02,
3.033572082519531250e+02,
3.003407592773437500e+02,
2.986607666015625000e+02,
2.922264099121093750e+02,
2.933890686035156250e+02,
2.918984985351562500e+02,
2.912362976074218750e+02,
2.862653808593750000e+02,
2.864765319824218750e+02,
2.869215087890625000e+02,
2.815805969238281250e+02,
2.824010620117187500e+02,
2.746337280273437500e+02,
2.670450744628906250e+02,
2.611245727539062500e+02,
2.543109283447265625e+02,
2.589214172363281250e+02,
2.638645324707031250e+02,
2.656862792968750000e+02,
2.725161132812500000e+02,
2.727867736816406250e+02,
2.734250183105468750e+02,
2.791562500000000000e+02,
2.824417114257812500e+02,
2.908710021972656250e+02,
2.990964355468750000e+02,
3.047792663574218750e+02,
3.050809326171875000e+02,
3.063834838867187500e+02,
3.080194091796875000e+02,
2.996624755859375000e+02,
2.929258117675781250e+02,
2.851766662597656250e+02,
2.847548522949218750e+02,
2.829789733886718750e+02,
2.799587707519531250e+02,
2.749971008300781250e+02,
2.720350036621093750e+02,
2.645845031738281250e+02,
2.578989562988281250e+02,
2.553260345458984375e+02,
2.534159240722656250e+02,
2.528657226562500000e+02,
2.553064880371093750e+02,
2.594292602539062500e+02,
2.634465942382812500e+02,
6.713171997070312500e+02,
6.395177001953125000e+02,
6.723537597656250000e+02,
6.787276000976562500e+02,
6.563980102539062500e+02,
6.065631713867187500e+02,
5.663261718750000000e+02,
5.553255004882812500e+02,
5.520535888671875000e+02,
5.450261230468750000e+02,
5.517356567382812500e+02,
5.456298217773437500e+02,
5.529616088867187500e+02,
5.595857543945312500e+02,
5.869917602539062500e+02,
5.789678955078125000e+02,
5.538845825195312500e+02,
5.468844604492187500e+02,
5.280432128906250000e+02,
5.326697998046875000e+02,
5.403687744140625000e+02,
5.413157348632812500e+02,
5.229945068359375000e+02,
4.999664916992187500e+02,
4.825017395019531250e+02,
4.722090148925781250e+02,
4.633529968261718750e+02,
4.552698669433593750e+02,
4.431241455078125000e+02,
4.284047546386718750e+02,
4.342210083007812500e+02,
4.357489013671875000e+02,
4.472541198730468750e+02,
4.637849121093750000e+02,
4.565209960937500000e+02,
4.689764709472656250e+02,
4.844192810058593750e+02,
4.923039550781250000e+02,
4.857820434570312500e+02,
4.711969604492187500e+02,
4.507567138671875000e+02,
4.424327392578125000e+02,
4.217214355468750000e+02,
4.303015136718750000e+02,
4.381888427734375000e+02,
4.433020629882812500e+02,
4.399380493164062500e+02,
4.467610778808593750e+02,
4.494934387207031250e+02,
4.460238647460937500e+02,
4.521748352050781250e+02,
4.630960388183593750e+02,
4.771907348632812500e+02,
4.883444519042968750e+02,
5.037644958496093750e+02,
5.267941284179687500e+02,
5.412041625976562500e+02,
5.303101806640625000e+02,
5.399666748046875000e+02,
5.769181518554687500e+02,
6.076173706054687500e+02,
6.448049926757812500e+02,
6.949940795898437500e+02,
7.123993530273437500e+02,
6.702470092773437500e+02,
6.074363403320312500e+02,
5.440862426757812500e+02,
4.977784118652343750e+02,
4.634401855468750000e+02,
4.484987487792968750e+02,
4.742201843261718750e+02,
5.204387207031250000e+02,
5.597517089843750000e+02,
5.669195556640625000e+02,
5.682637329101562500e+02,
5.825850830078125000e+02,
5.519326171875000000e+02,
4.937953186035156250e+02,
4.350497436523437500e+02,
3.981102294921875000e+02,
3.901552429199218750e+02,
3.863491516113281250e+02,
3.855520935058593750e+02,
3.870682983398437500e+02,
3.839308471679687500e+02,
3.926400756835937500e+02,
3.931787109375000000e+02,
3.890563354492187500e+02,
3.869519653320312500e+02,
3.812997131347656250e+02,
3.594046325683593750e+02,
3.416247558593750000e+02,
3.272311401367187500e+02,
3.275129699707031250e+02,
3.260870971679687500e+02,
3.271949462890625000e+02,
3.277722167968750000e+02,
3.313422546386718750e+02,
3.383525390625000000e+02,
3.378169250488281250e+02,
3.392081604003906250e+02,
3.331581726074218750e+02,
3.247787170410156250e+02,
3.179187011718750000e+02,
3.161890869140625000e+02,
3.143252563476562500e+02,
3.062565307617187500e+02,
3.049167175292968750e+02,
3.010175476074218750e+02,
2.961023254394531250e+02,
2.823008422851562500e+02,
2.758547058105468750e+02,
2.739940795898437500e+02,
2.730108032226562500e+02,
2.764244689941406250e+02,
2.807090454101562500e+02,
2.862415771484375000e+02,
2.974939270019531250e+02,
3.076134643554687500e+02,
3.182450866699218750e+02,
3.195246582031250000e+02,
3.163213806152343750e+02,
3.152898864746093750e+02,
3.044814453125000000e+02,
2.940137329101562500e+02,
2.888681640625000000e+02,
2.824372253417968750e+02,
2.743863525390625000e+02,
2.661585998535156250e+02,
2.588702087402343750e+02,
2.563797607421875000e+02,
2.631188964843750000e+02,
