-4.131355285644531250e-01,
-4.028232693672180176e-01,
-3.960144519805908203e-01,
-3.897987604141235352e-01,
-4.083436727523803711e-01,
-4.047368764877319336e-01,
-4.172928333282470703e-01,
-4.469217061996459961e-01,
-4.695350527763366699e-01,
-4.882261753082275391e-01,
-5.025756359100341797e-01,
-5.047593116760253906e-01,
-4.954796433448791504e-01,
-4.839735627174377441e-01,
-4.810576140880584717e-01,
-4.777227044105529785e-01,
-4.790689349174499512e-01,
-4.839257895946502686e-01,
-4.916975498199462891e-01,
-4.952581226825714111e-01,
-4.932117462158203125e-01,
-4.904431104660034180e-01,
-4.900382161140441895e-01,
-4.909452199935913086e-01,
-4.933373034000396729e-01,
-4.969460368156433105e-01,
-4.999787509441375732e-01,
-5.025388002395629883e-01,
-4.980698823928833008e-01,
-4.923199713230133057e-01,
-4.931091964244842529e-01,
-4.948884844779968262e-01,
-4.880118668079376221e-01,
-4.874309897422790527e-01,
-4.869041144847869873e-01,
-4.833648800849914551e-01,
-4.801945984363555908e-01,
-4.846097230911254883e-01,
-4.804082512855529785e-01,
-4.824894070625305176e-01,
-4.870459139347076416e-01,
-4.933746457099914551e-01,
-5.102703571319580078e-01,
-5.337260961532592773e-01,
-5.401496291160583496e-01,
-5.491223335266113281e-01,
-5.534056425094604492e-01,
-5.480433702468872070e-01,
-5.493268966674804688e-01,
-5.581982135772705078e-01,
-5.670012235641479492e-01,
-5.812027454376220703e-01,
-5.841460227966308594e-01,
-5.825484991073608398e-01,
-5.853880643844604492e-01,
-5.858572125434875488e-01,
-5.840821266174316406e-01,
-5.913727283477783203e-01,
-5.993919968605041504e-01,
-6.030888557434082031e-01,
-6.080126762390136719e-01,
-6.115237474441528320e-01,
-6.108260750770568848e-01,
-6.115053892135620117e-01,
-6.140471100807189941e-01,
-6.144382953643798828e-01,
-6.136609315872192383e-01,
-6.142737865447998047e-01,
-6.114650964736938477e-01,
-6.133139133453369141e-01,
-6.138021945953369141e-01,
-6.134295463562011719e-01,
-6.129177212715148926e-01,
-6.128057837486267090e-01,
-6.089240908622741699e-01,
-6.102926731109619141e-01,
-6.109144687652587891e-01,
-6.130079627037048340e-01,
-6.117861270904541016e-01,
-6.111910939216613770e-01,
-6.089266538619995117e-01,
-6.051872372627258301e-01,
-6.041235923767089844e-01,
-6.054165363311767578e-01,
-6.049472093582153320e-01,
-6.031222939491271973e-01,
-6.011340618133544922e-01,
-5.995737314224243164e-01,
-5.954953432083129883e-01,
-5.987236499786376953e-01,
-6.059128046035766602e-01,
-6.111599206924438477e-01,
-6.166049838066101074e-01,
-6.169406771659851074e-01,
-6.155310273170471191e-01,
-6.122343540191650391e-01,
-6.109838485717773438e-01,
-6.106560230255126953e-01,
-6.099640130996704102e-01,
-6.092401146888732910e-01,
-6.086701154708862305e-01,
-6.080113649368286133e-01,
-6.057630777359008789e-01,
-6.059915423393249512e-01,
-6.066149473190307617e-01,
-6.076099872589111328e-01,
-6.053433418273925781e-01,
-6.024732589721679688e-01,
-6.001798510551452637e-01,
-5.977553129196166992e-01,
-5.946742892265319824e-01,
-5.941742062568664551e-01,
-5.945911407470703125e-01,
-5.907862186431884766e-01,
-5.893851518630981445e-01,
-5.908706188201904297e-01,
-5.837928652763366699e-01,
-5.765812397003173828e-01,
-5.789822340011596680e-01,
-5.747241377830505371e-01,
-5.682207942008972168e-01,
-5.693548917770385742e-01,
-5.704282522201538086e-01,
-5.662259459495544434e-01,
-5.593584775924682617e-01,
-5.573991537094116211e-01,
-5.607579946517944336e-01,
-5.680531263351440430e-01,
-5.739462971687316895e-01,
-5.835446715354919434e-01,
-5.908250808715820312e-01,
-5.946849584579467773e-01,
-5.939823389053344727e-01,
-6.000332236289978027e-01,
-6.047044992446899414e-01,
-6.073126792907714844e-01,
-6.093735694885253906e-01,
-6.107863187789916992e-01,
-6.123123168945312500e-01,
-6.127701997756958008e-01,
-6.147888302803039551e-01,
-6.148064136505126953e-01,
-6.139681339263916016e-01,
-6.119794845581054688e-01,
-6.091812849044799805e-01,
-6.071817874908447266e-01,
-6.084437370300292969e-01,
-6.088745594024658203e-01,
-6.081215739250183105e-01,
-6.081364154815673828e-01,
-6.050524115562438965e-01,
-6.000572443008422852e-01,
-6.005479097366333008e-01,
-6.033967733383178711e-01,
-6.027479767799377441e-01,
-6.033926606178283691e-01,
-6.019780039787292480e-01,
-5.991429686546325684e-01,
-5.931758880615234375e-01,
-5.926374197006225586e-01,
-5.933408737182617188e-01,
-5.935490131378173828e-01,
-5.921008586883544922e-01,
-5.939928293228149414e-01,
-5.923687815666198730e-01,
-5.909016728401184082e-01,
-5.918152332305908203e-01,
-5.937972068786621094e-01,
-5.966583490371704102e-01,
-5.975540876388549805e-01,
-5.938560962677001953e-01,
-5.893682241439819336e-01,
-5.860409140586853027e-01,
-5.807925462722778320e-01,
-5.752595663070678711e-01,
-5.742959976196289062e-01,
-5.757102966308593750e-01,
-5.776069760322570801e-01,
-5.777350664138793945e-01,
-5.801666975021362305e-01,
-5.814692974090576172e-01,
-5.812309384346008301e-01,
-5.832598805427551270e-01,
-5.838773250579833984e-01,
-5.836663842201232910e-01,
-5.843418836593627930e-01,
-5.836750268936157227e-01,
-5.819674134254455566e-01,
-5.821239352226257324e-01,
-5.826609730720520020e-01,
-5.799384117126464844e-01,
-5.595380067825317383e-01,
-5.774985551834106445e-01,
-5.982301235198974609e-01,
-5.683774948120117188e-01,
-5.042666196823120117e-01,
-4.431448578834533691e-01,
-3.950713276863098145e-01,
-3.654559254646301270e-01,
-3.803143501281738281e-01,
-4.360938072204589844e-01,
-4.853525757789611816e-01,
-5.228536725044250488e-01,
-5.511842966079711914e-01,
-5.740946531295776367e-01,
-5.882503986358642578e-01,
-5.929263234138488770e-01,
-5.945124626159667969e-01,
-5.964927673339843750e-01,
-5.965856313705444336e-01,
-5.962718725204467773e-01,
-5.958889722824096680e-01,
-5.948680043220520020e-01,
-5.943390130996704102e-01,
-5.936813354492187500e-01,
-5.936164855957031250e-01,
-5.941941738128662109e-01,
-5.947970151901245117e-01,
-5.944591760635375977e-01,
-5.942579507827758789e-01,
-5.941721200942993164e-01,
-5.944492220878601074e-01,
-5.945559740066528320e-01,
-5.953797101974487305e-01,
-5.947283506393432617e-01,
-5.941700935363769531e-01,
-5.936392545700073242e-01,
-5.931437015533447266e-01,
-5.925679802894592285e-01,
-5.935359001159667969e-01,
-5.937534570693969727e-01,
-5.937799215316772461e-01,
-5.932571887969970703e-01,
-5.929545164108276367e-01,
-5.928728580474853516e-01,
-5.938138961791992188e-01,
-5.935717821121215820e-01,
-5.943775177001953125e-01,
-5.951271057128906250e-01,
-5.952972173690795898e-01,
-5.960512161254882812e-01,
-5.983474850654602051e-01,
-6.003242731094360352e-01,
-6.006523370742797852e-01,
-6.017873287200927734e-01,
-6.009185910224914551e-01,
-6.000124812126159668e-01,
-6.000078916549682617e-01,
-5.998642444610595703e-01,
-5.997679233551025391e-01,
-6.014070510864257812e-01,
-6.008751392364501953e-01,
-6.010352373123168945e-01,
-6.011292934417724609e-01,
-6.017292737960815430e-01,
-6.028574109077453613e-01,
-6.035038828849792480e-01,
-6.043390631675720215e-01,
-6.044321656227111816e-01,
-6.050797700881958008e-01,
-6.039172410964965820e-01,
-6.021730899810791016e-01,
-6.001832485198974609e-01,
-5.993383526802062988e-01,
-5.980647206306457520e-01,
-5.983942747116088867e-01,
-5.987860560417175293e-01,
-5.984749794006347656e-01,
-5.985444784164428711e-01,
-5.984333753585815430e-01,
-5.985649824142456055e-01,
-5.995111465454101562e-01,
-6.003594994544982910e-01,
-6.002087593078613281e-01,
-6.004184484481811523e-01,
-6.011577844619750977e-01,
-6.015576124191284180e-01,
-6.025865674018859863e-01,
-6.022341251373291016e-01,
-6.022341847419738770e-01,
-6.018182039260864258e-01,
-6.005520820617675781e-01,
-5.999603271484375000e-01,
-5.998885035514831543e-01,
-5.995497107505798340e-01,
-5.995110273361206055e-01,
-6.003275513648986816e-01,
-6.000624895095825195e-01,
-6.010720133781433105e-01,
-6.012358665466308594e-01,
-6.012088060379028320e-01,
-6.012637615203857422e-01,
-6.014044284820556641e-01,
-6.012306213378906250e-01,
-6.010658740997314453e-01,
-6.015217304229736328e-01,
-6.016267538070678711e-01,
-6.011787652969360352e-01,
-6.004920601844787598e-01,
-6.002792716026306152e-01,
-5.995892286300659180e-01,
-6.002669334411621094e-01,
-6.023778319358825684e-01,
-6.029605865478515625e-01,
-6.040677428245544434e-01,
-6.040028333663940430e-01,
-6.043261289596557617e-01,
-6.023148298263549805e-01,
-5.997250676155090332e-01,
-5.991662740707397461e-01,
-5.981010794639587402e-01,
-5.980261564254760742e-01,
-5.975304841995239258e-01,
-5.993087887763977051e-01,
-5.997333526611328125e-01,
-5.993635654449462891e-01,
-5.987058877944946289e-01,
-5.976438522338867188e-01,
-5.974428653717041016e-01,
-5.973731279373168945e-01,
-5.976086258888244629e-01,
-5.975276231765747070e-01,
-5.981212854385375977e-01,
-5.982708930969238281e-01,
-5.968931913375854492e-01,
-5.972046852111816406e-01,
-5.954505205154418945e-01,
-5.946369767189025879e-01,
-5.938994288444519043e-01,
-5.940743684768676758e-01,
-5.940920710563659668e-01,
-5.946336984634399414e-01,
-5.947765707969665527e-01,
-5.947633385658264160e-01,
-5.946895480155944824e-01,
-5.941278934478759766e-01,
-5.938842296600341797e-01,
-5.942234992980957031e-01,
-5.933359861373901367e-01,
-5.929444432258605957e-01,
-5.921815633773803711e-01,
-5.910534858703613281e-01,
-5.894347429275512695e-01,
-5.894187688827514648e-01,
-5.884934663772583008e-01,
-5.866400003433227539e-01,
-5.848577618598937988e-01,
-5.839809179306030273e-01,
-5.826061367988586426e-01,
-5.823691487312316895e-01,
-5.817450881004333496e-01,
-5.818452835083007812e-01,
-5.816724300384521484e-01,
-5.823815464973449707e-01,
-5.829610824584960938e-01,
-5.839813947677612305e-01,
-5.852928757667541504e-01,
-5.865794420242309570e-01,
-5.872617363929748535e-01,
-5.865349769592285156e-01,
-5.865714550018310547e-01,
-5.858764648437500000e-01,
-5.852831602096557617e-01,
-5.854141116142272949e-01,
-5.862934589385986328e-01,
-5.858386754989624023e-01,
-5.855488777160644531e-01,
-5.856280922889709473e-01,
-5.851463079452514648e-01,
-5.854338407516479492e-01,
-5.854653120040893555e-01,
-5.860942602157592773e-01,
-5.861408710479736328e-01,
-5.868558883666992188e-01,
-5.866548418998718262e-01,
-5.861294269561767578e-01,
-5.845973491668701172e-01,
-5.839935541152954102e-01,
-5.844033956527709961e-01,
-5.849870443344116211e-01,
-5.854836702346801758e-01,
-5.856035947799682617e-01,
-5.849612951278686523e-01,
-5.845786333084106445e-01,
-5.840928554534912109e-01,
-5.842496156692504883e-01,
-5.853782892227172852e-01,
-5.865261554718017578e-01,
-5.862994194030761719e-01,
-5.863897800445556641e-01,
-5.863024592399597168e-01,
-5.858319401741027832e-01,
-5.843777656555175781e-01,
-5.836523771286010742e-01,
-5.823600292205810547e-01,
-5.813856124877929688e-01,
-5.803063511848449707e-01,
-5.797556638717651367e-01,
-5.797449350357055664e-01,
-5.789813399314880371e-01,
-5.778601169586181641e-01,
-5.772668123245239258e-01,
-5.773054361343383789e-01,
-5.772401094436645508e-01,
-5.782784223556518555e-01,
-5.786820054054260254e-01,
-5.795006155967712402e-01,
-5.797133445739746094e-01,
-5.793904066085815430e-01,
-5.789742469787597656e-01,
-5.786415338516235352e-01,
-5.780416727066040039e-01,
-5.783385038375854492e-01,
-5.784327983856201172e-01,
-5.785255432128906250e-01,
-5.783792734146118164e-01,
-5.789289474487304688e-01,
-5.793477296829223633e-01,
-5.789158344268798828e-01,
-5.792032480239868164e-01,
-5.792071223258972168e-01,
-5.795558094978332520e-01,
-5.797643065452575684e-01,
-5.796762108802795410e-01,
-5.795779228210449219e-01,
-5.788928270339965820e-01,
-5.795174837112426758e-01,
-5.801590681076049805e-01,
-5.787220001220703125e-01,
-5.775414705276489258e-01,
-5.757774114608764648e-01,
-5.746034979820251465e-01,
-5.738240480422973633e-01,
-5.747092962265014648e-01,
-5.738782882690429688e-01,
-5.743994712829589844e-01,
-5.744903087615966797e-01,
-5.738720893859863281e-01,
-5.724184513092041016e-01,
-5.729058980941772461e-01,
-5.718116760253906250e-01,
-5.711379051208496094e-01,
-5.709422230720520020e-01,
-5.697303414344787598e-01,
-5.691708922386169434e-01,
-5.705145001411437988e-01,
-5.711597204208374023e-01,
-5.714056491851806641e-01,
-5.715894103050231934e-01,
-5.712714195251464844e-01,
-5.709714889526367188e-01,
-5.715187788009643555e-01,
-5.729871988296508789e-01,
-5.740355253219604492e-01,
-5.739333629608154297e-01,
-5.738759040832519531e-01,
-5.751823186874389648e-01,
-5.748238563537597656e-01,
-5.734754800796508789e-01,
-5.727651119232177734e-01,
-5.724667310714721680e-01,
-5.715153813362121582e-01,
-5.694311261177062988e-01,
-5.697081685066223145e-01,
-5.683196783065795898e-01,
-5.672160387039184570e-01,
-5.658020973205566406e-01,
-5.639371275901794434e-01,
-5.629969835281372070e-01,
-5.643290281295776367e-01,
-5.647033452987670898e-01,
-5.658959150314331055e-01,
-5.670785903930664062e-01,
-5.668066143989562988e-01,
-5.668953657150268555e-01,
-5.669423341751098633e-01,
-5.654782652854919434e-01,
-5.651251077651977539e-01,
-5.656309127807617188e-01,
-5.641483664512634277e-01,
-5.632321834564208984e-01,
-5.651159882545471191e-01,
-5.663158893585205078e-01,
-5.664780139923095703e-01,
-5.667153596878051758e-01,
-5.667585134506225586e-01,
-5.661696195602416992e-01,
-5.650964975357055664e-01,
-5.668109655380249023e-01,
-5.674570798873901367e-01,
-5.670254230499267578e-01,
-5.656793117523193359e-01,
-5.664178133010864258e-01,
-5.665303468704223633e-01,
-5.648934841156005859e-01,
-5.635356307029724121e-01,
-5.641363859176635742e-01,
-5.643278360366821289e-01,
-5.647065043449401855e-01,
-5.655765533447265625e-01,
-5.658782720565795898e-01,
-5.650475025177001953e-01,
-5.638667345046997070e-01,
-5.628839731216430664e-01,
-5.631376504898071289e-01,
-5.648913383483886719e-01,
-5.655199289321899414e-01,
-5.676546096801757812e-01,
-5.691642761230468750e-01,
-5.705481767654418945e-01,
-5.720638036727905273e-01,
-5.735291242599487305e-01,
-5.737899541854858398e-01,
-5.729341506958007812e-01,
-5.713201761245727539e-01,
-5.693386793136596680e-01,
-5.678604841232299805e-01,
-5.663726329803466797e-01,
-5.649657845497131348e-01,
-5.636497735977172852e-01,
-5.612527132034301758e-01,
-5.606134533882141113e-01,
-5.589576363563537598e-01,
-5.598102807998657227e-01,
-5.606708526611328125e-01,
-5.630860328674316406e-01,
-5.650709867477416992e-01,
-5.670768022537231445e-01,
-5.685139894485473633e-01,
-5.705295205116271973e-01,
-5.718306303024291992e-01,
-5.737289190292358398e-01,
-5.746915340423583984e-01,
-5.761293172836303711e-01,
-5.767623186111450195e-01,
-5.767936706542968750e-01,
-5.753256082534790039e-01,
-5.760146379470825195e-01,
-5.757257938385009766e-01,
-5.765098333358764648e-01,
-5.767686367034912109e-01,
-5.779995918273925781e-01,
-5.774060487747192383e-01,
-5.764812827110290527e-01,
-5.754667520523071289e-01,
-5.748129487037658691e-01,
-5.733253955841064453e-01,
-5.744984149932861328e-01,
-5.758764743804931641e-01,
-5.775232911109924316e-01,
-5.783078074455261230e-01,
-5.792424678802490234e-01,
-5.804488658905029297e-01,
-5.807719230651855469e-01,
-5.805172920227050781e-01,
-5.807266235351562500e-01,
-5.801640748977661133e-01,
-5.809366703033447266e-01,
-5.810930728912353516e-01,
-5.816289186477661133e-01,
-5.814864635467529297e-01,
-5.817221403121948242e-01,
-5.819622278213500977e-01,
-5.812675356864929199e-01,
-5.797141790390014648e-01,
-5.794914960861206055e-01,
-5.787291526794433594e-01,
-5.788647532463073730e-01,
-5.782470703125000000e-01,
-5.774337053298950195e-01,
-5.770748853683471680e-01,
-5.772204399108886719e-01,
-5.773258209228515625e-01,
-5.776157975196838379e-01,
-5.778355002403259277e-01,
-5.781527161598205566e-01,
-5.787488222122192383e-01,
-5.789794921875000000e-01,
-5.782450437545776367e-01,
-5.780967473983764648e-01,
-5.780262351036071777e-01,
-5.759602785110473633e-01,
-5.745729207992553711e-01,
-5.743200182914733887e-01,
-5.738534927368164062e-01,
-5.732122063636779785e-01,
-5.732395648956298828e-01,
-5.733597278594970703e-01,
-5.725876688957214355e-01,
-5.721548795700073242e-01,
-5.724186301231384277e-01,
-5.719986557960510254e-01,
-5.729404687881469727e-01,
-5.735501050949096680e-01,
-5.716058611869812012e-01,
-5.722007751464843750e-01,
-5.710086822509765625e-01,
-5.694078207015991211e-01,
-5.683131217956542969e-01,
-5.688475370407104492e-01,
-5.680470466613769531e-01,
-5.677876472473144531e-01,
-5.688418745994567871e-01,
-5.689917802810668945e-01,
-5.689580440521240234e-01,
-5.679054260253906250e-01,
-5.676778554916381836e-01,
-5.673367977142333984e-01,
-5.659493803977966309e-01,
-5.649414658546447754e-01,
-5.644586086273193359e-01,
-5.633430480957031250e-01,
-5.616509914398193359e-01,
-5.608891844749450684e-01,
-5.594393014907836914e-01,
-5.570414662361145020e-01,
-5.554044246673583984e-01,
-5.543981194496154785e-01,
-5.539830923080444336e-01,
-5.536341071128845215e-01,
-5.535182952880859375e-01,
-5.537120699882507324e-01,
-5.552364587783813477e-01,
-5.559742450714111328e-01,
-5.570188760757446289e-01,
-5.588039159774780273e-01,
-5.596294999122619629e-01,
-5.608127117156982422e-01,
-5.605844855308532715e-01,
-5.582981705665588379e-01,
-5.545120239257812500e-01,
-5.499075651168823242e-01,
-5.473921298980712891e-01,
-5.490458011627197266e-01,
-5.506876707077026367e-01,
-5.547671318054199219e-01,
-5.594640970230102539e-01,
-5.602641105651855469e-01,
-5.639249682426452637e-01,
-5.649806261062622070e-01,
-5.653076171875000000e-01,
-5.671899318695068359e-01,
-5.678353309631347656e-01,
-5.679094791412353516e-01,
-5.678966045379638672e-01,
-5.697699785232543945e-01,
-5.717588663101196289e-01,
-5.731076002120971680e-01,
-5.738088488578796387e-01,
-5.752876400947570801e-01,
-5.777771472930908203e-01,
-5.796576142311096191e-01,
-5.813970565795898438e-01,
-5.838620066642761230e-01,
-5.842591524124145508e-01,
-5.846316218376159668e-01,
-5.855323076248168945e-01,
-5.851347446441650391e-01,
-5.859338045120239258e-01,
-5.860863924026489258e-01,
-5.863723754882812500e-01,
-5.870919823646545410e-01,
-5.873276591300964355e-01,
-5.882483720779418945e-01,
-5.884459018707275391e-01,
-5.883820056915283203e-01,
-5.890780687332153320e-01,
-5.896198749542236328e-01,
-5.887054204940795898e-01,
-5.877445936203002930e-01,
-5.874894857406616211e-01,
-5.871371030807495117e-01,
-5.864427089691162109e-01,
-5.864904522895812988e-01,
-5.871300697326660156e-01,
-5.878091454505920410e-01,
-5.873835086822509766e-01,
-5.871758460998535156e-01,
-5.882025957107543945e-01,
-5.880842208862304688e-01,
-5.882976055145263672e-01,
-5.883114933967590332e-01,
-5.882497429847717285e-01,
-5.878921151161193848e-01,
-5.869164466857910156e-01,
-5.868735909461975098e-01,
-5.863634943962097168e-01,
-5.872799158096313477e-01,
-5.879904627799987793e-01,
-5.885379314422607422e-01,
-5.883837342262268066e-01,
-5.890451669692993164e-01,
-5.883883237838745117e-01,
-5.871270895004272461e-01,
-5.861569643020629883e-01,
-5.846607685089111328e-01,
-5.842216014862060547e-01,
-5.841541290283203125e-01,
-5.837033987045288086e-01,
-5.835098028182983398e-01,
-5.851508378982543945e-01,
-5.891060829162597656e-01,
-5.905799865722656250e-01,
-5.927517414093017578e-01,
-5.909222960472106934e-01,
-5.907118320465087891e-01,
-5.863602161407470703e-01,
-5.847210884094238281e-01,
-5.907705426216125488e-01,
-5.866698026657104492e-01,
-6.025702953338623047e-01,
-5.992392301559448242e-01,
-5.615904331207275391e-01,
-4.650181233882904053e-01,
-2.882840633392333984e-01,
-1.215912327170372009e-01,
3.836892172694206238e-02,
1.282856613397598267e-01,
1.787156313657760620e-01,
1.967346668243408203e-01,
1.832401007413864136e-01,
1.739602684974670410e-01,
2.071119844913482666e-01,
2.265308201313018799e-01,
2.347632348537445068e-01,
2.457284182310104370e-01,
2.727800607681274414e-01,
3.119803965091705322e-01,
3.612427413463592529e-01,
4.136756360530853271e-01,
5.039687752723693848e-01,
5.301272869110107422e-01,
5.651673078536987305e-01,
5.721309185028076172e-01,
5.629386305809020996e-01,
5.192734003067016602e-01,
5.307169556617736816e-01,
5.343269705772399902e-01,
5.628473758697509766e-01,
-4.635882973670959473e-01,
-4.731693267822265625e-01,
-4.799082279205322266e-01,
-4.745850861072540283e-01,
-4.794180691242218018e-01,
-4.899750351905822754e-01,
-4.905133545398712158e-01,
-4.860486686229705811e-01,
-4.802328348159790039e-01,
-4.828440845012664795e-01,
-4.880410730838775635e-01,
-4.906708598136901855e-01,
-4.874938428401947021e-01,
-4.928017854690551758e-01,
-4.909287095069885254e-01,
-4.857197701930999756e-01,
-4.838761985301971436e-01,
-4.807646572589874268e-01,
-4.710653126239776611e-01,
-4.925531744956970215e-01,
-5.040441751480102539e-01,
-5.123003721237182617e-01,
-5.286478996276855469e-01,
-5.571305155754089355e-01,
-5.576171875000000000e-01,
-5.685437917709350586e-01,
-5.746651887893676758e-01,
-5.879445075988769531e-01,
-5.947564840316772461e-01,
-6.027035713195800781e-01,
-6.096585392951965332e-01,
-6.123216748237609863e-01,
-6.134256720542907715e-01,
-6.137391328811645508e-01,
-6.116670966148376465e-01,
-6.134335994720458984e-01,
-6.136102676391601562e-01,
-6.107633113861083984e-01,
-6.116937398910522461e-01,
-6.107765436172485352e-01,
-6.072053909301757812e-01,
-6.016870737075805664e-01,
-6.022035479545593262e-01,
-6.055057048797607422e-01,
-6.080041527748107910e-01,
-6.100187301635742188e-01,
-6.143244504928588867e-01,
-6.136296987533569336e-01,
-6.106520891189575195e-01,
-6.099931001663208008e-01,
-6.078016757965087891e-01,
-6.053078174591064453e-01,
-6.029654741287231445e-01,
-5.996936559677124023e-01,
-5.927960872650146484e-01,
-5.900858640670776367e-01,
-5.827679634094238281e-01,
-5.795346498489379883e-01,
-5.749584436416625977e-01,
-5.737136602401733398e-01,
-5.622551441192626953e-01,
-5.651125907897949219e-01,
-5.671390295028686523e-01,
-5.753601789474487305e-01,
-5.851477384567260742e-01,
-5.990943312644958496e-01,
-6.047723293304443359e-01,
-6.112987399101257324e-01,
-6.152650713920593262e-01,
-6.160371303558349609e-01,
-6.152762174606323242e-01,
-6.159052848815917969e-01,
-6.115341186523437500e-01,
-6.071863174438476562e-01,
-6.065263152122497559e-01,
-6.052886843681335449e-01,
-5.995421409606933594e-01,
-5.966331362724304199e-01,
-5.968213081359863281e-01,
-5.926412343978881836e-01,
-5.915341377258300781e-01,
-5.933704376220703125e-01,
-5.971274375915527344e-01,
-5.925069451332092285e-01,
-5.902696847915649414e-01,
-5.860208272933959961e-01,
-5.835660696029663086e-01,
-5.793226957321166992e-01,
-5.808696746826171875e-01,
-5.824181437492370605e-01,
-5.845674276351928711e-01,
-5.850114822387695312e-01,
-5.842518806457519531e-01,
-5.747244954109191895e-01,
-5.823900699615478516e-01,
-5.810298919677734375e-01,
-5.253379344940185547e-01,
-4.833168089389801025e-01,
-4.780645072460174561e-01,
-4.816188514232635498e-01,
-5.210589170455932617e-01,
-5.746440291404724121e-01,
-5.959067940711975098e-01,
-6.049667596817016602e-01,
-6.015503406524658203e-01,
-5.970500111579895020e-01,
-5.955638885498046875e-01,
-5.943856239318847656e-01,
-5.939814448356628418e-01,
-5.948715209960937500e-01,
-5.941929817199707031e-01,
-5.933811068534851074e-01,
-5.936971902847290039e-01,
-5.934437513351440430e-01,
-5.930018424987792969e-01,
-5.936751365661621094e-01,
-5.934943556785583496e-01,
-5.941536426544189453e-01,
-5.954705476760864258e-01,
-5.972694158554077148e-01,
-5.986835360527038574e-01,
-6.001413464546203613e-01,
-6.006225347518920898e-01,
-6.001840829849243164e-01,
-6.010339260101318359e-01,
-6.015909910202026367e-01,
-6.033571958541870117e-01,
-6.035395264625549316e-01,
-6.029801368713378906e-01,
-6.022078990936279297e-01,
-6.009827852249145508e-01,
-5.996633172035217285e-01,
-5.979341268539428711e-01,
-5.993667840957641602e-01,
-5.988191962242126465e-01,
-5.998017787933349609e-01,
-6.005935072898864746e-01,
-6.011554002761840820e-01,
-6.008526682853698730e-01,
-6.010453104972839355e-01,
-6.001394987106323242e-01,
-6.003312468528747559e-01,
-6.008112430572509766e-01,
-6.004151701927185059e-01,
-6.009135246276855469e-01,
-6.017396450042724609e-01,
-6.017299890518188477e-01,
-6.012091636657714844e-01,
-6.010289192199707031e-01,
-6.012407541275024414e-01,
-6.022628545761108398e-01,
-6.044721007347106934e-01,
-6.016910076141357422e-01,
-6.006197333335876465e-01,
-6.005065441131591797e-01,
-6.000951528549194336e-01,
-5.982786417007446289e-01,
-5.988256335258483887e-01,
-5.987202525138854980e-01,
-5.984752178192138672e-01,
-5.982918739318847656e-01,
-5.965819954872131348e-01,
-5.951634645462036133e-01,
-5.942376852035522461e-01,
-5.944404006004333496e-01,
-5.936973094940185547e-01,
-5.948936939239501953e-01,
-5.942360162734985352e-01,
-5.922671556472778320e-01,
-5.911344289779663086e-01,
-5.896728038787841797e-01,
-5.882129669189453125e-01,
-5.853917598724365234e-01,
-5.828958749771118164e-01,
-5.823836326599121094e-01,
-5.831881761550903320e-01,
-5.840976238250732422e-01,
-5.849704742431640625e-01,
-5.864353179931640625e-01,
-5.862249135971069336e-01,
-5.860682725906372070e-01,
-5.859911441802978516e-01,
-5.852200388908386230e-01,
-5.859469175338745117e-01,
-5.865607261657714844e-01,
-5.868940353393554688e-01,
-5.864634513854980469e-01,
-5.855705142021179199e-01,
-5.854109525680541992e-01,
-5.851417779922485352e-01,
-5.849900841712951660e-01,
-5.863194465637207031e-01,
-5.858215093612670898e-01,
-5.861470103263854980e-01,
-5.847128629684448242e-01,
-5.848879814147949219e-01,
-5.828294754028320312e-01,
-5.813798904418945312e-01,
-5.796093940734863281e-01,
-5.785226821899414062e-01,
-5.780429840087890625e-01,
-5.782367587089538574e-01,
-5.784845352172851562e-01,
-5.781122446060180664e-01,
-5.785155296325683594e-01,
-5.788483619689941406e-01,
-5.784832239151000977e-01,
-5.791202783584594727e-01,
-5.801486968994140625e-01,
-5.798953175544738770e-01,
-5.794415473937988281e-01,
-5.803601741790771484e-01,
-5.780302286148071289e-01,
-5.764331221580505371e-01,
-5.763800144195556641e-01,
-5.748460888862609863e-01,
-5.731978416442871094e-01,
-5.736064314842224121e-01,
-5.731152296066284180e-01,
-5.710406899452209473e-01,
-5.712145566940307617e-01,
-5.709285736083984375e-01,
-5.704900026321411133e-01,
-5.715465545654296875e-01,
-5.732586383819580078e-01,
-5.736505985260009766e-01,
-5.742986202239990234e-01,
-5.730484724044799805e-01,
-5.736064910888671875e-01,
-5.723145008087158203e-01,
-5.702072381973266602e-01,
-5.668318271636962891e-01,
-5.665494203567504883e-01,
-5.643031597137451172e-01,
-5.647348165512084961e-01,
-5.658161640167236328e-01,
-5.650203227996826172e-01,
-5.638067722320556641e-01,
-5.641884803771972656e-01,
-5.652683377265930176e-01,
-5.654386878013610840e-01,
-5.661112666130065918e-01,
-5.682926177978515625e-01,
-5.668261647224426270e-01,
-5.664672851562500000e-01,
-5.644850730895996094e-01,
-5.656262636184692383e-01,
-5.662005543708801270e-01,
-5.659229755401611328e-01,
-5.658658146858215332e-01,
-5.666705369949340820e-01,
-5.672283172607421875e-01,
-5.680123567581176758e-01,
-5.710144042968750000e-01,
-5.718634724617004395e-01,
-5.709761381149291992e-01,
-5.705178976058959961e-01,
-5.667341947555541992e-01,
-5.637158751487731934e-01,
-5.613809823989868164e-01,
-5.621804594993591309e-01,
-5.624521970748901367e-01,
-5.649594664573669434e-01,
-5.679168701171875000e-01,
-5.717099905014038086e-01,
-5.725076794624328613e-01,
-5.728099346160888672e-01,
-5.743397474288940430e-01,
-5.760269165039062500e-01,
-5.749471187591552734e-01,
-5.754238367080688477e-01,
-5.760443806648254395e-01,
-5.771300792694091797e-01,
-5.766656398773193359e-01,
-5.794326066970825195e-01,
-5.797611474990844727e-01,
-5.814555883407592773e-01,
-5.814772844314575195e-01,
-5.813418626785278320e-01,
-5.818126201629638672e-01,
-5.811371207237243652e-01,
-5.802475214004516602e-01,
-5.790624618530273438e-01,
-5.786763429641723633e-01,
-5.776566267013549805e-01,
-5.779078006744384766e-01,
-5.780159235000610352e-01,
-5.779546499252319336e-01,
-5.773770213127136230e-01,
-5.765926837921142578e-01,
-5.752496719360351562e-01,
-5.737087130546569824e-01,
-5.732324123382568359e-01,
-5.733269453048706055e-01,
-5.739101767539978027e-01,
-5.730490684509277344e-01,
-5.721306800842285156e-01,
-5.705752372741699219e-01,
-5.698242187500000000e-01,
-5.692912340164184570e-01,
-5.689419507980346680e-01,
-5.691898465156555176e-01,
-5.672906637191772461e-01,
-5.660939812660217285e-01,
-5.639908909797668457e-01,
-5.611161589622497559e-01,
-5.580513477325439453e-01,
-5.570751428604125977e-01,
-5.553617477416992188e-01,
-5.547960996627807617e-01,
-5.565066337585449219e-01,
-5.572295188903808594e-01,
-5.575588941574096680e-01,
-5.550739765167236328e-01,
-5.537410974502563477e-01,
-5.538590550422668457e-01,
-5.547336339950561523e-01,
-5.568137168884277344e-01,
-5.615855455398559570e-01,
-5.660960674285888672e-01,
-5.661238431930541992e-01,
-5.699160099029541016e-01,
-5.718333721160888672e-01,
-5.752928256988525391e-01,
-5.785714983940124512e-01,
-5.815725326538085938e-01,
-5.838643908500671387e-01,
-5.853013992309570312e-01,
-5.866397619247436523e-01,
-5.866907835006713867e-01,
-5.877670049667358398e-01,
-5.878934860229492188e-01,
-5.882445573806762695e-01,
-5.877808332443237305e-01,
-5.876519680023193359e-01,
-5.877666473388671875e-01,
-5.873106718063354492e-01,
-5.879132747650146484e-01,
-5.879046916961669922e-01,
-5.888581275939941406e-01,
-5.881437659263610840e-01,
-5.884011983871459961e-01,
-5.875263810157775879e-01,
-5.879746675491333008e-01,
-5.878393054008483887e-01,
-5.875284075736999512e-01,
-5.861670970916748047e-01,
-5.848958492279052734e-01,
-5.855647325515747070e-01,
-5.885272026062011719e-01,
-5.877507925033569336e-01,
-5.882000923156738281e-01,
-5.898450613021850586e-01,
-6.021374464035034180e-01,
-5.838217735290527344e-01,
-4.874373078346252441e-01,
-3.210230171680450439e-01,
-9.735155850648880005e-02,
5.437096580862998962e-02,
1.527590155601501465e-01,
1.902888417243957520e-01,
2.392264455556869507e-01,
3.007166981697082520e-01,
3.901697993278503418e-01,
4.537999033927917480e-01,
5.006358623504638672e-01,
5.429549813270568848e-01,
5.830179452896118164e-01,
-4.354995489120483398e-01,
-4.423100948333740234e-01,
-4.549703001976013184e-01,
-4.668294787406921387e-01,
-4.895384013652801514e-01,
-4.901026487350463867e-01,
-4.939546585083007812e-01,
-4.945487976074218750e-01,
-4.868845343589782715e-01,
-4.891080558300018311e-01,
-4.845731854438781738e-01,
-4.918838441371917725e-01,
-5.034686326980590820e-01,
-5.267459154129028320e-01,
-5.528314709663391113e-01,
-5.713047981262207031e-01,
-5.814734101295471191e-01,
-5.944043397903442383e-01,
-6.018711924552917480e-01,
-6.065107583999633789e-01,
-6.108016967773437500e-01,
-6.130815744400024414e-01,
-6.140059232711791992e-01,
-6.130305528640747070e-01,
-6.126903295516967773e-01,
-6.113460659980773926e-01,
-6.061938405036926270e-01,
-6.064884662628173828e-01,
-6.076805591583251953e-01,
-6.100882887840270996e-01,
-6.084230542182922363e-01,
-6.121026277542114258e-01,
-6.082608103752136230e-01,
-6.044056415557861328e-01,
-6.019442081451416016e-01,
-5.955080986022949219e-01,
-5.860061645507812500e-01,
-5.795918703079223633e-01,
-5.728765726089477539e-01,
-5.692236423492431641e-01,
-5.711840391159057617e-01,
-5.771341323852539062e-01,
-5.885883569717407227e-01,
-5.996828675270080566e-01,
-6.065096259117126465e-01,
-6.095094680786132812e-01,
-6.123084425926208496e-01,
-6.102238893508911133e-01,
-6.087500452995300293e-01,
-6.041851043701171875e-01,
-6.017978787422180176e-01,
-5.967684984207153320e-01,
-5.958043336868286133e-01,
-5.944553613662719727e-01,
-5.914477109909057617e-01,
-5.871348977088928223e-01,
-5.865581035614013672e-01,
-5.832241773605346680e-01,
-5.805212259292602539e-01,
-5.818424224853515625e-01,
-5.844298601150512695e-01,
-5.945773124694824219e-01,
-5.757302641868591309e-01,
-5.260759592056274414e-01,
-5.022382736206054688e-01,
-5.051290988922119141e-01,
-5.007607936859130859e-01,
-5.414574146270751953e-01,
-5.829565525054931641e-01,
-5.962621569633483887e-01,
-5.958899259567260742e-01,
-5.944621562957763672e-01,
-5.933535695075988770e-01,
-5.941765308380126953e-01,
-5.932012796401977539e-01,
-5.940715074539184570e-01,
-5.930604934692382812e-01,
-5.949863195419311523e-01,
-5.960403084754943848e-01,
-5.983605384826660156e-01,
-5.986762046813964844e-01,
-6.000326871871948242e-01,
-6.014012098312377930e-01,
-6.025145649909973145e-01,
-6.017791628837585449e-01,
-6.016361713409423828e-01,
-6.005240678787231445e-01,
-5.993690490722656250e-01,
-5.988169312477111816e-01,
-5.999884605407714844e-01,
-5.999249815940856934e-01,
-6.003634929656982422e-01,
-5.997173190116882324e-01,
-6.008492112159729004e-01,
-5.998547077178955078e-01,
-5.999085903167724609e-01,
-6.007443666458129883e-01,
-6.022317409515380859e-01,
-6.003191471099853516e-01,
-6.017628908157348633e-01,
-6.006907820701599121e-01,
-6.007557511329650879e-01,
-6.004670858383178711e-01,
-5.989417433738708496e-01,
-5.973882079124450684e-01,
-5.986340045928955078e-01,
-5.973973274230957031e-01,
-5.965011119842529297e-01,
-5.951701402664184570e-01,
-5.945669412612915039e-01,
-5.930061936378479004e-01,
-5.924061536788940430e-01,
-5.900752544403076172e-01,
-5.885016918182373047e-01,
-5.857495069503784180e-01,
-5.839624404907226562e-01,
-5.830428600311279297e-01,
-5.843324661254882812e-01,
-5.848454833030700684e-01,
-5.857250690460205078e-01,
-5.859298110008239746e-01,
-5.860026478767395020e-01,
-5.861412882804870605e-01,
-5.868310332298278809e-01,
-5.850580334663391113e-01,
-5.857108831405639648e-01,
-5.858722925186157227e-01,
-5.864956974983215332e-01,
-5.839593410491943359e-01,
-5.840675234794616699e-01,
-5.822874903678894043e-01,
-5.807467699050903320e-01,
-5.789630413055419922e-01,
-5.787963867187500000e-01,
-5.777633190155029297e-01,
-5.784738063812255859e-01,
-5.783908963203430176e-01,
-5.785921812057495117e-01,
-5.786508321762084961e-01,
-5.795421600341796875e-01,
-5.774866342544555664e-01,
-5.773600339889526367e-01,
-5.741919279098510742e-01,
-5.745266675949096680e-01,
-5.715976953506469727e-01,
-5.716632008552551270e-01,
-5.704473257064819336e-01,
-5.712172389030456543e-01,
-5.710450410842895508e-01,
-5.729544162750244141e-01,
-5.721186399459838867e-01,
-5.718321800231933594e-01,
-5.714473724365234375e-01,
-5.684053897857666016e-01,
-5.658223032951354980e-01,
-5.656931400299072266e-01,
-5.655130147933959961e-01,
-5.645622014999389648e-01,
-5.656445026397705078e-01,
-5.655643939971923828e-01,
-5.663908720016479492e-01,
-5.668435096740722656e-01,
-5.658252239227294922e-01,
-5.656573772430419922e-01,
-5.649935007095336914e-01,
-5.651674270629882812e-01,
-5.646617412567138672e-01,
-5.690901279449462891e-01,
-5.692082047462463379e-01,
-5.699347257614135742e-01,
-5.674831867218017578e-01,
-5.654085874557495117e-01,
-5.641955137252807617e-01,
-5.644034147262573242e-01,
-5.654284358024597168e-01,
-5.696277618408203125e-01,
-5.726435184478759766e-01,
-5.750154852867126465e-01,
-5.754362344741821289e-01,
-5.760871171951293945e-01,
-5.764130949974060059e-01,
-5.777115821838378906e-01,
-5.781465768814086914e-01,
-5.799156427383422852e-01,
-5.808040499687194824e-01,
-5.811088085174560547e-01,
-5.806169509887695312e-01,
-5.794987678527832031e-01,
-5.785914659500122070e-01,
-5.780771970748901367e-01,
-5.774855017662048340e-01,
-5.769066810607910156e-01,
-5.765494108200073242e-01,
-5.751148462295532227e-01,
-5.740061998367309570e-01,
-5.726384520530700684e-01,
-5.713543891906738281e-01,
-5.704442262649536133e-01,
-5.696180462837219238e-01,
-5.689218640327453613e-01,
-5.670996308326721191e-01,
-5.653876066207885742e-01,
-5.629527568817138672e-01,
-5.597577691078186035e-01,
-5.567573308944702148e-01,
-5.566941499710083008e-01,
-5.560584068298339844e-01,
-5.549038648605346680e-01,
-5.557486414909362793e-01,
-5.577986240386962891e-01,
-5.610514879226684570e-01,
-5.616812705993652344e-01,
-5.657144784927368164e-01,
-5.706467628479003906e-01,
-5.740228891372680664e-01,
-5.774316191673278809e-01,
-5.805545449256896973e-01,
-5.843389034271240234e-01,
-5.866495370864868164e-01,
-5.877337455749511719e-01,
-5.875351428985595703e-01,
-5.872126221656799316e-01,
-5.878726243972778320e-01,
-5.876729488372802734e-01,
-5.871984958648681641e-01,
-5.878355503082275391e-01,
-5.880192518234252930e-01,
-5.880103111267089844e-01,
-5.866719484329223633e-01,
-5.867545604705810547e-01,
-5.854486227035522461e-01,
-5.874468684196472168e-01,
-5.841143727302551270e-01,
-5.909786224365234375e-01,
-5.989116430282592773e-01,
-5.553703904151916504e-01,
-4.026764929294586182e-01,
-1.949303895235061646e-01,
3.640448302030563354e-02,
2.278634607791900635e-01,
3.144213855266571045e-01,
3.847025930881500244e-01,
4.463378787040710449e-01,
5.110015869140625000e-01,
