-7.040387988090515137e-01,
-7.021960020065307617e-01,
-7.030513286590576172e-01,
-7.030700445175170898e-01,
-7.061383724212646484e-01,
-7.114304304122924805e-01,
-7.123194932937622070e-01,
-7.118277549743652344e-01,
-7.113835811614990234e-01,
-7.129698395729064941e-01,
-7.128860950469970703e-01,
-7.111963033676147461e-01,
-7.086426019668579102e-01,
-7.080984115600585938e-01,
-7.097374200820922852e-01,
-7.118853926658630371e-01,
-7.121702432632446289e-01,
-7.116142511367797852e-01,
-7.100209593772888184e-01,
-7.104493379592895508e-01,
-7.112165689468383789e-01,
-7.114531993865966797e-01,
-7.111487984657287598e-01,
-7.107281684875488281e-01,
-7.105436325073242188e-01,
-7.107241153717041016e-01,
-7.111481428146362305e-01,
-7.114441394805908203e-01,
-7.114859819412231445e-01,
-7.115837335586547852e-01,
-7.116812467575073242e-01,
-7.116819024085998535e-01,
-7.116041183471679688e-01,
-7.116326093673706055e-01,
-7.114813327789306641e-01,
-7.111624479293823242e-01,
-7.105318307876586914e-01,
-7.103694677352905273e-01,
-7.110162973403930664e-01,
-7.113192081451416016e-01,
-7.118859291076660156e-01,
-7.119561433792114258e-01,
-7.123563289642333984e-01,
-7.128871083259582520e-01,
-7.124457955360412598e-01,
-7.117424011230468750e-01,
-7.115038633346557617e-01,
-7.106897830963134766e-01,
-7.095290422439575195e-01,
-7.101559638977050781e-01,
-7.107523679733276367e-01,
-7.111266851425170898e-01,
-7.122429013252258301e-01,
-7.129014730453491211e-01,
-7.134303450584411621e-01,
-7.135894298553466797e-01,
-7.133934497833251953e-01,
-7.131510972976684570e-01,
-7.132877111434936523e-01,
-7.128667831420898438e-01,
-7.126815319061279297e-01,
-7.130162715911865234e-01,
-7.129693031311035156e-01,
-7.127315998077392578e-01,
-7.135007381439208984e-01,
-7.137906551361083984e-01,
-7.140622138977050781e-01,
-7.145969867706298828e-01,
-7.143909931182861328e-01,
-7.139693498611450195e-01,
-7.131872773170471191e-01,
-7.125571966171264648e-01,
-7.118818163871765137e-01,
-7.121966481208801270e-01,
-7.129927277565002441e-01,
-7.139270305633544922e-01,
-7.149240374565124512e-01,
-7.145138382911682129e-01,
-7.135171890258789062e-01,
-7.133529186248779297e-01,
-7.128843069076538086e-01,
-7.122215032577514648e-01,
-7.116712331771850586e-01,
-7.109798192977905273e-01,
-7.104178071022033691e-01,
-7.102463841438293457e-01,
-7.106072902679443359e-01,
-7.112636566162109375e-01,
-7.117478847503662109e-01,
-7.119129896163940430e-01,
-7.114380598068237305e-01,
-7.118872404098510742e-01,
-7.112806439399719238e-01,
-7.108184099197387695e-01,
-7.110913991928100586e-01,
-7.106915712356567383e-01,
-7.097872495651245117e-01,
-7.101272940635681152e-01,
-7.104480266571044922e-01,
-7.103896141052246094e-01,
-7.109832763671875000e-01,
-7.104118466377258301e-01,
-7.102041840553283691e-01,
-7.106074094772338867e-01,
-7.102446556091308594e-01,
-7.096132636070251465e-01,
-7.087969779968261719e-01,
-7.086831331253051758e-01,
-7.084153890609741211e-01,
-7.088865041732788086e-01,
-7.092350125312805176e-01,
-7.087449431419372559e-01,
-7.080827355384826660e-01,
-7.079453468322753906e-01,
-7.078539729118347168e-01,
-7.080589532852172852e-01,
-7.084678411483764648e-01,
-7.081366181373596191e-01,
-7.080199718475341797e-01,
-7.076609134674072266e-01,
-7.073616981506347656e-01,
-7.071743011474609375e-01,
-7.074428200721740723e-01,
-7.077926397323608398e-01,
-7.079658508300781250e-01,
-7.085224390029907227e-01,
-7.082660198211669922e-01,
-7.079303860664367676e-01,
-7.081900238990783691e-01,
-7.083360552787780762e-01,
-7.082674503326416016e-01,
-7.075472474098205566e-01,
-7.075045108795166016e-01,
-7.075602412223815918e-01,
-7.079099416732788086e-01,
-7.085745334625244141e-01,
-7.089536190032958984e-01,
-7.090154290199279785e-01,
-7.092222571372985840e-01,
-7.088328599929809570e-01,
-7.089250087738037109e-01,
-7.090649604797363281e-01,
-7.090899944305419922e-01,
-7.091230154037475586e-01,
-7.089163064956665039e-01,
-7.091593742370605469e-01,
-7.091109156608581543e-01,
-7.088146209716796875e-01,
-7.086993455886840820e-01,
-7.084830999374389648e-01,
-7.080829739570617676e-01,
-7.081482410430908203e-01,
-7.086503505706787109e-01,
-7.090848684310913086e-01,
-7.094262838363647461e-01,
-7.100664973258972168e-01,
-7.102562189102172852e-01,
-7.102748155593872070e-01,
-7.104824781417846680e-01,
-7.104361057281494141e-01,
-7.099200487136840820e-01,
-7.097915410995483398e-01,
-7.094089388847351074e-01,
-7.096967101097106934e-01,
-7.097539901733398438e-01,
-7.096438407897949219e-01,
-7.089785337448120117e-01,
-7.085039615631103516e-01,
-7.076413035392761230e-01,
-7.076997756958007812e-01,
-7.079739570617675781e-01,
-7.084345221519470215e-01,
-7.092992067337036133e-01,
-7.096751928329467773e-01,
-7.100848555564880371e-01,
-7.103222608566284180e-01,
-7.102540731430053711e-01,
-7.104395627975463867e-01,
-7.105083465576171875e-01,
-7.103844881057739258e-01,
-7.100757360458374023e-01,
-7.104651927947998047e-01,
-7.107303142547607422e-01,
-7.105851769447326660e-01,
-7.100365757942199707e-01,
-7.096858024597167969e-01,
-7.091335058212280273e-01,
-7.094624042510986328e-01,
-7.096806764602661133e-01,
-7.102205753326416016e-01,
-7.107131481170654297e-01,
-7.111577391624450684e-01,
-7.113516330718994141e-01,
-7.115327119827270508e-01,
-7.107294797897338867e-01,
-7.099990248680114746e-01,
-7.100766897201538086e-01,
-7.096236944198608398e-01,
-7.088239789009094238e-01,
-7.085013389587402344e-01,
-7.090754508972167969e-01,
-7.095600366592407227e-01,
-7.098141908645629883e-01,
-7.102380990982055664e-01,
-7.101928591728210449e-01,
-7.099875211715698242e-01,
-7.090978622436523438e-01,
-7.082746624946594238e-01,
-7.084141969680786133e-01,
-7.086555957794189453e-01,
-7.077486515045166016e-01,
-7.079467773437500000e-01,
-7.089002132415771484e-01,
-7.088749408721923828e-01,
-7.086806893348693848e-01,
-7.083599567413330078e-01,
-7.079620361328125000e-01,
-7.077329754829406738e-01,
-7.080054283142089844e-01,
-7.080140113830566406e-01,
-7.087776660919189453e-01,
-7.082923650741577148e-01,
-7.075680494308471680e-01,
-7.071066498756408691e-01,
-7.066619992256164551e-01,
-7.066470384597778320e-01,
-7.067822217941284180e-01,
-7.070144414901733398e-01,
-7.075819373130798340e-01,
-7.078081369400024414e-01,
-7.079322338104248047e-01,
-7.079776525497436523e-01,
-7.077257633209228516e-01,
-7.073478698730468750e-01,
-7.069998979568481445e-01,
-7.066870331764221191e-01,
-7.073005437850952148e-01,
-7.073099017143249512e-01,
-7.076147794723510742e-01,
-7.083991765975952148e-01,
-7.090029716491699219e-01,
-7.097060084342956543e-01,
-7.103875875473022461e-01,
-7.105247974395751953e-01,
-7.102156877517700195e-01,
-7.100307941436767578e-01,
-7.099093198776245117e-01,
-7.101124525070190430e-01,
-7.098519802093505859e-01,
-7.092742323875427246e-01,
-7.079756259918212891e-01,
-7.071037292480468750e-01,
-7.066961526870727539e-01,
-7.071430087089538574e-01,
-7.070051431655883789e-01,
-7.065091133117675781e-01,
-7.060360312461853027e-01,
-7.051066160202026367e-01,
-7.045450210571289062e-01,
-7.046617269515991211e-01,
-7.057008743286132812e-01,
-7.058066725730895996e-01,
-7.066816687583923340e-01,
-7.072076797485351562e-01,
-7.073160409927368164e-01,
-7.067555189132690430e-01,
-7.071065902709960938e-01,
-7.064939141273498535e-01,
-7.058593034744262695e-01,
-7.052458524703979492e-01,
-7.046235799789428711e-01,
-7.040952444076538086e-01,
-7.042741179466247559e-01,
-7.044945955276489258e-01,
-7.049686908721923828e-01,
-7.053347826004028320e-01,
-7.051295042037963867e-01,
-7.054677009582519531e-01,
-7.066217660903930664e-01,
-7.066345214843750000e-01,
-7.063357234001159668e-01,
-7.062863111495971680e-01,
-7.057717442512512207e-01,
-7.056148052215576172e-01,
-7.046225070953369141e-01,
-7.039171457290649414e-01,
-7.029514312744140625e-01,
-7.019235491752624512e-01,
-7.008606195449829102e-01,
-7.001283168792724609e-01,
-7.002263665199279785e-01,
-7.005403637886047363e-01,
-7.010093927383422852e-01,
-7.007237672805786133e-01,
-7.002716064453125000e-01,
-7.008745670318603516e-01,
-7.011801004409790039e-01,
-7.013385295867919922e-01,
-7.016143798828125000e-01,
-7.021268606185913086e-01,
-7.015261650085449219e-01,
-7.017894983291625977e-01,
-7.018200159072875977e-01,
-7.017723321914672852e-01,
-7.013192176818847656e-01,
-7.009454965591430664e-01,
-7.000800371170043945e-01,
-6.999316811561584473e-01,
-7.003698348999023438e-01,
-7.006053924560546875e-01,
-7.002642750740051270e-01,
-7.000783681869506836e-01,
-6.997370719909667969e-01,
-6.995090246200561523e-01,
-7.000292539596557617e-01,
-6.997928619384765625e-01,
-6.998591423034667969e-01,
-7.003524303436279297e-01,
-7.003553509712219238e-01,
-7.005653381347656250e-01,
-7.008810043334960938e-01,
-7.005453109741210938e-01,
-7.004728913307189941e-01,
-7.005517482757568359e-01,
-6.997365951538085938e-01,
-6.996292471885681152e-01,
-7.000479698181152344e-01,
-6.999393105506896973e-01,
-7.004204392433166504e-01,
-7.001006603240966797e-01,
-6.993267536163330078e-01,
-6.993979215621948242e-01,
-6.995288133621215820e-01,
-6.991096735000610352e-01,
-6.989195346832275391e-01,
-6.984952688217163086e-01,
-6.984771490097045898e-01,
-6.988811492919921875e-01,
-6.997170448303222656e-01,
-6.993038654327392578e-01,
-6.988835334777832031e-01,
-6.988792419433593750e-01,
-6.983882784843444824e-01,
-6.985373497009277344e-01,
-6.988770961761474609e-01,
-6.985366940498352051e-01,
-6.986936926841735840e-01,
-6.983126401901245117e-01,
-6.974528431892395020e-01,
-6.981513500213623047e-01,
-6.989820599555969238e-01,
-6.992851495742797852e-01,
-6.993392705917358398e-01,
-6.993522644042968750e-01,
-6.991426944732666016e-01,
-6.987291574478149414e-01,
-6.986590623855590820e-01,
-6.984485387802124023e-01,
-6.981031894683837891e-01,
-6.971998810768127441e-01,
-6.968996524810791016e-01,
-6.961977481842041016e-01,
-6.958886384963989258e-01,
-6.956754922866821289e-01,
-6.960787177085876465e-01,
-6.960672140121459961e-01,
-6.957238912582397461e-01,
-6.954682469367980957e-01,
-6.949536800384521484e-01,
-6.942479014396667480e-01,
-6.937122344970703125e-01,
-6.926070451736450195e-01,
-6.924442052841186523e-01,
-6.923317909240722656e-01,
-6.920313239097595215e-01,
-6.916962862014770508e-01,
-6.919735670089721680e-01,
-6.918618679046630859e-01,
-6.912026405334472656e-01,
-6.914165019989013672e-01,
-6.917858719825744629e-01,
-6.922028660774230957e-01,
-6.919896006584167480e-01,
-6.922177076339721680e-01,
-6.920933127403259277e-01,
-6.921554803848266602e-01,
-6.929011344909667969e-01,
-6.931179165840148926e-01,
-6.931440830230712891e-01,
-6.931468844413757324e-01,
-6.932241916656494141e-01,
-6.945832967758178711e-01,
-6.936883926391601562e-01,
-6.931775212287902832e-01,
-6.925030946731567383e-01,
-6.914716958999633789e-01,
-6.904131770133972168e-01,
-6.904738545417785645e-01,
-6.898529529571533203e-01,
-6.893871426582336426e-01,
-6.895354986190795898e-01,
-6.895290613174438477e-01,
-6.895576715469360352e-01,
-6.902182102203369141e-01,
-6.911656856536865234e-01,
-6.914238929748535156e-01,
-6.917119026184082031e-01,
-6.921950578689575195e-01,
-6.923176050186157227e-01,
-6.928598880767822266e-01,
-6.932762861251831055e-01,
-6.929640769958496094e-01,
-6.925972700119018555e-01,
-6.926357746124267578e-01,
-6.921285390853881836e-01,
-6.925623416900634766e-01,
-6.920983791351318359e-01,
-6.910051107406616211e-01,
-6.901249885559082031e-01,
-6.894577145576477051e-01,
-6.883876919746398926e-01,
-6.885874271392822266e-01,
-6.882228851318359375e-01,
-6.879024505615234375e-01,
-6.875076293945312500e-01,
-6.879842281341552734e-01,
-6.877670288085937500e-01,
-6.877782344818115234e-01,
-6.882512569427490234e-01,
-6.883733272552490234e-01,
-6.884874105453491211e-01,
-6.881699562072753906e-01,
-6.870971322059631348e-01,
-6.865398883819580078e-01,
-6.865670084953308105e-01,
-6.870833635330200195e-01,
-6.873431205749511719e-01,
-6.871379613876342773e-01,
-6.874044537544250488e-01,
-6.878239512443542480e-01,
-6.875121593475341797e-01,
-6.873615980148315430e-01,
-6.876868009567260742e-01,
-6.873222589492797852e-01,
-6.869328022003173828e-01,
-6.876912713050842285e-01,
-6.877787113189697266e-01,
-6.877948045730590820e-01,
-6.876252889633178711e-01,
-6.871544718742370605e-01,
-6.861585974693298340e-01,
-6.859529018402099609e-01,
-6.856110095977783203e-01,
-6.851524114608764648e-01,
-6.842824220657348633e-01,
-6.835019588470458984e-01,
-6.836641430854797363e-01,
-6.842274665832519531e-01,
-6.849998235702514648e-01,
-6.850230693817138672e-01,
-6.855556964874267578e-01,
-6.851325631141662598e-01,
-6.848649978637695312e-01,
-6.840171813964843750e-01,
-6.831413507461547852e-01,
-6.820896863937377930e-01,
-6.817930936813354492e-01,
-6.806116104125976562e-01,
-6.807377338409423828e-01,
-6.809803247451782227e-01,
-6.816293001174926758e-01,
-6.812489032745361328e-01,
-6.813274025917053223e-01,
-6.809557676315307617e-01,
-6.804369688034057617e-01,
-6.805301904678344727e-01,
-6.796243190765380859e-01,
-6.788079738616943359e-01,
-6.777396202087402344e-01,
-6.765655279159545898e-01,
-6.757421493530273438e-01,
-6.762861609458923340e-01,
-6.772553920745849609e-01,
-6.782929897308349609e-01,
-6.793994903564453125e-01,
-6.808355450630187988e-01,
-6.817589998245239258e-01,
-6.820700168609619141e-01,
-6.820744276046752930e-01,
-6.814931631088256836e-01,
-6.813888549804687500e-01,
-6.814156770706176758e-01,
-6.815129518508911133e-01,
-6.816679239273071289e-01,
-6.811774969100952148e-01,
-6.816512346267700195e-01,
-6.818630099296569824e-01,
-6.812113523483276367e-01,
-6.802952289581298828e-01,
-6.806900501251220703e-01,
-6.802998781204223633e-01,
-6.805794239044189453e-01,
-6.811268329620361328e-01,
-6.806703805923461914e-01,
-6.803797483444213867e-01,
-6.806669831275939941e-01,
-6.811755895614624023e-01,
-6.813243627548217773e-01,
-6.811509132385253906e-01,
-6.813910007476806641e-01,
-6.807670593261718750e-01,
-6.810350418090820312e-01,
-6.812616586685180664e-01,
-6.813305616378784180e-01,
-6.807068586349487305e-01,
-6.771239638328552246e-01,
-6.666958332061767578e-01,
-6.512102484703063965e-01,
-6.370275020599365234e-01,
-6.383244991302490234e-01,
-6.441330313682556152e-01,
-6.574875712394714355e-01,
-6.688296198844909668e-01,
-6.798223257064819336e-01,
-6.792836189270019531e-01,
-6.808271408081054688e-01,
-6.813547015190124512e-01,
-6.818176507949829102e-01,
-6.823751926422119141e-01,
-6.866701245307922363e-01,
-6.896201372146606445e-01,
-6.880800724029541016e-01,
-6.890963315963745117e-01,
-6.892946958541870117e-01,
-6.862547397613525391e-01,
-6.837880015373229980e-01,
-6.746154427528381348e-01,
-6.672701835632324219e-01,
-6.819527149200439453e-01,
-6.838855147361755371e-01,
-6.836655735969543457e-01,
-6.743741035461425781e-01,
-6.688841581344604492e-01,
-6.819443702697753906e-01,
-6.886113882064819336e-01,
-6.936839818954467773e-01,
-6.998643279075622559e-01,
-7.021127939224243164e-01,
-6.988491415977478027e-01,
-6.962726116180419922e-01,
-6.962124109268188477e-01,
-6.948112249374389648e-01,
-6.899193525314331055e-01,
-6.846843957901000977e-01,
-6.821235418319702148e-01,
-6.807497739791870117e-01,
-6.855376958847045898e-01,
-6.946387290954589844e-01,
-6.999365091323852539e-01,
-7.024507522583007812e-01,
-6.992508769035339355e-01,
-6.968329548835754395e-01,
-6.972451210021972656e-01,
-6.983872652053833008e-01,
-6.884550452232360840e-01,
-6.632710695266723633e-01,
-6.393215656280517578e-01,
-6.180246472358703613e-01,
-5.839203000068664551e-01,
-5.432030558586120605e-01,
-5.174445509910583496e-01,
-4.996861815452575684e-01,
-4.503558576107025146e-01,
-3.714270293712615967e-01,
-3.430761098861694336e-01,
-3.673648536205291748e-01,
-3.611612617969512939e-01,
-4.153747856616973877e-01,
-5.307618379592895508e-01,
-6.006371378898620605e-01,
-6.291459202766418457e-01,
-6.699079275131225586e-01,
-6.938426494598388672e-01,
-6.669880151748657227e-01,
-6.027041673660278320e-01,
-5.291128158569335938e-01,
-4.615390598773956299e-01,
-4.445820152759552002e-01,
-5.281685590744018555e-01,
-6.148747205734252930e-01,
-6.708801984786987305e-01,
-7.022697925567626953e-01,
-7.072097063064575195e-01,
-6.981664299964904785e-01,
-6.938041448593139648e-01,
-6.966604590415954590e-01,
-6.948949694633483887e-01,
-6.990021467208862305e-01,
-7.084869742393493652e-01,
-7.040212154388427734e-01,
-7.003268599510192871e-01,
-6.974437832832336426e-01,
-6.926836967468261719e-01,
-6.994779109954833984e-01,
-7.003518939018249512e-01,
-6.928478479385375977e-01,
-6.860458850860595703e-01,
-6.829965114593505859e-01,
-6.728767156600952148e-01,
-6.604882478713989258e-01,
-6.607888936996459961e-01,
-6.522061228752136230e-01,
-6.363441944122314453e-01,
-6.337366104125976562e-01,
-6.188418865203857422e-01,
-5.932049751281738281e-01,
-5.721470117568969727e-01,
-5.749919414520263672e-01,
-5.629513263702392578e-01,
-5.664176940917968750e-01,
-5.734053850173950195e-01,
-5.822106003761291504e-01,
-5.858038067817687988e-01,
-6.062374114990234375e-01,
-6.286704540252685547e-01,
-6.509565114974975586e-01,
-6.757925748825073242e-01,
-6.913141012191772461e-01,
-6.979234218597412109e-01,
-7.045266032218933105e-01,
-7.089338898658752441e-01,
-7.039538621902465820e-01,
-6.941831707954406738e-01,
-6.916868686676025391e-01,
-6.942543983459472656e-01,
-6.961678266525268555e-01,
-7.042802572250366211e-01,
-6.993372440338134766e-01,
-6.893053650856018066e-01,
-6.823813915252685547e-01,
-6.753785610198974609e-01,
-6.806216239929199219e-01,
-6.942098736763000488e-01,
-6.999130845069885254e-01,
-7.021946907043457031e-01,
-7.040733098983764648e-01,
-7.036941051483154297e-01,
-7.008785605430603027e-01,
-6.997489333152770996e-01,
-7.030961513519287109e-01,
-6.977406144142150879e-01,
-6.833800077438354492e-01,
-6.697595715522766113e-01,
-6.408548355102539062e-01,
-6.337749958038330078e-01,
-6.503614187240600586e-01,
-6.580190658569335938e-01,
-6.455776095390319824e-01,
-6.456241607666015625e-01,
-6.566728353500366211e-01,
-6.696605682373046875e-01,
-6.699607968330383301e-01,
-6.839533448219299316e-01,
-7.035729289054870605e-01,
-7.071648836135864258e-01,
-7.083038687705993652e-01,
-7.045975327491760254e-01,
-7.051410675048828125e-01,
-7.063074111938476562e-01,
-7.052661776542663574e-01,
-6.858954429626464844e-01,
-6.422463059425354004e-01,
-6.183872818946838379e-01,
-5.697606205940246582e-01,
-5.394593477249145508e-01,
-5.375415086746215820e-01,
-5.235553979873657227e-01,
-4.792597591876983643e-01,
-4.669200778007507324e-01,
-4.985480904579162598e-01,
-5.249947309494018555e-01,
-6.173263788223266602e-01,
-6.810735464096069336e-01,
-6.924025416374206543e-01,
-6.866093277931213379e-01,
-6.678486466407775879e-01,
-6.526588201522827148e-01,
-6.528770923614501953e-01,
-6.534337997436523438e-01,
-6.542502641677856445e-01,
-6.669470071792602539e-01,
-6.842714548110961914e-01,
-6.909096837043762207e-01,
-6.981131434440612793e-01,
-7.070757150650024414e-01,
-7.125353813171386719e-01,
-7.117369174957275391e-01,
-7.112462520599365234e-01,
-7.128957509994506836e-01,
-7.124690413475036621e-01,
-7.109756469726562500e-01,
-7.110611200332641602e-01,
-7.112213373184204102e-01,
-7.111575603485107422e-01,
-7.113888263702392578e-01,
-7.120504379272460938e-01,
-7.116199135780334473e-01,
-7.110888957977294922e-01,
-7.113440036773681641e-01,
-7.113443613052368164e-01,
-7.122931480407714844e-01,
-7.120182514190673828e-01,
-7.116416692733764648e-01,
-7.117564678192138672e-01,
-7.114542722702026367e-01,
-7.108253240585327148e-01,
-7.118861079216003418e-01,
-7.127038240432739258e-01,
-7.132484912872314453e-01,
-7.137805223464965820e-01,
-7.137128114700317383e-01,
-7.132594585418701172e-01,
-7.138621211051940918e-01,
-7.137959003448486328e-01,
-7.132761478424072266e-01,
-7.132500410079956055e-01,
-7.133466005325317383e-01,
-7.133423089981079102e-01,
-7.138102650642395020e-01,
-7.134511470794677734e-01,
-7.124307155609130859e-01,
-7.114757895469665527e-01,
-7.110429406166076660e-01,
-7.114697098731994629e-01,
-7.115730047225952148e-01,
-7.114713191986083984e-01,
-7.110054492950439453e-01,
-7.113023996353149414e-01,
-7.104548215866088867e-01,
-7.105909585952758789e-01,
-7.112468481063842773e-01,
-7.103912830352783203e-01,
-7.096803188323974609e-01,
-7.096365094184875488e-01,
-7.094608545303344727e-01,
-7.086760401725769043e-01,
-7.084491252899169922e-01,
-7.086104750633239746e-01,
-7.078429460525512695e-01,
-7.078410983085632324e-01,
-7.080643177032470703e-01,
-7.078742980957031250e-01,
-7.082778215408325195e-01,
-7.085230350494384766e-01,
-7.082539796829223633e-01,
-7.084856033325195312e-01,
-7.079412937164306641e-01,
-7.086793184280395508e-01,
-7.091746330261230469e-01,
-7.096076607704162598e-01,
-7.095158100128173828e-01,
-7.095761299133300781e-01,
-7.091655135154724121e-01,
-7.085099816322326660e-01,
-7.084895372390747070e-01,
-7.091729640960693359e-01,
-7.092465162277221680e-01,
-7.092674374580383301e-01,
-7.103267908096313477e-01,
-7.109518647193908691e-01,
-7.104279398918151855e-01,
-7.101842164993286133e-01,
-7.094854116439819336e-01,
-7.087828516960144043e-01,
-7.090411186218261719e-01,
-7.089893817901611328e-01,
-7.096620798110961914e-01,
-7.094038724899291992e-01,
-7.111829519271850586e-01,
-7.112220525741577148e-01,
-7.109860181808471680e-01,
-7.102540731430053711e-01,
-7.104979753494262695e-01,
-7.106157541275024414e-01,
-7.104339599609375000e-01,
-7.106467485427856445e-01,
-7.102224826812744141e-01,
-7.104957103729248047e-01,
-7.101964950561523438e-01,
-7.100657820701599121e-01,
-7.097154855728149414e-01,
-7.102741003036499023e-01,
-7.093448638916015625e-01,
-7.090048789978027344e-01,
-7.087722420692443848e-01,
-7.094865441322326660e-01,
-7.087606191635131836e-01,
-7.089942693710327148e-01,
-7.089591622352600098e-01,
-7.085436582565307617e-01,
-7.084060311317443848e-01,
-7.077075839042663574e-01,
-7.075771093368530273e-01,
-7.071390151977539062e-01,
-7.071623802185058594e-01,
-7.075803279876708984e-01,
-7.074054479598999023e-01,
-7.082508802413940430e-01,
-7.083262205123901367e-01,
-7.087202072143554688e-01,
-7.098848223686218262e-01,
-7.106078863143920898e-01,
-7.106075286865234375e-01,
-7.099653482437133789e-01,
-7.088991999626159668e-01,
-7.082508802413940430e-01,
-7.074763774871826172e-01,
-7.066482305526733398e-01,
-7.059440612792968750e-01,
-7.065375447273254395e-01,
-7.056400179862976074e-01,
-7.065763473510742188e-01,
-7.068642377853393555e-01,
-7.068257927894592285e-01,
-7.059864997863769531e-01,
-7.058552503585815430e-01,
-7.049951553344726562e-01,
-7.058075666427612305e-01,
-7.066164016723632812e-01,
-7.065827846527099609e-01,
-7.064781188964843750e-01,
-7.056021690368652344e-01,
-7.043820619583129883e-01,
-7.031403779983520508e-01,
-7.022670507431030273e-01,
-7.017080783843994141e-01,
-7.009367346763610840e-01,
-7.010642886161804199e-01,
-7.012864351272583008e-01,
-7.019659280776977539e-01,
-7.016773819923400879e-01,
-7.016185522079467773e-01,
-7.009342908859252930e-01,
-7.009878158569335938e-01,
-7.006847262382507324e-01,
-7.005382776260375977e-01,
-7.003905177116394043e-01,
-7.001127600669860840e-01,
-7.008973360061645508e-01,
-7.017897367477416992e-01,
-7.019242644309997559e-01,
-7.017856836318969727e-01,
-7.013306617736816406e-01,
-7.009354233741760254e-01,
-7.008959054946899414e-01,
-6.998231410980224609e-01,
-6.992220878601074219e-01,
-6.994420289993286133e-01,
-6.997231245040893555e-01,
-6.992738842964172363e-01,
-6.999506950378417969e-01,
-6.991834640502929688e-01,
-6.992890834808349609e-01,
-6.989891529083251953e-01,
-6.993846893310546875e-01,
-6.988371610641479492e-01,
-6.991237401962280273e-01,
-6.989054679870605469e-01,
-6.992006301879882812e-01,
-6.982252597808837891e-01,
-6.973595619201660156e-01,
-6.964603662490844727e-01,
-6.961728334426879883e-01,
-6.949730515480041504e-01,
-6.942182779312133789e-01,
-6.940001249313354492e-01,
-6.931692361831665039e-01,
-6.922066211700439453e-01,
-6.925005316734313965e-01,
-6.923918724060058594e-01,
-6.922435760498046875e-01,
-6.922754049301147461e-01,
-6.929318904876708984e-01,
-6.931714415550231934e-01,
-6.940307617187500000e-01,
-6.933850049972534180e-01,
-6.934033036231994629e-01,
-6.926430463790893555e-01,
-6.913275718688964844e-01,
-6.897401809692382812e-01,
-6.902903914451599121e-01,
-6.907782554626464844e-01,
-6.911145448684692383e-01,
-6.920239925384521484e-01,
-6.930247545242309570e-01,
-6.925299167633056641e-01,
-6.929969787597656250e-01,
-6.925562620162963867e-01,
-6.910431385040283203e-01,
-6.908779144287109375e-01,
-6.898531913757324219e-01,
-6.885192394256591797e-01,
-6.883150935173034668e-01,
-6.882388591766357422e-01,
-6.881245970726013184e-01,
-6.879706382751464844e-01,
-6.876995563507080078e-01,
-6.875449419021606445e-01,
-6.877342462539672852e-01,
-6.874712705612182617e-01,
-6.879062652587890625e-01,
-6.879146695137023926e-01,
-6.876478195190429688e-01,
-6.871933341026306152e-01,
-6.869541406631469727e-01,
-6.863635778427124023e-01,
-6.851305365562438965e-01,
-6.847676038742065430e-01,
-6.847308278083801270e-01,
-6.850398778915405273e-01,
-6.847122311592102051e-01,
-6.843186616897583008e-01,
-6.829842329025268555e-01,
-6.826229691505432129e-01,
-6.817955374717712402e-01,
-6.810740232467651367e-01,
-6.812108159065246582e-01,
-6.804778575897216797e-01,
-6.790793538093566895e-01,
-6.783691644668579102e-01,
-6.780763864517211914e-01,
-6.785404682159423828e-01,
-6.796301603317260742e-01,
-6.804304718971252441e-01,
-6.816189289093017578e-01,
-6.827334165573120117e-01,
-6.817015409469604492e-01,
-6.812465190887451172e-01,
-6.814718842506408691e-01,
-6.817252635955810547e-01,
-6.808701753616333008e-01,
-6.810591220855712891e-01,
-6.806988716125488281e-01,
-6.810812950134277344e-01,
-6.815131902694702148e-01,
-6.812784671783447266e-01,
-6.791476011276245117e-01,
-6.706693768501281738e-01,
-6.563378572463989258e-01,
-6.499158143997192383e-01,
-6.508297920227050781e-01,
-6.567937135696411133e-01,
-6.686065196990966797e-01,
-6.804153919219970703e-01,
-6.855432987213134766e-01,
-6.851834654808044434e-01,
-6.892931461334228516e-01,
-6.846501231193542480e-01,
-6.894086003303527832e-01,
-6.842830181121826172e-01,
-6.858851909637451172e-01,
-6.861627101898193359e-01,
-6.865214109420776367e-01,
-6.934798955917358398e-01,
-6.997045278549194336e-01,
-6.957831382751464844e-01,
-6.900795698165893555e-01,
-6.902807950973510742e-01,
-6.895422339439392090e-01,
-6.917668581008911133e-01,
-6.988326311111450195e-01,
-6.969542503356933594e-01,
-6.846984624862670898e-01,
-6.381824016571044922e-01,
-5.793592929840087891e-01,
-4.917995035648345947e-01,
-4.402327835559844971e-01,
-4.215318858623504639e-01,
-4.827384948730468750e-01,
-5.265072584152221680e-01,
-5.977396368980407715e-01,
-5.857941508293151855e-01,
-5.778017640113830566e-01,
-5.974367260932922363e-01,
-6.095504164695739746e-01,
-6.131801605224609375e-01,
-6.772832870483398438e-01,
-7.041288614273071289e-01,
-7.090718746185302734e-01,
-7.053101062774658203e-01,
-7.052086591720581055e-01,
-6.950119137763977051e-01,
-6.909807324409484863e-01,
-6.840167045593261719e-01,
-6.694831848144531250e-01,
-6.591472625732421875e-01,
-6.336399316787719727e-01,
-6.091755628585815430e-01,
-5.956771373748779297e-01,
-5.749822854995727539e-01,
-5.815759897232055664e-01,
-6.089267730712890625e-01,
-6.381196975708007812e-01,
-6.655675172805786133e-01,
-6.853944063186645508e-01,
-6.956858038902282715e-01,
-6.987946033477783203e-01,
-7.025001049041748047e-01,
-7.036600112915039062e-01,
-7.034301161766052246e-01,
-6.964958906173706055e-01,
-6.963582038879394531e-01,
-7.036412954330444336e-01,
-7.039853334426879883e-01,
-6.988250017166137695e-01,
-6.874830722808837891e-01,
-6.742866039276123047e-01,
-6.590600013732910156e-01,
-6.457468867301940918e-01,
-6.681324243545532227e-01,
-6.804522275924682617e-01,
-6.978228092193603516e-01,
-7.059146165847778320e-01,
-7.068635225296020508e-01,
-6.957562565803527832e-01,
-6.800255179405212402e-01,
-6.310155987739562988e-01,
-5.677873492240905762e-01,
-5.197271108627319336e-01,
-5.675886869430541992e-01,
-6.238710880279541016e-01,
-6.653267741203308105e-01,
-6.829742193222045898e-01,
-6.729179620742797852e-01,
-6.636471152305603027e-01,
-7.092152833938598633e-01,
-7.061103582382202148e-01,
-7.052556276321411133e-01,
-7.113448381423950195e-01,
-7.114757299423217773e-01,
-7.126576900482177734e-01,
-7.113403081893920898e-01,
-7.114361524581909180e-01,
-7.114677429199218750e-01,
-7.117830514907836914e-01,
-7.117395401000976562e-01,
-7.118961215019226074e-01,
-7.117389440536499023e-01,
-7.118910551071166992e-01,
-7.119098305702209473e-01,
-7.120453119277954102e-01,
-7.116183638572692871e-01,
-7.124758958816528320e-01,
-7.136649489402770996e-01,
-7.138992547988891602e-01,
-7.131459712982177734e-01,
-7.131710052490234375e-01,
-7.133572697639465332e-01,
-7.138452529907226562e-01,
-7.130184173583984375e-01,
-7.128202915191650391e-01,
-7.116800546646118164e-01,
-7.118067741394042969e-01,
-7.112844586372375488e-01,
-7.110804915428161621e-01,
-7.109957933425903320e-01,
-7.109416723251342773e-01,
-7.101647853851318359e-01,
-7.097297906875610352e-01,
-7.096441984176635742e-01,
-7.091494202613830566e-01,
-7.083516120910644531e-01,
-7.084985971450805664e-01,
-7.080584764480590820e-01,
-7.083086967468261719e-01,
-7.084202766418457031e-01,
-7.082008123397827148e-01,
-7.084004878997802734e-01,
-7.083522081375122070e-01,
-7.094025611877441406e-01,
-7.096314430236816406e-01,
-7.092116475105285645e-01,
-7.086959481239318848e-01,
-7.090855240821838379e-01,
-7.096100449562072754e-01,
-7.094750404357910156e-01,
-7.106963396072387695e-01,
-7.101744413375854492e-01,
-7.094376087188720703e-01,
-7.089514732360839844e-01,
-7.091833353042602539e-01,
-7.091854810714721680e-01,
-7.100243568420410156e-01,
-7.111020088195800781e-01,
-7.105200290679931641e-01,
-7.104724645614624023e-01,
-7.106009721755981445e-01,
-7.100609540939331055e-01,
-7.100000381469726562e-01,
-7.099633216857910156e-01,
-7.095952033996582031e-01,
-7.093530297279357910e-01,
-7.085971236228942871e-01,
-7.091720104217529297e-01,
-7.090990543365478516e-01,
-7.083457708358764648e-01,
-7.080645561218261719e-01,
-7.079888582229614258e-01,
-7.078270912170410156e-01,
-7.078258991241455078e-01,
-7.071261405944824219e-01,
-7.076175212860107422e-01,
-7.088133096694946289e-01,
-7.090300321578979492e-01,
-7.097943425178527832e-01,
-7.095607519149780273e-01,
-7.088294029235839844e-01,
-7.083817720413208008e-01,
-7.072569131851196289e-01,
-7.068030834197998047e-01,
-7.067263126373291016e-01,
-7.062953710556030273e-01,
-7.061288356781005859e-01,
-7.061622142791748047e-01,
-7.058188319206237793e-01,
-7.065142393112182617e-01,
-7.065985202789306641e-01,
-7.055118083953857422e-01,
-7.046663165092468262e-01,
-7.040577530860900879e-01,
-7.022351026535034180e-01,
-7.009053230285644531e-01,
-7.013286948204040527e-01,
-7.015488147735595703e-01,
-7.016608715057373047e-01,
-7.005243301391601562e-01,
-7.011725306510925293e-01,
-7.005703449249267578e-01,
-7.002311944961547852e-01,
-7.007731795310974121e-01,
-7.011754512786865234e-01,
-7.004808187484741211e-01,
-7.006587982177734375e-01,
-6.998112201690673828e-01,
-7.002071142196655273e-01,
-6.992759704589843750e-01,
-6.989993453025817871e-01,
-6.987473964691162109e-01,
-6.988028287887573242e-01,
-6.989675164222717285e-01,
-6.988961696624755859e-01,
-6.983028650283813477e-01,
-6.983270645141601562e-01,
-6.980001926422119141e-01,
-6.969763040542602539e-01,
-6.955865621566772461e-01,
-6.947105526924133301e-01,
-6.935790777206420898e-01,
-6.925042271614074707e-01,
-6.923161745071411133e-01,
-6.922767162322998047e-01,
-6.919691562652587891e-01,
-6.932595968246459961e-01,
-6.926977634429931641e-01,
-6.927360296249389648e-01,
-6.917861700057983398e-01,
-6.909247636795043945e-01,
-6.906412839889526367e-01,
-6.913569569587707520e-01,
-6.914628744125366211e-01,
-6.921345591545104980e-01,
-6.918365955352783203e-01,
-6.911621093750000000e-01,
-6.900821924209594727e-01,
-6.893492937088012695e-01,
-6.884619593620300293e-01,
-6.879450678825378418e-01,
-6.883631348609924316e-01,
-6.881119012832641602e-01,
-6.877663135528564453e-01,
-6.880685091018676758e-01,
-6.880687475204467773e-01,
-6.875643730163574219e-01,
-6.867157816886901855e-01,
-6.855698823928833008e-01,
-6.850259304046630859e-01,
-6.845381855964660645e-01,
-6.838990449905395508e-01,
-6.836967468261718750e-01,
-6.832482218742370605e-01,
-6.821013689041137695e-01,
-6.802327036857604980e-01,
-6.795873641967773438e-01,
-6.797362565994262695e-01,
-6.795670986175537109e-01,
-6.794685721397399902e-01,
-6.807152032852172852e-01,
-6.817009449005126953e-01,
-6.815195679664611816e-01,
-6.806036829948425293e-01,
-6.820186972618103027e-01,
-6.813582181930541992e-01,
-6.813558340072631836e-01,
-6.812902688980102539e-01,
-6.771229505538940430e-01,
-6.658490896224975586e-01,
-6.667895913124084473e-01,
-6.686758399009704590e-01,
-6.706258058547973633e-01,
-6.800518035888671875e-01,
-6.847265362739562988e-01,
-6.808195114135742188e-01,
-6.892510056495666504e-01,
-6.905969381332397461e-01,
-6.907643079757690430e-01,
-6.921391487121582031e-01,
-6.900261640548706055e-01,
-6.955498456954956055e-01,
-6.931576728820800781e-01,
-6.919327974319458008e-01,
-6.946585178375244141e-01,
-6.901140213012695312e-01,
-6.523099541664123535e-01,
-5.655654668807983398e-01,
-4.995137453079223633e-01,
-5.192576646804809570e-01,
-5.507034063339233398e-01,
-5.197954773902893066e-01,
-5.982933640480041504e-01,
-6.462132930755615234e-01,
-6.481945514678955078e-01,
-6.541842222213745117e-01,
-7.064291238784790039e-01,
-7.078366875648498535e-01,
-7.030971050262451172e-01,
-6.832917332649230957e-01,
-6.654362082481384277e-01,
-6.451441645622253418e-01,
-6.208440661430358887e-01,
-6.029692292213439941e-01,
-6.115950942039489746e-01,
-6.278152465820312500e-01,
-6.561352014541625977e-01,
-6.781649589538574219e-01,
-6.935597658157348633e-01,
-7.045339345932006836e-01,
-7.040625810623168945e-01,
-7.042881250381469727e-01,
-7.028546333312988281e-01,
-6.984516382217407227e-01,
-6.952272057533264160e-01,
-6.800044775009155273e-01,
-6.778512597084045410e-01,
-6.774957180023193359e-01,
-6.930444240570068359e-01,
-6.919151544570922852e-01,
-6.902752518653869629e-01,
-6.522927284240722656e-01,
-6.040670275688171387e-01,
-6.078539490699768066e-01,
-6.329275369644165039e-01,
-6.721140742301940918e-01,
-6.797049045562744141e-01,
