-7.135624885559082031e-01,
-7.129471898078918457e-01,
-7.120435833930969238e-01,
-7.151405811309814453e-01,
-7.168391942977905273e-01,
-7.159091234207153320e-01,
-7.155674695968627930e-01,
-7.152982950210571289e-01,
-7.169668674468994141e-01,
-7.191084027290344238e-01,
-7.190527915954589844e-01,
-7.179578542709350586e-01,
-7.179952859878540039e-01,
-7.179160118103027344e-01,
-7.184383869171142578e-01,
-7.186549901962280273e-01,
-7.181261777877807617e-01,
-7.168062925338745117e-01,
-7.159571647644042969e-01,
-7.180833816528320312e-01,
-7.184464335441589355e-01,
-7.181011438369750977e-01,
-7.183019518852233887e-01,
-7.185115814208984375e-01,
-7.180624604225158691e-01,
-7.192476391792297363e-01,
-7.192103862762451172e-01,
-7.190421819686889648e-01,
-7.189309597015380859e-01,
-7.183569669723510742e-01,
-7.174574136734008789e-01,
-7.185201048851013184e-01,
-7.191635370254516602e-01,
-7.191714048385620117e-01,
-7.197952866554260254e-01,
-7.204138040542602539e-01,
-7.210364341735839844e-01,
-7.216404676437377930e-01,
-7.234750986099243164e-01,
-7.232766151428222656e-01,
-7.232604026794433594e-01,
-7.235328555107116699e-01,
-7.232447862625122070e-01,
-7.232474088668823242e-01,
-7.244266271591186523e-01,
-7.247527241706848145e-01,
-7.253708839416503906e-01,
-7.257088422775268555e-01,
-7.264739274978637695e-01,
-7.260599136352539062e-01,
-7.256996631622314453e-01,
-7.261873483657836914e-01,
-7.259947061538696289e-01,
-7.260783910751342773e-01,
-7.255995273590087891e-01,
-7.255104780197143555e-01,
-7.242676615715026855e-01,
-7.237523794174194336e-01,
-7.226222157478332520e-01,
-7.217248678207397461e-01,
-7.216314673423767090e-01,
-7.218402624130249023e-01,
-7.219969630241394043e-01,
-7.222545146942138672e-01,
-7.217733860015869141e-01,
-7.214669585227966309e-01,
-7.214956879615783691e-01,
-7.215712666511535645e-01,
-7.214526534080505371e-01,
-7.207721471786499023e-01,
-7.210428714752197266e-01,
-7.206311225891113281e-01,
-7.202075719833374023e-01,
-7.200813293457031250e-01,
-7.203558683395385742e-01,
-7.203823924064636230e-01,
-7.203640937805175781e-01,
-7.205579876899719238e-01,
-7.211058139801025391e-01,
-7.213078737258911133e-01,
-7.208845615386962891e-01,
-7.212371826171875000e-01,
-7.210836410522460938e-01,
-7.203954458236694336e-01,
-7.200288772583007812e-01,
-7.200320959091186523e-01,
-7.196416258811950684e-01,
-7.196397781372070312e-01,
-7.193456292152404785e-01,
-7.198389768600463867e-01,
-7.197107076644897461e-01,
-7.199342250823974609e-01,
-7.206937074661254883e-01,
-7.208011150360107422e-01,
-7.212169170379638672e-01,
-7.219142913818359375e-01,
-7.223695516586303711e-01,
-7.231081724166870117e-01,
-7.228002548217773438e-01,
-7.230700254440307617e-01,
-7.228647470474243164e-01,
-7.223066091537475586e-01,
-7.222652435302734375e-01,
-7.225522398948669434e-01,
-7.221293449401855469e-01,
-7.209359407424926758e-01,
-7.207517623901367188e-01,
-7.211440801620483398e-01,
-7.209222316741943359e-01,
-7.216562032699584961e-01,
-7.218196988105773926e-01,
-7.215172648429870605e-01,
-7.208503484725952148e-01,
-7.200253009796142578e-01,
-7.202167510986328125e-01,
-7.205159664154052734e-01,
-7.216210365295410156e-01,
-7.222455739974975586e-01,
-7.223665714263916016e-01,
-7.234233617782592773e-01,
-7.232078313827514648e-01,
-7.233173847198486328e-01,
-7.223731279373168945e-01,
-7.222972512245178223e-01,
-7.216446399688720703e-01,
-7.208765745162963867e-01,
-7.212365865707397461e-01,
-7.226388454437255859e-01,
-7.238210439682006836e-01,
-7.240309715270996094e-01,
-7.239304780960083008e-01,
-7.238812446594238281e-01,
-7.239797115325927734e-01,
-7.242875099182128906e-01,
-7.248085737228393555e-01,
-7.246556282043457031e-01,
-7.243798971176147461e-01,
-7.246657013893127441e-01,
-7.243711948394775391e-01,
-7.235853672027587891e-01,
-7.239037752151489258e-01,
-7.240011096000671387e-01,
-7.236347794532775879e-01,
-7.229626178741455078e-01,
-7.226278781890869141e-01,
-7.230233550071716309e-01,
-7.229443788528442383e-01,
-7.224221229553222656e-01,
-7.226747870445251465e-01,
-7.234492301940917969e-01,
-7.230704426765441895e-01,
-7.232421636581420898e-01,
-7.236207723617553711e-01,
-7.242207527160644531e-01,
-7.232892513275146484e-01,
-7.232507467269897461e-01,
-7.228736877441406250e-01,
-7.224947214126586914e-01,
-7.221099138259887695e-01,
-7.215731143951416016e-01,
-7.221913337707519531e-01,
-7.226302623748779297e-01,
-7.220004796981811523e-01,
-7.226767539978027344e-01,
-7.234133481979370117e-01,
-7.222414016723632812e-01,
-7.218137979507446289e-01,
-7.215293645858764648e-01,
-7.211273908615112305e-01,
-7.209888696670532227e-01,
-7.199672460556030273e-01,
-7.187803983688354492e-01,
-7.196476459503173828e-01,
-7.188851833343505859e-01,
-7.177479267120361328e-01,
-7.186474800109863281e-01,
-7.204162478446960449e-01,
-7.211751341819763184e-01,
-7.219377756118774414e-01,
-7.242559194564819336e-01,
-7.235721349716186523e-01,
-7.229668498039245605e-01,
-7.246162891387939453e-01,
-7.228685617446899414e-01,
-7.216422557830810547e-01,
-7.212907671928405762e-01,
-7.200469970703125000e-01,
-7.178856134414672852e-01,
-7.174236774444580078e-01,
-7.175186872482299805e-01,
-7.155093550682067871e-01,
-7.152884602546691895e-01,
-7.155746221542358398e-01,
-7.170142531394958496e-01,
-7.174932956695556641e-01,
-7.177040576934814453e-01,
-7.193432450294494629e-01,
-7.205944061279296875e-01,
-7.197828292846679688e-01,
-7.194875478744506836e-01,
-7.191075086593627930e-01,
-7.186477184295654297e-01,
-7.159978747367858887e-01,
-7.146882414817810059e-01,
-7.161098718643188477e-01,
-7.175681591033935547e-01,
-7.181453108787536621e-01,
-7.193313837051391602e-01,
-7.193925380706787109e-01,
-7.192972898483276367e-01,
-7.188425064086914062e-01,
-7.189751863479614258e-01,
-7.191247940063476562e-01,
-7.178995609283447266e-01,
-7.180702686309814453e-01,
-7.210345268249511719e-01,
-7.205054759979248047e-01,
-7.201556563377380371e-01,
-7.198466062545776367e-01,
-7.200627326965332031e-01,
-7.192330360412597656e-01,
-7.189005017280578613e-01,
-7.211624979972839355e-01,
-7.220651507377624512e-01,
-7.219822406768798828e-01,
-7.219409346580505371e-01,
-7.227584719657897949e-01,
-7.213666439056396484e-01,
-7.213365435600280762e-01,
-7.212871313095092773e-01,
-7.212736606597900391e-01,
-7.215206623077392578e-01,
-7.218521833419799805e-01,
-7.214697599411010742e-01,
-7.213343381881713867e-01,
-7.206431031227111816e-01,
-7.204571366310119629e-01,
-7.202581167221069336e-01,
-7.195321321487426758e-01,
-7.195492982864379883e-01,
-7.189723253250122070e-01,
-7.190139889717102051e-01,
-7.188309431076049805e-01,
-7.176215648651123047e-01,
-7.166974544525146484e-01,
-7.162777185440063477e-01,
-7.150782942771911621e-01,
-7.150210738182067871e-01,
-7.160632610321044922e-01,
-7.169524431228637695e-01,
-7.177925109863281250e-01,
-7.187286615371704102e-01,
-7.192237377166748047e-01,
-7.194083929061889648e-01,
-7.193269729614257812e-01,
-7.193278074264526367e-01,
-7.196476459503173828e-01,
-7.198089361190795898e-01,
-7.196944952011108398e-01,
-7.200124263763427734e-01,
-7.201656699180603027e-01,
-7.199783921241760254e-01,
-7.195419073104858398e-01,
-7.179807424545288086e-01,
-7.169300913810729980e-01,
-7.169979810714721680e-01,
-7.172019481658935547e-01,
-7.176170945167541504e-01,
-7.188228368759155273e-01,
-7.208337783813476562e-01,
-7.225987911224365234e-01,
-7.241423130035400391e-01,
-7.249559164047241211e-01,
-7.253642082214355469e-01,
-7.247959971427917480e-01,
-7.245590686798095703e-01,
-7.247608900070190430e-01,
-7.251532077789306641e-01,
-7.257211208343505859e-01,
-7.256009578704833984e-01,
-7.261449098587036133e-01,
-7.263221740722656250e-01,
-7.263110876083374023e-01,
-7.269866466522216797e-01,
-7.267305850982666016e-01,
-7.263644933700561523e-01,
-7.257236838340759277e-01,
-7.250898480415344238e-01,
-7.242632508277893066e-01,
-7.241879105567932129e-01,
-7.244380712509155273e-01,
-7.248621582984924316e-01,
-7.248526811599731445e-01,
-7.254346609115600586e-01,
-7.257758378982543945e-01,
-7.262418866157531738e-01,
-7.265431284904479980e-01,
-7.263161540031433105e-01,
-7.263075113296508789e-01,
-7.260760068893432617e-01,
-7.259048223495483398e-01,
-7.262402772903442383e-01,
-7.261586785316467285e-01,
-7.259327173233032227e-01,
-7.254612445831298828e-01,
-7.251396775245666504e-01,
-7.246369123458862305e-01,
-7.249730229377746582e-01,
-7.252676486968994141e-01,
-7.247344255447387695e-01,
-7.242162823677062988e-01,
-7.235813140869140625e-01,
-7.235568761825561523e-01,
-7.237222194671630859e-01,
-7.232732176780700684e-01,
-7.235628366470336914e-01,
-7.230502963066101074e-01,
-7.227103710174560547e-01,
-7.228116393089294434e-01,
-7.234113216400146484e-01,
-7.239361405372619629e-01,
-7.234454154968261719e-01,
-7.232729196548461914e-01,
-7.224423885345458984e-01,
-7.215588092803955078e-01,
-7.219375371932983398e-01,
-7.220917940139770508e-01,
-7.216910719871520996e-01,
-7.209825515747070312e-01,
-7.218896746635437012e-01,
-7.222146987915039062e-01,
-7.223749756813049316e-01,
-7.215281724929809570e-01,
-7.221413850784301758e-01,
-7.225583195686340332e-01,
-7.227424383163452148e-01,
-7.228283882141113281e-01,
-7.233620285987854004e-01,
-7.232950925827026367e-01,
-7.232715487480163574e-01,
-7.232538461685180664e-01,
-7.227840423583984375e-01,
-7.228978872299194336e-01,
-7.235066890716552734e-01,
-7.236353158950805664e-01,
-7.237297892570495605e-01,
-7.239001393318176270e-01,
-7.234740853309631348e-01,
-7.227947711944580078e-01,
-7.232841253280639648e-01,
-7.235198616981506348e-01,
-7.226681709289550781e-01,
-7.216509580612182617e-01,
-7.200204133987426758e-01,
-7.188007831573486328e-01,
-7.182044982910156250e-01,
-7.192561030387878418e-01,
-7.195219993591308594e-01,
-7.200866937637329102e-01,
-7.206346988677978516e-01,
-7.203520536422729492e-01,
-7.194601893424987793e-01,
-7.187765836715698242e-01,
-7.176399827003479004e-01,
-7.164528965950012207e-01,
-7.142252922058105469e-01,
-7.106738090515136719e-01,
-5.252019762992858887e-01,
1.551088690757751465e-02,
4.569799005985260010e-01,
5.561581850051879883e-01,
5.383893251419067383e-01,
3.426564037799835205e-01,
-1.356422454118728638e-01,
-5.664640665054321289e-01,
-7.307603955268859863e-01,
-7.276709079742431641e-01,
-7.098975181579589844e-01,
-7.198294997215270996e-01,
-7.261862158775329590e-01,
-7.310098409652709961e-01,
-7.351801991462707520e-01,
-7.383439540863037109e-01,
-7.392342090606689453e-01,
-7.331430912017822266e-01,
-7.316696643829345703e-01,
-7.328604459762573242e-01,
-7.341103553771972656e-01,
-7.401882410049438477e-01,
-7.474911212921142578e-01,
-7.507533431053161621e-01,
-7.511896491050720215e-01,
-7.517154216766357422e-01,
-7.516743540763854980e-01,
-7.512368559837341309e-01,
-7.512816786766052246e-01,
-7.523276805877685547e-01,
-7.532244920730590820e-01,
-7.537209987640380859e-01,
-7.534111738204956055e-01,
-7.525549530982971191e-01,
-7.515676021575927734e-01,
-7.514425516128540039e-01,
-7.510346770286560059e-01,
-7.531055212020874023e-01,
-7.545611858367919922e-01,
-7.555343508720397949e-01,
-7.565035223960876465e-01,
-7.569409012794494629e-01,
-7.573466300964355469e-01,
-7.570959925651550293e-01,
-7.566287517547607422e-01,
-7.563103437423706055e-01,
-7.556852102279663086e-01,
-7.545273900032043457e-01,
-7.542586326599121094e-01,
-7.539204955101013184e-01,
-7.541413307189941406e-01,
-7.550044059753417969e-01,
-7.558050155639648438e-01,
-7.557372450828552246e-01,
-7.562040686607360840e-01,
-7.564550638198852539e-01,
-7.558642625808715820e-01,
-7.559287548065185547e-01,
-7.564268112182617188e-01,
-7.561362981796264648e-01,
-7.561328411102294922e-01,
-7.555159926414489746e-01,
-7.552005052566528320e-01,
-7.546527385711669922e-01,
-7.539972066879272461e-01,
-7.538938522338867188e-01,
-7.540385723114013672e-01,
-7.548339366912841797e-01,
-7.542617321014404297e-01,
-7.548010349273681641e-01,
-7.546773552894592285e-01,
-7.544237375259399414e-01,
-7.542678713798522949e-01,
-7.546758055686950684e-01,
-7.549679279327392578e-01,
-7.554286718368530273e-01,
-7.554407119750976562e-01,
-7.557361125946044922e-01,
-7.564139366149902344e-01,
-7.569893002510070801e-01,
-7.575431466102600098e-01,
-7.574747800827026367e-01,
-7.571249008178710938e-01,
-7.563138008117675781e-01,
-7.562072277069091797e-01,
-7.550550699234008789e-01,
-7.545009851455688477e-01,
-7.547410726547241211e-01,
-7.552070021629333496e-01,
-7.552160024642944336e-01,
-7.564143538475036621e-01,
-7.565402984619140625e-01,
-7.560633420944213867e-01,
-7.557830810546875000e-01,
-7.554651498794555664e-01,
-7.547327280044555664e-01,
-7.551530599594116211e-01,
-7.546412944793701172e-01,
-7.540567517280578613e-01,
-7.535226345062255859e-01,
-7.530009746551513672e-01,
-7.518820762634277344e-01,
-7.515527606010437012e-01,
-7.522475719451904297e-01,
-7.519434690475463867e-01,
-7.519046068191528320e-01,
-7.520993947982788086e-01,
-7.522220611572265625e-01,
-7.521696090698242188e-01,
-7.518402934074401855e-01,
-7.516083121299743652e-01,
-7.513370513916015625e-01,
-7.515394091606140137e-01,
-7.522121667861938477e-01,
-7.530701756477355957e-01,
-7.540920376777648926e-01,
-7.542709112167358398e-01,
-7.545087337493896484e-01,
-7.544658184051513672e-01,
-7.550011277198791504e-01,
-7.549350857734680176e-01,
-7.552549839019775391e-01,
-7.552731037139892578e-01,
-7.555333971977233887e-01,
-7.550468444824218750e-01,
-7.538214325904846191e-01,
-7.536612749099731445e-01,
-7.538352012634277344e-01,
-7.536280751228332520e-01,
-7.530809044837951660e-01,
-7.526625990867614746e-01,
-7.537090778350830078e-01,
-7.533589601516723633e-01,
-7.550709843635559082e-01,
-7.556416988372802734e-01,
-7.563548088073730469e-01,
-7.560835480690002441e-01,
-7.555743455886840820e-01,
-7.554969191551208496e-01,
-7.547805309295654297e-01,
-7.545248270034790039e-01,
-7.545731067657470703e-01,
-7.539442181587219238e-01,
-7.531726956367492676e-01,
-7.534064054489135742e-01,
-7.532568573951721191e-01,
-7.525107860565185547e-01,
-7.517082691192626953e-01,
-7.508639097213745117e-01,
-7.506223917007446289e-01,
-7.507683634757995605e-01,
-7.505293488502502441e-01,
-7.504857182502746582e-01,
-7.506859898567199707e-01,
-7.503124475479125977e-01,
-7.499902844429016113e-01,
-7.510585188865661621e-01,
-7.525515556335449219e-01,
-7.539041638374328613e-01,
-7.554854750633239746e-01,
-7.561585903167724609e-01,
-7.567101716995239258e-01,
-7.565870285034179688e-01,
-7.558292150497436523e-01,
-7.557011842727661133e-01,
-7.553653717041015625e-01,
-7.551639080047607422e-01,
-7.548002004623413086e-01,
-7.547765374183654785e-01,
-7.542924284934997559e-01,
-7.527868747711181641e-01,
-7.513408064842224121e-01,
-7.507194280624389648e-01,
-7.499656081199645996e-01,
-7.494616508483886719e-01,
-7.491621375083923340e-01,
-7.497750520706176758e-01,
-7.489780783653259277e-01,
-7.213748693466186523e-01,
-7.271311283111572266e-01,
-7.262958288192749023e-01,
-7.232276201248168945e-01,
-7.167993783950805664e-01,
-7.173537015914916992e-01,
-7.202388048171997070e-01,
-7.187834978103637695e-01,
-7.183886170387268066e-01,
-7.172735333442687988e-01,
-7.188537120819091797e-01,
-7.182849645614624023e-01,
-7.181379795074462891e-01,
-7.194689512252807617e-01,
-7.192348241806030273e-01,
-7.184765338897705078e-01,
-7.205572128295898438e-01,
-7.218132019042968750e-01,
-7.221144437789916992e-01,
-7.232338190078735352e-01,
-7.256262302398681641e-01,
-7.251654863357543945e-01,
-7.251747846603393555e-01,
-7.257515192031860352e-01,
-7.260236740112304688e-01,
-7.259354591369628906e-01,
-7.251743078231811523e-01,
-7.242947220802307129e-01,
-7.237244844436645508e-01,
-7.222637534141540527e-01,
-7.220220565795898438e-01,
-7.216696143150329590e-01,
-7.219861745834350586e-01,
-7.215121984481811523e-01,
-7.210586071014404297e-01,
-7.203782200813293457e-01,
-7.202941179275512695e-01,
-7.208176851272583008e-01,
-7.206335067749023438e-01,
-7.212292551994323730e-01,
-7.210590839385986328e-01,
-7.198752164840698242e-01,
-7.194973230361938477e-01,
-7.199878692626953125e-01,
-7.209013700485229492e-01,
-7.209913134574890137e-01,
-7.213579416275024414e-01,
-7.218923568725585938e-01,
-7.226280570030212402e-01,
-7.224692702293395996e-01,
-7.217758893966674805e-01,
-7.216760516166687012e-01,
-7.217029929161071777e-01,
-7.212818861007690430e-01,
-7.204061150550842285e-01,
-7.211512327194213867e-01,
-7.215523123741149902e-01,
-7.218805551528930664e-01,
-7.224489450454711914e-01,
-7.220240235328674316e-01,
-7.223228216171264648e-01,
-7.225593328475952148e-01,
-7.221009731292724609e-01,
-7.220655083656311035e-01,
-7.239723801612854004e-01,
-7.250849008560180664e-01,
-7.246962785720825195e-01,
-7.248048782348632812e-01,
-7.250205874443054199e-01,
-7.246627807617187500e-01,
-7.242646217346191406e-01,
-7.230535745620727539e-01,
-7.220168709754943848e-01,
-7.222744226455688477e-01,
-7.227336168289184570e-01,
-7.233704924583435059e-01,
-7.235960960388183594e-01,
-7.228922843933105469e-01,
-7.235043048858642578e-01,
-7.230580449104309082e-01,
-7.230607271194458008e-01,
-7.228303551673889160e-01,
-7.226623296737670898e-01,
-7.218413949012756348e-01,
-7.218450307846069336e-01,
-7.217375040054321289e-01,
-7.221260666847229004e-01,
-7.230032682418823242e-01,
-7.227224111557006836e-01,
-7.244703769683837891e-01,
-7.223032712936401367e-01,
-7.189597487449645996e-01,
-7.204335927963256836e-01,
-7.198358178138732910e-01,
-7.201659679412841797e-01,
-7.192586660385131836e-01,
-7.196389436721801758e-01,
-7.192622423171997070e-01,
-7.182461023330688477e-01,
-7.173323631286621094e-01,
-7.165956497192382812e-01,
-7.158317565917968750e-01,
-7.188799381256103516e-01,
-7.188599109649658203e-01,
-7.199436426162719727e-01,
-7.193768620491027832e-01,
-7.185658216476440430e-01,
-7.167884111404418945e-01,
-7.168948650360107422e-01,
-7.164275050163269043e-01,
-7.157938480377197266e-01,
-7.192953824996948242e-01,
-7.204728126525878906e-01,
-7.227132320404052734e-01,
-7.208353281021118164e-01,
-7.215704917907714844e-01,
-7.218285799026489258e-01,
-7.209722995758056641e-01,
-7.194212675094604492e-01,
-7.185910344123840332e-01,
-7.179021835327148438e-01,
-7.172002792358398438e-01,
-7.171852588653564453e-01,
-7.168911695480346680e-01,
-7.178392410278320312e-01,
-7.188712358474731445e-01,
-7.194416522979736328e-01,
-7.197856307029724121e-01,
-7.200207710266113281e-01,
-7.193926572799682617e-01,
-7.192550897598266602e-01,
-7.190632820129394531e-01,
-7.196005582809448242e-01,
-7.216395735740661621e-01,
-7.227590084075927734e-01,
-7.242689728736877441e-01,
-7.248692512512207031e-01,
-7.255192995071411133e-01,
-7.260737419128417969e-01,
-7.263708114624023438e-01,
-7.264028787612915039e-01,
-7.254219055175781250e-01,
-7.258911728858947754e-01,
-7.249748706817626953e-01,
-7.246047854423522949e-01,
-7.253661155700683594e-01,
-7.259116172790527344e-01,
-7.261863946914672852e-01,
-7.270494699478149414e-01,
-7.263157367706298828e-01,
-7.257698774337768555e-01,
-7.259080410003662109e-01,
-7.254955172538757324e-01,
-7.245731353759765625e-01,
-7.247048616409301758e-01,
-7.236163616180419922e-01,
-7.233574986457824707e-01,
-7.235564589500427246e-01,
-7.235522270202636719e-01,
-7.227485775947570801e-01,
-7.231140136718750000e-01,
-7.232055664062500000e-01,
-7.217684388160705566e-01,
-7.218072414398193359e-01,
-7.223755121231079102e-01,
-7.225564718246459961e-01,
-7.227606773376464844e-01,
-7.228149175643920898e-01,
-7.228733897209167480e-01,
-7.236454486846923828e-01,
-7.235621213912963867e-01,
-7.229495048522949219e-01,
-7.241946458816528320e-01,
-7.238270640373229980e-01,
-7.222108840942382812e-01,
-7.214024066925048828e-01,
-7.210254669189453125e-01,
-7.199632525444030762e-01,
-7.195909023284912109e-01,
-7.188068628311157227e-01,
-7.172870635986328125e-01,
-6.770912408828735352e-01,
-2.360002994537353516e-01,
-8.928980678319931030e-02,
-1.603804528713226318e-01,
-1.603784561157226562e-01,
-2.406839281320571899e-01,
-6.599763631820678711e-01,
-7.317703962326049805e-01,
-7.308924198150634766e-01,
-7.321954369544982910e-01,
-7.371236681938171387e-01,
-7.424397468566894531e-01,
-7.437890172004699707e-01,
-7.480479478836059570e-01,
-7.509666085243225098e-01,
-7.529496550559997559e-01,
-7.522225379943847656e-01,
-7.520335912704467773e-01,
-7.523834109306335449e-01,
-7.539421319961547852e-01,
-7.551439404487609863e-01,
-7.550005316734313965e-01,
-7.565499544143676758e-01,
-7.567276954650878906e-01,
-7.562572956085205078e-01,
-7.551132440567016602e-01,
-7.547264695167541504e-01,
-7.551047801971435547e-01,
-7.558708786964416504e-01,
-7.560124397277832031e-01,
-7.565692663192749023e-01,
-7.558838725090026855e-01,
-7.556887269020080566e-01,
-7.550160884857177734e-01,
-7.545536756515502930e-01,
-7.542372941970825195e-01,
-7.549380064010620117e-01,
-7.550398707389831543e-01,
-7.549192309379577637e-01,
-7.554575204849243164e-01,
-7.561044692993164062e-01,
-7.569069862365722656e-01,
-7.563533782958984375e-01,
-7.559018731117248535e-01,
-7.555528879165649414e-01,
-7.553502321243286133e-01,
-7.550251483917236328e-01,
-7.558085918426513672e-01,
-7.563358545303344727e-01,
-7.548171281814575195e-01,
-7.540988922119140625e-01,
-7.536240816116333008e-01,
-7.527263164520263672e-01,
-7.519844770431518555e-01,
-7.521886229515075684e-01,
-7.520171999931335449e-01,
-7.522475123405456543e-01,
-7.523381710052490234e-01,
-7.532454729080200195e-01,
-7.535514831542968750e-01,
-7.545120716094970703e-01,
-7.549599409103393555e-01,
-7.558852434158325195e-01,
-7.551165819168090820e-01,
-7.550669908523559570e-01,
-7.538728713989257812e-01,
-7.544361948966979980e-01,
-7.554818391799926758e-01,
-7.555491328239440918e-01,
-7.559629678726196289e-01,
-7.558847665786743164e-01,
-7.554785609245300293e-01,
-7.545056343078613281e-01,
-7.533642053604125977e-01,
-7.521505355834960938e-01,
-7.521970272064208984e-01,
-7.508510351181030273e-01,
-7.501857876777648926e-01,
-7.506004571914672852e-01,
-7.520647048950195312e-01,
-7.533115148544311523e-01,
-7.545229792594909668e-01,
-7.553386688232421875e-01,
-7.561780214309692383e-01,
-7.559362053871154785e-01,
-7.554632425308227539e-01,
-7.537297010421752930e-01,
-7.525275945663452148e-01,
-7.507764101028442383e-01,
-7.505733966827392578e-01,
-7.162319421768188477e-01,
-7.176960706710815430e-01,
-7.161650657653808594e-01,
-7.195007801055908203e-01,
-7.190042138099670410e-01,
-7.189176082611083984e-01,
-7.177121043205261230e-01,
-7.184842824935913086e-01,
-7.189347743988037109e-01,
-7.196891307830810547e-01,
-7.202789783477783203e-01,
-7.217133045196533203e-01,
-7.236165404319763184e-01,
-7.254107594490051270e-01,
-7.247273921966552734e-01,
-7.256138920783996582e-01,
-7.255825996398925781e-01,
-7.247765064239501953e-01,
-7.233155369758605957e-01,
-7.222770452499389648e-01,
-7.219554185867309570e-01,
-7.215584516525268555e-01,
-7.212134599685668945e-01,
-7.203441858291625977e-01,
-7.209554314613342285e-01,
-7.207804918289184570e-01,
-7.208573818206787109e-01,
-7.201150655746459961e-01,
-7.207440733909606934e-01,
-7.214379310607910156e-01,
-7.214897871017456055e-01,
-7.218419313430786133e-01,
-7.216281890869140625e-01,
-7.223562002182006836e-01,
-7.215744256973266602e-01,
-7.210006713867187500e-01,
-7.206362485885620117e-01,
-7.218723297119140625e-01,
-7.216036915779113770e-01,
-7.225720882415771484e-01,
-7.230262756347656250e-01,
-7.227771282196044922e-01,
-7.230818867683410645e-01,
-7.238379716873168945e-01,
-7.245758771896362305e-01,
-7.243210077285766602e-01,
-7.237289547920227051e-01,
-7.236372232437133789e-01,
-7.228889465332031250e-01,
-7.231897115707397461e-01,
-7.233159542083740234e-01,
-7.228223085403442383e-01,
-7.227383852005004883e-01,
-7.213742733001708984e-01,
-7.213048338890075684e-01,
-7.212567329406738281e-01,
-7.212544083595275879e-01,
-7.213217020034790039e-01,
-7.227057218551635742e-01,
-7.210644483566284180e-01,
-7.204161882400512695e-01,
-7.196154594421386719e-01,
-7.190552949905395508e-01,
-7.184848189353942871e-01,
-7.165720462799072266e-01,
-7.184031009674072266e-01,
-7.196440696716308594e-01,
-7.181965112686157227e-01,
-7.181527018547058105e-01,
-7.207426428794860840e-01,
-7.191703319549560547e-01,
-7.206349372863769531e-01,
-7.208377122879028320e-01,
-7.216662168502807617e-01,
-7.214571237564086914e-01,
-7.210884690284729004e-01,
-7.206298708915710449e-01,
-7.206175327301025391e-01,
-7.196771502494812012e-01,
-7.183637619018554688e-01,
-7.179229259490966797e-01,
-7.176973819732666016e-01,
-7.171533107757568359e-01,
-7.186275720596313477e-01,
-7.193477153778076172e-01,
-7.187764048576354980e-01,
-7.189351320266723633e-01,
-7.208009958267211914e-01,
-7.209202051162719727e-01,
-7.226364016532897949e-01,
-7.242968082427978516e-01,
-7.258911132812500000e-01,
-7.260302305221557617e-01,
-7.256340384483337402e-01,
-7.255776524543762207e-01,
-7.257944941520690918e-01,
-7.256042957305908203e-01,
-7.258048057556152344e-01,
-7.262924909591674805e-01,
-7.258043289184570312e-01,
-7.250012159347534180e-01,
-7.248495221138000488e-01,
-7.235305309295654297e-01,
-7.236870527267456055e-01,
-7.232575416564941406e-01,
-7.224113345146179199e-01,
-7.228051424026489258e-01,
-7.225579023361206055e-01,
-7.222827672958374023e-01,
-7.226191163063049316e-01,
-7.229863405227661133e-01,
-7.232407331466674805e-01,
-7.232505083084106445e-01,
-7.236514091491699219e-01,
-7.232189178466796875e-01,
-7.222550511360168457e-01,
-7.214890122413635254e-01,
-7.204676270484924316e-01,
-7.178398370742797852e-01,
-7.156289815902709961e-01,
-3.803622126579284668e-01,
-3.703958988189697266e-01,
-3.951161205768585205e-01,
-4.317585229873657227e-01,
-4.276430010795593262e-01,
-7.268191576004028320e-01,
-7.324173450469970703e-01,
-7.409710884094238281e-01,
-7.457033395767211914e-01,
-7.466131448745727539e-01,
-7.521932721138000488e-01,
-7.519348859786987305e-01,
-7.535114884376525879e-01,
-7.546841502189636230e-01,
-7.547599077224731445e-01,
-7.550264000892639160e-01,
-7.558060288429260254e-01,
-7.555962204933166504e-01,
-7.558373212814331055e-01,
-7.554761171340942383e-01,
-7.557540535926818848e-01,
-7.556247711181640625e-01,
-7.552353739738464355e-01,
-7.548801898956298828e-01,
-7.550692558288574219e-01,
-7.553158998489379883e-01,
-7.561404705047607422e-01,
-7.561516165733337402e-01,
-7.563017606735229492e-01,
-7.560914158821105957e-01,
-7.553910017013549805e-01,
-7.550787925720214844e-01,
-7.548665404319763184e-01,
-7.545547485351562500e-01,
-7.538971304893493652e-01,
-7.528214454650878906e-01,
-7.522661089897155762e-01,
-7.524818181991577148e-01,
-7.531376481056213379e-01,
-7.534760832786560059e-01,
-7.537924051284790039e-01,
-7.549721002578735352e-01,
-7.552225589752197266e-01,
-7.540576457977294922e-01,
-7.546558976173400879e-01,
-7.549973726272583008e-01,
-7.546642422676086426e-01,
-7.546500563621520996e-01,
-7.542591691017150879e-01,
-7.524774074554443359e-01,
-7.514457106590270996e-01,
-7.509345412254333496e-01,
-7.523828744888305664e-01,
-7.531213760375976562e-01,
-7.539091110229492188e-01,
-7.550660967826843262e-01,
-7.557512521743774414e-01,
-7.543672919273376465e-01,
-7.525770664215087891e-01,
