2.867774963378906250e+02,
2.842519226074218750e+02,
2.894106750488281250e+02,
2.890068664550781250e+02,
2.800251770019531250e+02,
2.816745605468750000e+02,
2.848500976562500000e+02,
2.840640563964843750e+02,
2.848874206542968750e+02,
2.868789978027343750e+02,
2.909468078613281250e+02,
2.888633117675781250e+02,
2.889213256835937500e+02,
2.888909912109375000e+02,
2.921407775878906250e+02,
2.979431457519531250e+02,
3.014070739746093750e+02,
3.044922790527343750e+02,
3.095606689453125000e+02,
3.105547180175781250e+02,
3.113137817382812500e+02,
3.118384399414062500e+02,
3.121384277343750000e+02,
3.182907714843750000e+02,
3.196414184570312500e+02,
3.238658752441406250e+02,
3.227961425781250000e+02,
3.243663024902343750e+02,
3.171505737304687500e+02,
3.133934936523437500e+02,
3.120640563964843750e+02,
3.066581420898437500e+02,
3.081027526855468750e+02,
3.079962158203125000e+02,
3.112540588378906250e+02,
3.176861267089843750e+02,
3.224796752929687500e+02,
3.222638854980468750e+02,
3.261245727539062500e+02,
3.226169128417968750e+02,
3.243783264160156250e+02,
3.210807189941406250e+02,
3.202897949218750000e+02,
3.235834960937500000e+02,
3.246148376464843750e+02,
3.268038330078125000e+02,
3.298520507812500000e+02,
3.302418518066406250e+02,
3.327031860351562500e+02,
3.329241943359375000e+02,
3.309761352539062500e+02,
3.287358703613281250e+02,
3.312814636230468750e+02,
3.409513244628906250e+02,
3.529564819335937500e+02,
3.621091918945312500e+02,
3.744782104492187500e+02,
3.865027465820312500e+02,
3.901647644042968750e+02,
3.872069396972656250e+02,
3.884393310546875000e+02,
3.858778076171875000e+02,
3.877681274414062500e+02,
3.784833068847656250e+02,
3.801649780273437500e+02,
3.751556396484375000e+02,
3.653298339843750000e+02,
3.577112426757812500e+02,
3.512836914062500000e+02,
3.429539184570312500e+02,
3.433605957031250000e+02,
3.406202392578125000e+02,
3.429279174804687500e+02,
3.440646362304687500e+02,
3.449727172851562500e+02,
3.484317932128906250e+02,
3.571156311035156250e+02,
3.634416503906250000e+02,
3.670940246582031250e+02,
3.612673034667968750e+02,
3.553937072753906250e+02,
3.447515563964843750e+02,
3.384259948730468750e+02,
3.384207458496093750e+02,
3.316280822753906250e+02,
3.234574279785156250e+02,
3.200821838378906250e+02,
3.195183105468750000e+02,
3.204708251953125000e+02,
3.221288452148437500e+02,
3.274248657226562500e+02,
3.357392578125000000e+02,
3.400220031738281250e+02,
3.344592285156250000e+02,
3.346448059082031250e+02,
3.255185241699218750e+02,
3.218302612304687500e+02,
3.218606872558593750e+02,
3.233872375488281250e+02,
3.193549804687500000e+02,
3.175363464355468750e+02,
3.127797851562500000e+02,
3.080297851562500000e+02,
3.091404418945312500e+02,
3.078623046875000000e+02,
3.075019836425781250e+02,
3.059847412109375000e+02,
3.030853881835937500e+02,
3.024172668457031250e+02,
3.029925231933593750e+02,
3.039526062011718750e+02,
3.053843994140625000e+02,
3.063263549804687500e+02,
3.109834899902343750e+02,
3.142916870117187500e+02,
3.144551391601562500e+02,
3.106441345214843750e+02,
3.036768493652343750e+02,
2.941936645507812500e+02,
2.852507629394531250e+02,
2.854079284667968750e+02,
2.860156555175781250e+02,
2.903377685546875000e+02,
2.964184570312500000e+02,
2.993196716308593750e+02,
3.105180969238281250e+02,
3.110398254394531250e+02,
3.148224487304687500e+02,
3.119430847167968750e+02,
3.127022094726562500e+02,
3.103825073242187500e+02,
3.179536437988281250e+02,
3.330786743164062500e+02,
3.448096008300781250e+02,
3.445881652832031250e+02,
3.442148132324218750e+02,
3.398715209960937500e+02,
3.286046142578125000e+02,
3.256687622070312500e+02,
3.195447692871093750e+02,
3.150619812011718750e+02,
3.062360229492187500e+02,
3.000366821289062500e+02,
2.912550659179687500e+02,
2.843215637207031250e+02,
2.766006469726562500e+02,
2.699028015136718750e+02,
2.628056335449218750e+02,
2.602180175781250000e+02,
2.513960418701171875e+02,
2.454907684326171875e+02,
2.402993164062500000e+02,
2.365044708251953125e+02,
2.306547698974609375e+02,
2.263057556152343750e+02,
2.265346069335937500e+02,
2.280671539306640625e+02,
2.237175292968750000e+02,
2.262702178955078125e+02,
2.298453979492187500e+02,
2.368637390136718750e+02,
2.462460784912109375e+02,
2.542880401611328125e+02,
2.619494934082031250e+02,
2.722131958007812500e+02,
2.807123718261718750e+02,
2.922023925781250000e+02,
3.086506347656250000e+02,
3.149435424804687500e+02,
3.199760131835937500e+02,
3.179399414062500000e+02,
3.090697021484375000e+02,
3.117786865234375000e+02,
3.076914672851562500e+02,
3.105632629394531250e+02,
3.069974060058593750e+02,
3.058006286621093750e+02,
3.054645996093750000e+02,
3.049091491699218750e+02,
3.005833129882812500e+02,
2.979846801757812500e+02,
2.895652770996093750e+02,
2.925507202148437500e+02,
2.978683471679687500e+02,
2.969990539550781250e+02,
2.918896179199218750e+02,
2.841147766113281250e+02,
2.776388244628906250e+02,
2.692445068359375000e+02,
2.593429260253906250e+02,
2.553609008789062500e+02,
2.506742095947265625e+02,
2.499370422363281250e+02,
2.531379089355468750e+02,
2.498279724121093750e+02,
2.481278381347656250e+02,
2.464952087402343750e+02,
2.435410919189453125e+02,
2.462896118164062500e+02,
2.432944946289062500e+02,
2.421027832031250000e+02,
2.450361022949218750e+02,
2.435912933349609375e+02,
2.345673370361328125e+02,
2.306600494384765625e+02,
2.244809417724609375e+02,
2.193999786376953125e+02,
2.167991027832031250e+02,
2.169347991943359375e+02,
2.175000000000000000e+02,
2.251012725830078125e+02,
2.316519622802734375e+02,
2.427629699707031250e+02,
2.526293945312500000e+02,
2.583782958984375000e+02,
2.587748413085937500e+02,
2.592020874023437500e+02,
2.594874267578125000e+02,
2.609523010253906250e+02,
2.561418762207031250e+02,
2.497704925537109375e+02,
2.510565795898437500e+02,
2.584581604003906250e+02,
2.565856628417968750e+02,
2.596089782714843750e+02,
2.573624572753906250e+02,
2.577507934570312500e+02,
2.661082763671875000e+02,
2.708664550781250000e+02,
2.750813293457031250e+02,
2.736330871582031250e+02,
2.729544372558593750e+02,
2.668659057617187500e+02,
2.646764831542968750e+02,
2.661705627441406250e+02,
2.734464416503906250e+02,
2.764515380859375000e+02,
2.799330139160156250e+02,
2.785090026855468750e+02,
2.692511901855468750e+02,
2.587430725097656250e+02,
2.536933898925781250e+02,
2.549000854492187500e+02,
2.548777008056640625e+02,
2.696982421875000000e+02,
2.837501220703125000e+02,
2.901801147460937500e+02,
2.990962524414062500e+02,
2.991110229492187500e+02,
3.016758422851562500e+02,
3.086790771484375000e+02,
3.171758117675781250e+02,
3.041234436035156250e+02,
2.896932373046875000e+02,
2.815005493164062500e+02,
2.774875183105468750e+02,
2.824986877441406250e+02,
2.909796447753906250e+02,
2.973074035644531250e+02,
2.993475952148437500e+02,
3.386254272460937500e+02,
4.266072998046875000e+02,
4.896435241699218750e+02,
5.225128784179687500e+02,
5.444426269531250000e+02,
5.337385253906250000e+02,
5.185196533203125000e+02,
4.938530883789062500e+02,
4.331366882324218750e+02,
3.720517578125000000e+02,
3.383489990234375000e+02,
3.183062133789062500e+02,
2.959720153808593750e+02,
2.861896057128906250e+02,
2.797631225585937500e+02,
2.804358825683593750e+02,
2.916208801269531250e+02,
2.949719238281250000e+02,
2.864632873535156250e+02,
2.744740600585937500e+02,
2.663409423828125000e+02,
2.479293823242187500e+02,
2.428117675781250000e+02,
2.389902954101562500e+02,
2.304251403808593750e+02,
2.181406707763671875e+02,
2.065024871826171875e+02,
1.940568389892578125e+02,
1.822755432128906250e+02,
1.802339477539062500e+02,
1.876813201904296875e+02,
1.862140960693359375e+02,
1.816016082763671875e+02,
1.845244140625000000e+02,
1.856360626220703125e+02,
1.824027252197265625e+02,
1.853603515625000000e+02,
1.870640869140625000e+02,
1.880821380615234375e+02,
1.914433288574218750e+02,
1.879428863525390625e+02,
1.886157073974609375e+02,
1.894418792724609375e+02,
1.939732971191406250e+02,
2.012848815917968750e+02,
2.049538116455078125e+02,
2.069167327880859375e+02,
2.073341827392578125e+02,
2.070047149658203125e+02,
2.062668762207031250e+02,
2.041742248535156250e+02,
1.992329406738281250e+02,
1.972948303222656250e+02,
1.987562866210937500e+02,
1.980825500488281250e+02,
2.008189392089843750e+02,
2.034500427246093750e+02,
2.079500122070312500e+02,
2.160468750000000000e+02,
2.232383728027343750e+02,
2.253957366943359375e+02,
2.310397491455078125e+02,
2.315436706542968750e+02,
2.311591796875000000e+02,
2.233742980957031250e+02,
2.279858703613281250e+02,
2.390832672119140625e+02,
2.506833953857421875e+02,
2.529508209228515625e+02,
2.487867736816406250e+02,
2.527332305908203125e+02,
2.463041992187500000e+02,
2.435158691406250000e+02,
2.432216339111328125e+02,
2.408265075683593750e+02,
2.465738677978515625e+02,
2.478244934082031250e+02,
2.482911529541015625e+02,
2.453414916992187500e+02,
2.459550170898437500e+02,
2.470403289794921875e+02,
2.456686401367187500e+02,
2.390507812500000000e+02,
2.352639465332031250e+02,
2.348423767089843750e+02,
2.340358123779296875e+02,
2.320428466796875000e+02,
2.346010589599609375e+02,
2.339133300781250000e+02,
2.346210632324218750e+02,
2.339630279541015625e+02,
2.348381347656250000e+02,
2.325486297607421875e+02,
2.292902374267578125e+02,
2.259026031494140625e+02,
2.238869171142578125e+02,
2.184092712402343750e+02,
2.168007202148437500e+02,
2.151141204833984375e+02,
2.131582946777343750e+02,
2.176330261230468750e+02,
2.212816619873046875e+02,
2.266339569091796875e+02,
2.302062225341796875e+02,
2.330228271484375000e+02,
2.364694824218750000e+02,
2.400037689208984375e+02,
2.388399200439453125e+02,
2.312770843505859375e+02,
2.247065734863281250e+02,
2.198504180908203125e+02,
2.159486999511718750e+02,
2.170494079589843750e+02,
2.156359252929687500e+02,
2.134010162353515625e+02,
2.134315185546875000e+02,
2.135908050537109375e+02,
2.114425201416015625e+02,
2.087836608886718750e+02,
2.089761810302734375e+02,
2.091372680664062500e+02,
2.119609680175781250e+02,
2.139959259033203125e+02,
2.146247100830078125e+02,
2.140234985351562500e+02,
2.135654144287109375e+02,
2.093768615722656250e+02,
2.085434875488281250e+02,
2.085380554199218750e+02,
2.084780731201171875e+02,
2.083652343750000000e+02,
2.084147033691406250e+02,
2.085630645751953125e+02,
2.068564605712890625e+02,
2.094914093017578125e+02,
2.102679595947265625e+02,
2.096227569580078125e+02,
2.112644348144531250e+02,
2.140982208251953125e+02,
2.160577850341796875e+02,
2.201578063964843750e+02,
2.190145111083984375e+02,
2.194529113769531250e+02,
2.202226715087890625e+02,
2.209403686523437500e+02,
2.224379882812500000e+02,
2.223222351074218750e+02,
2.204049835205078125e+02,
2.183217468261718750e+02,
2.166791839599609375e+02,
2.183507232666015625e+02,
2.235464782714843750e+02,
2.266274871826171875e+02,
2.289360809326171875e+02,
2.344367828369140625e+02,
2.345678405761718750e+02,
2.361724395751953125e+02,
2.362727203369140625e+02,
2.336958465576171875e+02,
2.302910156250000000e+02,
2.272828826904296875e+02,
2.241229705810546875e+02,
2.163657531738281250e+02,
2.088725280761718750e+02,
2.045274810791015625e+02,
2.003968048095703125e+02,
2.005026550292968750e+02,
2.015476837158203125e+02,
2.010507202148437500e+02,
2.015900573730468750e+02,
2.012852630615234375e+02,
1.998321838378906250e+02,
2.021646728515625000e+02,
2.052233581542968750e+02,
2.063747558593750000e+02,
2.129151916503906250e+02,
2.220077209472656250e+02,
2.276278533935546875e+02,
2.302139587402343750e+02,
2.314877014160156250e+02,
2.351038970947265625e+02,
2.367313232421875000e+02,
2.383211517333984375e+02,
2.401624450683593750e+02,
2.381611633300781250e+02,
2.367875976562500000e+02,
2.336500244140625000e+02,
2.358741912841796875e+02,
2.366969604492187500e+02,
2.330381011962890625e+02,
2.273147430419921875e+02,
2.225055847167968750e+02,
2.164540252685546875e+02,
2.112400207519531250e+02,
2.108531799316406250e+02,
2.142021484375000000e+02,
2.177108154296875000e+02,
2.203242492675781250e+02,
2.221354522705078125e+02,
2.214076385498046875e+02,
2.193530426025390625e+02,
2.174530487060546875e+02,
2.161404266357421875e+02,
2.157501678466796875e+02,
2.182602691650390625e+02,
2.234628906250000000e+02,
2.259583587646484375e+02,
2.244253540039062500e+02,
2.234253234863281250e+02,
2.227643890380859375e+02,
2.210058441162109375e+02,
2.219007568359375000e+02,
2.211468353271484375e+02,
2.169888763427734375e+02,
2.167031402587890625e+02,
2.177182159423828125e+02,
2.188560943603515625e+02,
2.160951843261718750e+02,
2.173834381103515625e+02,
2.170055084228515625e+02,
2.235738525390625000e+02,
2.822483825683593750e+02,
3.755227050781250000e+02,
4.830844421386718750e+02,
6.014576416015625000e+02,
7.118001098632812500e+02,
7.736502685546875000e+02,
8.003670654296875000e+02,
8.127874145507812500e+02,
8.140204467773437500e+02,
8.159021606445312500e+02,
8.159722900390625000e+02,
8.165955200195312500e+02,
8.347114257812500000e+02,
8.710307617187500000e+02,
9.038737792968750000e+02,
9.308568115234375000e+02,
9.509143066406250000e+02,
9.511460571289062500e+02,
9.285575561523437500e+02,
8.981567993164062500e+02,
8.543869018554687500e+02,
8.227680664062500000e+02,
7.981706542968750000e+02,
7.752664794921875000e+02,
7.545198974609375000e+02,
7.378825073242187500e+02,
7.244584960937500000e+02,
7.083980712890625000e+02,
6.944334716796875000e+02,
6.941569824218750000e+02,
6.852054443359375000e+02,
6.730012207031250000e+02,
6.565814208984375000e+02,
6.372562866210937500e+02,
6.091558837890625000e+02,
5.804310302734375000e+02,
5.455093383789062500e+02,
5.180286865234375000e+02,
4.961003112792968750e+02,
4.737890930175781250e+02,
4.554019775390625000e+02,
4.463153076171875000e+02,
4.474068298339843750e+02,
4.483841857910156250e+02,
4.540707702636718750e+02,
4.556048583984375000e+02,
4.538007812500000000e+02,
4.450755920410156250e+02,
4.384055175781250000e+02,
4.391540222167968750e+02,
4.419848632812500000e+02,
4.476932373046875000e+02,
4.483954162597656250e+02,
4.437930908203125000e+02,
4.400442504882812500e+02,
4.355729980468750000e+02,
4.325886840820312500e+02,
4.347330627441406250e+02,
4.364623413085937500e+02,
4.402622985839843750e+02,
4.457206726074218750e+02,
4.515014648437500000e+02,
4.569624633789062500e+02,
4.606266479492187500e+02,
4.497828369140625000e+02,
4.514234924316406250e+02,
4.498746032714843750e+02,
4.504772644042968750e+02,
4.412103576660156250e+02,
4.368145446777343750e+02,
4.395689392089843750e+02,
4.465437316894531250e+02,
4.660957031250000000e+02,
4.756174316406250000e+02,
4.843778381347656250e+02,
5.029950256347656250e+02,
5.113238220214843750e+02,
5.046751098632812500e+02,
5.014846191406250000e+02,
4.846717834472656250e+02,
4.911531066894531250e+02,
5.140049438476562500e+02,
4.954352416992187500e+02,
4.763840026855468750e+02,
4.646769104003906250e+02,
4.348913574218750000e+02,
3.733757629394531250e+02,
3.498418273925781250e+02,
3.342112731933593750e+02,
3.194644165039062500e+02,
3.088690795898437500e+02,
2.871437683105468750e+02,
2.699454040527343750e+02,
2.623933105468750000e+02,
2.581774597167968750e+02,
2.511709747314453125e+02,
2.461867980957031250e+02,
2.410614166259765625e+02,
2.392090911865234375e+02,
2.409600982666015625e+02,
2.384285125732421875e+02,
2.374700012207031250e+02,
2.372147064208984375e+02,
2.394176483154296875e+02,
2.380864715576171875e+02,
2.361926116943359375e+02,
2.384732360839843750e+02,
2.381865692138671875e+02,
2.365526733398437500e+02,
2.370689239501953125e+02,
2.340511627197265625e+02,
2.315832672119140625e+02,
2.340545654296875000e+02,
2.343632965087890625e+02,
2.350017242431640625e+02,
2.366964721679687500e+02,
2.350691528320312500e+02,
2.323087463378906250e+02,
2.347492523193359375e+02,
2.303396606445312500e+02,
2.304788360595703125e+02,
2.291989746093750000e+02,
2.276946716308593750e+02,
2.239801025390625000e+02,
2.200764007568359375e+02,
2.182490386962890625e+02,
2.166333160400390625e+02,
2.110648345947265625e+02,
2.122266693115234375e+02,
2.118005218505859375e+02,
2.130157012939453125e+02,
2.128172149658203125e+02,
2.187154235839843750e+02,
2.241072387695312500e+02,
2.275644836425781250e+02,
2.256848297119140625e+02,
2.182582092285156250e+02,
2.132538757324218750e+02,
2.142281799316406250e+02,
2.182995910644531250e+02,
2.230691680908203125e+02,
2.236292724609375000e+02,
2.320404663085937500e+02,
2.591688537597656250e+02,
3.079316101074218750e+02,
3.710952453613281250e+02,
4.432799072265625000e+02,
5.190828857421875000e+02,
5.768537597656250000e+02,
6.121824340820312500e+02,
6.385155029296875000e+02,
6.476510009765625000e+02,
6.449855346679687500e+02,
6.473173217773437500e+02,
6.377393798828125000e+02,
6.161759643554687500e+02,
5.831907958984375000e+02,
5.555095214843750000e+02,
5.329459838867187500e+02,
5.211552124023437500e+02,
5.138061523437500000e+02,
5.086315612792968750e+02,
5.057528381347656250e+02,
5.019733886718750000e+02,
4.985645751953125000e+02,
5.112948608398437500e+02,
5.288713989257812500e+02,
5.404961547851562500e+02,
5.214138793945312500e+02,
5.070822143554687500e+02,
4.809244079589843750e+02,
4.492591247558593750e+02,
4.342892761230468750e+02,
4.402758789062500000e+02,
4.583104248046875000e+02,
4.868049316406250000e+02,
5.140881958007812500e+02,
5.368484497070312500e+02,
5.189414062500000000e+02,
4.990198059082031250e+02,
4.651355285644531250e+02,
4.289280090332031250e+02,
3.905694274902343750e+02,
3.576181945800781250e+02,
3.429509887695312500e+02,
3.322817382812500000e+02,
3.282333068847656250e+02,
3.274511108398437500e+02,
3.269314270019531250e+02,
3.244405212402343750e+02,
3.222869873046875000e+02,
3.202737731933593750e+02,
3.198278503417968750e+02,
3.340083923339843750e+02,
3.321753845214843750e+02,
3.259355163574218750e+02,
3.267462768554687500e+02,
3.246984252929687500e+02,
3.224226074218750000e+02,
3.257109375000000000e+02,
3.258103027343750000e+02,
3.229606628417968750e+02,
3.243642883300781250e+02,
3.233517456054687500e+02,
3.180821838378906250e+02,
3.168954772949218750e+02,
3.161908569335937500e+02,
3.292837219238281250e+02,
3.357026062011718750e+02,
3.571698608398437500e+02,
3.734739990234375000e+02,
3.860776672363281250e+02,
3.868782653808593750e+02,
3.794035949707031250e+02,
3.592502746582031250e+02,
3.422818908691406250e+02,
3.247510070800781250e+02,
3.026459960937500000e+02,
3.050148620605468750e+02,
3.017633361816406250e+02,
2.997826538085937500e+02,
2.922623596191406250e+02,
2.902840270996093750e+02,
2.910559692382812500e+02,
2.949981079101562500e+02,
2.973870544433593750e+02,
3.011419067382812500e+02,
3.018652648925781250e+02,
3.154118347167968750e+02,
3.134159545898437500e+02,
3.213144531250000000e+02,
3.259605102539062500e+02,
3.281563110351562500e+02,
3.186475830078125000e+02,
3.265003051757812500e+02,
3.230605773925781250e+02,
3.326670837402343750e+02,
3.334538879394531250e+02,
3.156161804199218750e+02,
3.090888061523437500e+02,
3.136492919921875000e+02,
3.063712158203125000e+02,
3.076085205078125000e+02,
3.008687438964843750e+02,
2.928947143554687500e+02,
2.802879333496093750e+02,
2.727869873046875000e+02,
2.648723144531250000e+02,
2.782827453613281250e+02,
2.814945068359375000e+02,
2.947814025878906250e+02,
3.320151367187500000e+02,
3.473816223144531250e+02,
3.621988830566406250e+02,
3.778338012695312500e+02,
3.837084655761718750e+02,
3.657955627441406250e+02,
3.534122619628906250e+02,
3.361787109375000000e+02,
3.213664245605468750e+02,
3.102752990722656250e+02,
2.994307861328125000e+02,
3.020065307617187500e+02,
3.007329406738281250e+02,
2.890320129394531250e+02,
2.851345520019531250e+02,
2.834277954101562500e+02,
2.786695861816406250e+02,
2.755964050292968750e+02,
2.882533569335937500e+02,
3.130749206542968750e+02,
3.070893859863281250e+02,
3.061729125976562500e+02,
3.006763610839843750e+02,
2.907133178710937500e+02,
2.990514526367187500e+02,
2.998741760253906250e+02,
3.037878417968750000e+02,
3.117112121582031250e+02,
3.155378112792968750e+02,
3.260421447753906250e+02,
3.299504089355468750e+02,
3.306329345703125000e+02,
3.276753540039062500e+02,
3.252333984375000000e+02,
3.247278747558593750e+02,
3.310917663574218750e+02,
3.400987854003906250e+02,
3.440211486816406250e+02,
3.459207458496093750e+02,
3.457659912109375000e+02,
3.426996765136718750e+02,
3.527297973632812500e+02,
3.635640563964843750e+02,
3.772412414550781250e+02,
3.841049194335937500e+02,
4.090487670898437500e+02,
4.300453491210937500e+02,
4.367462158203125000e+02,
4.377153015136718750e+02,
4.268145141601562500e+02,
4.146082763671875000e+02,
4.074669189453125000e+02,
4.116262207031250000e+02,
3.956113891601562500e+02,
3.820619506835937500e+02,
3.882097167968750000e+02,
3.911612854003906250e+02,
3.905373840332031250e+02,
3.834376525878906250e+02,
3.710926513671875000e+02,
3.547933044433593750e+02,
3.481177673339843750e+02,
3.535688476562500000e+02,
3.556747131347656250e+02,
3.611420898437500000e+02,
3.580038146972656250e+02,
3.420348510742187500e+02,
3.369237670898437500e+02,
3.311010742187500000e+02,
3.274831237792968750e+02,
3.202593994140625000e+02,
3.168977966308593750e+02,
3.166781311035156250e+02,
3.154589233398437500e+02,
3.221529235839843750e+02,
3.235670471191406250e+02,
3.153908691406250000e+02,
3.076408081054687500e+02,
3.010090332031250000e+02,
3.086207885742187500e+02,
3.186175231933593750e+02,
3.232637939453125000e+02,
3.395115661621093750e+02,
3.550513305664062500e+02,
3.556388854980468750e+02,
3.547955932617187500e+02,
3.620421142578125000e+02,
3.629877929687500000e+02,
3.345751953125000000e+02,
3.220426940917968750e+02,
3.185811767578125000e+02,
3.028875122070312500e+02,
2.796605224609375000e+02,
2.649610900878906250e+02,
2.522477416992187500e+02,
2.449090270996093750e+02,
2.397638702392578125e+02,
2.464437408447265625e+02,
2.591212158203125000e+02,
2.778524169921875000e+02,
3.088943786621093750e+02,
3.325787963867187500e+02,
3.486510009765625000e+02,
3.603332519531250000e+02,
3.684579467773437500e+02,
3.669678955078125000e+02,
3.663927307128906250e+02,
3.638215026855468750e+02,
3.562611389160156250e+02,
3.465899963378906250e+02,
3.351008605957031250e+02,
3.311733703613281250e+02,
3.188720092773437500e+02,
3.087211608886718750e+02,
2.998305664062500000e+02,
2.913134765625000000e+02,
2.872926330566406250e+02,
2.862769165039062500e+02,
2.797640686035156250e+02,
2.771452331542968750e+02,
2.658571166992187500e+02,
2.519364318847656250e+02,
2.553969421386718750e+02,
2.682170410156250000e+02,
2.863984985351562500e+02,
2.960549926757812500e+02,
2.965227661132812500e+02,
2.964977416992187500e+02,
2.948230895996093750e+02,
2.966900634765625000e+02,
2.941300354003906250e+02,
3.069751281738281250e+02,
3.250649414062500000e+02,
3.208599243164062500e+02,
3.144612731933593750e+02,
3.218101806640625000e+02,
3.233153991699218750e+02,
3.168670043945312500e+02,
3.095759887695312500e+02,
3.162806091308593750e+02,
3.238640747070312500e+02,
3.555521240234375000e+02,
3.899758911132812500e+02,
3.859058837890625000e+02,
3.736069641113281250e+02,
3.638589172363281250e+02,
3.492041625976562500e+02,
4.203838500976562500e+02,
5.609158935546875000e+02,
6.349418945312500000e+02,
6.205190429687500000e+02,
6.317636108398437500e+02,
5.975372924804687500e+02,
4.716275634765625000e+02,
3.800745849609375000e+02,
3.421259155273437500e+02,
3.277653808593750000e+02,
3.143088989257812500e+02,
2.917670898437500000e+02,
2.667564697265625000e+02,
2.444008636474609375e+02,
2.286045684814453125e+02,
2.130467987060546875e+02,
1.973667602539062500e+02,
1.975959777832031250e+02,
2.001176910400390625e+02,
2.017449340820312500e+02,
2.026626586914062500e+02,
2.095675354003906250e+02,
2.192304534912109375e+02,
2.289311370849609375e+02,
2.315579071044921875e+02,
2.269187469482421875e+02,
2.271453399658203125e+02,
2.256328582763671875e+02,
2.240416717529296875e+02,
2.326458740234375000e+02,
2.413785705566406250e+02,
2.465949401855468750e+02,
2.577087402343750000e+02,
2.702042236328125000e+02,
2.739899902343750000e+02,
2.788803100585937500e+02,
2.792895812988281250e+02,
2.783672180175781250e+02,
2.739496765136718750e+02,
2.719629821777343750e+02,
2.727308349609375000e+02,
2.661147155761718750e+02,
2.659902343750000000e+02,
2.552013092041015625e+02,
2.563387451171875000e+02,
2.565017700195312500e+02,
2.530826416015625000e+02,
2.490156707763671875e+02,
2.440045318603515625e+02,
2.410408477783203125e+02,
2.344939575195312500e+02,
2.354723052978515625e+02,
2.502158203125000000e+02,
2.539895019531250000e+02,
2.510446319580078125e+02,
2.475228576660156250e+02,
2.363780975341796875e+02,
2.265262756347656250e+02,
2.234243011474609375e+02,
2.210144500732421875e+02,
2.167513885498046875e+02,
2.173053894042968750e+02,
2.186607208251953125e+02,
2.182048034667968750e+02,
2.152539672851562500e+02,
2.114483947753906250e+02,
2.128585052490234375e+02,
2.121352691650390625e+02,
2.175583190917968750e+02,
2.227782135009765625e+02,
2.280439300537109375e+02,
2.318521575927734375e+02,
2.328025360107421875e+02,
2.356523742675781250e+02,
2.370372772216796875e+02,
2.354190521240234375e+02,
2.391400909423828125e+02,
2.427053070068359375e+02,
2.541381225585937500e+02,
2.514817199707031250e+02,
2.467683258056640625e+02,
2.391564941406250000e+02,
2.271962432861328125e+02,
2.166483001708984375e+02,
2.070725708007812500e+02,
2.032637481689453125e+02,
2.044052124023437500e+02,
2.096424255371093750e+02,
2.222376403808593750e+02,
2.358605651855468750e+02,
2.421295776367187500e+02,
2.585081176757812500e+02,
2.679039001464843750e+02,
2.640397338867187500e+02,
2.631272583007812500e+02,
2.542600708007812500e+02,
2.427807922363281250e+02,
2.390935821533203125e+02,
2.311377716064453125e+02,
2.341914062500000000e+02,
2.346197357177734375e+02,
2.363940734863281250e+02,
2.381315155029296875e+02,
2.397884826660156250e+02,
2.414757995605468750e+02,
2.350814971923828125e+02,
2.322631835937500000e+02,
2.322047576904296875e+02,
2.284298706054687500e+02,
2.244431610107421875e+02,
2.438946075439453125e+02,
3.415661621093750000e+02,
4.643182067871093750e+02,
5.875191650390625000e+02,
7.122904052734375000e+02,
8.119024047851562500e+02,
8.436323852539062500e+02,
8.775753173828125000e+02,
9.154421997070312500e+02,
9.457781372070312500e+02,
9.305269165039062500e+02,
9.130485839843750000e+02,
8.453936157226562500e+02,
7.955158691406250000e+02,
7.501602783203125000e+02,
7.319539184570312500e+02,
7.016438598632812500e+02,
6.732080078125000000e+02,
6.490504150390625000e+02,
6.003689575195312500e+02,
5.443843994140625000e+02,
5.106190490722656250e+02,
4.863997192382812500e+02,
4.731636657714843750e+02,
4.756056518554687500e+02,
4.874994812011718750e+02,
4.869550781250000000e+02,
4.792814636230468750e+02,
4.693946228027343750e+02,
4.638587036132812500e+02,
4.653906555175781250e+02,
4.744249267578125000e+02,
4.949798889160156250e+02,
4.910310974121093750e+02,
4.848494567871093750e+02,
4.722488708496093750e+02,
4.772188110351562500e+02,
4.846842041015625000e+02,
5.177473144531250000e+02,
5.380723876953125000e+02,
5.417572631835937500e+02,
5.559891967773437500e+02,
5.386350097656250000e+02,
5.182295532226562500e+02,
4.697432556152343750e+02,
4.286708068847656250e+02,
3.673190612792968750e+02,
3.306926574707031250e+02,
2.939066772460937500e+02,
2.663694458007812500e+02,
2.554099884033203125e+02,
2.491457519531250000e+02,
2.488118286132812500e+02,
2.500172729492187500e+02,
2.503726959228515625e+02,
2.440444335937500000e+02,
2.439638214111328125e+02,
2.440398712158203125e+02,
2.414934387207031250e+02,
2.460637207031250000e+02,
2.471253967285156250e+02,
2.479195861816406250e+02,
2.411317291259765625e+02,
2.331910705566406250e+02,
2.261781463623046875e+02,
2.248927459716796875e+02,
2.254294281005859375e+02,
2.327077636718750000e+02,
2.402007904052734375e+02,
2.417451782226562500e+02,
2.439563751220703125e+02,
2.472952728271484375e+02,
2.907954711914062500e+02,
3.579895019531250000e+02,
4.448031616210937500e+02,
5.376743774414062500e+02,
6.368789062500000000e+02,
6.762882080078125000e+02,
6.869508056640625000e+02,
6.746475830078125000e+02,
6.521304321289062500e+02,
6.193979492187500000e+02,
6.014633789062500000e+02,
6.285402221679687500e+02,
6.474691162109375000e+02,
6.294555053710937500e+02,
6.105097656250000000e+02,
5.914330444335937500e+02,
6.021151123046875000e+02,
6.179954833984375000e+02,
5.818202514648437500e+02,
5.615371704101562500e+02,
5.269473876953125000e+02,
4.735672912597656250e+02,
4.098298339843750000e+02,
3.828183898925781250e+02,
3.727955017089843750e+02,
3.641119689941406250e+02,
3.666534423828125000e+02,
3.640314941406250000e+02,
3.634426879882812500e+02,
3.655202636718750000e+02,
3.616489562988281250e+02,
3.599881286621093750e+02,
3.665938415527343750e+02,
3.752402954101562500e+02,
3.874014892578125000e+02,
3.950297851562500000e+02,
3.919542236328125000e+02,
3.805700073242187500e+02,
3.571733093261718750e+02,
3.393262939453125000e+02,
3.416125793457031250e+02,
3.310576782226562500e+02,
3.514017333984375000e+02,
3.497732238769531250e+02,
3.576079711914062500e+02,
3.753334655761718750e+02,
3.876841125488281250e+02,
3.661665954589843750e+02,
3.702785949707031250e+02,
3.717674255371093750e+02,
3.451365661621093750e+02,
3.364484863281250000e+02,
3.350574340820312500e+02,
3.262748107910156250e+02,
3.569084777832031250e+02,
3.735822143554687500e+02,
3.824078369140625000e+02,
3.910449523925781250e+02,
3.927479858398437500e+02,
3.526297912597656250e+02,
3.253973999023437500e+02,
3.030670776367187500e+02,
3.082294006347656250e+02,
3.252026062011718750e+02,
3.302915039062500000e+02,
3.307140808105468750e+02,
3.316073913574218750e+02,
3.288909606933593750e+02,
3.130379943847656250e+02,
3.225744018554687500e+02,
3.333903198242187500e+02,
3.397910156250000000e+02,
3.408398437500000000e+02,
3.436108703613281250e+02,
3.473186950683593750e+02,
3.619499206542968750e+02,
3.677445678710937500e+02,
3.683733215332031250e+02,
3.814440612792968750e+02,
4.136667785644531250e+02,
4.540000000000000000e+02,
4.663482360839843750e+02,
4.756886291503906250e+02,
4.783078002929687500e+02,
4.553281250000000000e+02,
4.546937255859375000e+02,
4.481555786132812500e+02,
4.349617614746093750e+02,
4.205372009277343750e+02,
4.111323852539062500e+02,
4.018109130859375000e+02,
3.877088623046875000e+02,
3.842230529785156250e+02,
3.804817504882812500e+02,
3.775283203125000000e+02,
3.549274291992187500e+02,
3.445349426269531250e+02,
3.384194946289062500e+02,
3.294324951171875000e+02,
3.290706787109375000e+02,
3.306225891113281250e+02,
3.277660827636718750e+02,
3.227806701660156250e+02,
3.234559631347656250e+02,
3.292890625000000000e+02,
3.486677246093750000e+02,
3.621055297851562500e+02,
3.755693664550781250e+02,
3.763922424316406250e+02,
3.668093872070312500e+02,
3.510970764160156250e+02,
3.284815368652343750e+02,
3.043365478515625000e+02,
2.767154541015625000e+02,
2.648536682128906250e+02,
2.709957275390625000e+02,
2.941507873535156250e+02,
3.295080871582031250e+02,
3.700578308105468750e+02,
3.972700195312500000e+02,
4.246024475097656250e+02,
4.238236999511718750e+02,
4.214161071777343750e+02,
4.040153198242187500e+02,
3.866163330078125000e+02,
3.741462402343750000e+02,
3.607742004394531250e+02,
3.419174194335937500e+02,
3.296581726074218750e+02,
3.162543029785156250e+02,
3.087849426269531250e+02,
3.013905944824218750e+02,
3.040439758300781250e+02,
3.175852966308593750e+02,
3.246708679199218750e+02,
3.379122924804687500e+02,
3.447430419921875000e+02,
3.462489929199218750e+02,
3.622760620117187500e+02,
3.693283386230468750e+02,
3.680624389648437500e+02,
3.666007995605468750e+02,
3.495245361328125000e+02,
3.668307189941406250e+02,
3.836403503417968750e+02,
4.129560241699218750e+02,
4.332496337890625000e+02,
4.272467651367187500e+02,
5.033048706054687500e+02,
6.230380249023437500e+02,
6.530674438476562500e+02,
6.538340454101562500e+02,
6.418764038085937500e+02,
5.530761718750000000e+02,
4.030977172851562500e+02,
3.436300659179687500e+02,
3.100632934570312500e+02,
2.730238342285156250e+02,
2.451393890380859375e+02,
2.275002288818359375e+02,
2.167948760986328125e+02,
2.217384185791015625e+02,
2.242216796875000000e+02,
2.412308959960937500e+02,
2.476850738525390625e+02,
2.434947662353515625e+02,
2.418589324951171875e+02,
2.573055419921875000e+02,
2.584992065429687500e+02,
2.693050537109375000e+02,
2.925576782226562500e+02,
3.047732238769531250e+02,
3.039586486816406250e+02,
3.063151550292968750e+02,
3.010553283691406250e+02,
2.929886169433593750e+02,
2.861414489746093750e+02,
2.786206054687500000e+02,
2.732630310058593750e+02,
2.702315979003906250e+02,
2.667053833007812500e+02,
2.613303833007812500e+02,
2.551973419189453125e+02,
2.616654357910156250e+02,
2.664054260253906250e+02,
2.583286132812500000e+02,
2.476715393066406250e+02,
2.347876586914062500e+02,
2.280495300292968750e+02,
2.250854492187500000e+02,
2.211056671142578125e+02,
2.208274078369140625e+02,
2.179821319580078125e+02,
2.189849548339843750e+02,
2.277390136718750000e+02,
2.356044616699218750e+02,
2.421274566650390625e+02,
2.459821472167968750e+02,
2.492590484619140625e+02,
2.560711364746093750e+02,
2.606649475097656250e+02,
2.593118896484375000e+02,
2.493428955078125000e+02,
2.409700469970703125e+02,
2.281976928710937500e+02,
2.124965362548828125e+02,
2.117042999267578125e+02,
2.329690704345703125e+02,
2.452195739746093750e+02,
2.693331909179687500e+02,
2.790734252929687500e+02,
2.807480163574218750e+02,
2.640017700195312500e+02,
2.616234130859375000e+02,
2.597966918945312500e+02,
2.506850585937500000e+02,
2.542091217041015625e+02,
2.575964965820312500e+02,
2.532328796386718750e+02,
2.490390625000000000e+02,
2.421968841552734375e+02,
2.423209991455078125e+02,
3.389423522949218750e+02,
4.621340637207031250e+02,
5.932891235351562500e+02,
7.200678100585937500e+02,
8.760773315429687500e+02,
9.204273071289062500e+02,
9.229461059570312500e+02,
9.050586547851562500e+02,
8.649688720703125000e+02,
7.959859619140625000e+02,
7.422236328125000000e+02,
7.045429687500000000e+02,
6.446701049804687500e+02,
5.958021850585937500e+02,
5.475429687500000000e+02,
5.149871826171875000e+02,
5.034541625976562500e+02,
5.184672241210937500e+02,
5.120441894531250000e+02,
5.014260864257812500e+02,
5.055695190429687500e+02,
5.180303955078125000e+02,
5.063498840332031250e+02,
5.117909240722656250e+02,
5.211964111328125000e+02,
5.410861816406250000e+02,
5.646376342773437500e+02,
5.735897827148437500e+02,
5.549812011718750000e+02,
5.332777709960937500e+02,
4.672835083007812500e+02,
3.875923461914062500e+02,
3.268034667968750000e+02,
2.823375549316406250e+02,
2.653658142089843750e+02,
2.602006530761718750e+02,
2.546769104003906250e+02,
2.536747131347656250e+02,
2.534247283935546875e+02,
2.569730834960937500e+02,
2.554449462890625000e+02,
2.524991302490234375e+02,
2.436218261718750000e+02,
2.407840881347656250e+02,
2.439809265136718750e+02,
2.442059936523437500e+02,
2.539780578613281250e+02,
2.850635681152343750e+02,
3.671442565917968750e+02,
4.835606994628906250e+02,
5.807711791992187500e+02,
6.861032714843750000e+02,
7.381119384765625000e+02,
7.381215209960937500e+02,
7.005804443359375000e+02,
7.143503417968750000e+02,
7.216926269531250000e+02,
7.242422485351562500e+02,
7.340297241210937500e+02,
7.085057983398437500e+02,
6.502708129882812500e+02,
6.075818481445312500e+02,
5.558198852539062500e+02,
4.799326171875000000e+02,
4.202433471679687500e+02,
4.042211303710937500e+02,
4.077568054199218750e+02,
4.078055725097656250e+02,
4.007199707031250000e+02,
4.219877929687500000e+02,
4.370182495117187500e+02,
4.372908020019531250e+02,
4.342409057617187500e+02,
4.241735839843750000e+02,
3.979341735839843750e+02,
3.845278015136718750e+02,
3.825851745605468750e+02,
3.922595825195312500e+02,
4.132649536132812500e+02,
4.279583740234375000e+02,
4.234352111816406250e+02,
4.170673828125000000e+02,
3.977662048339843750e+02,
3.875585327148437500e+02,
3.899887084960937500e+02,
3.896066284179687500e+02,
3.923831481933593750e+02,
3.982571411132812500e+02,
3.703692321777343750e+02,
3.498737182617187500e+02,
