-6.633540391921997070e-01,
-6.624165773391723633e-01,
-6.614166498184204102e-01,
-6.683087348937988281e-01,
-6.731990575790405273e-01,
-6.741232872009277344e-01,
-6.726727485656738281e-01,
-6.725040674209594727e-01,
-6.708511114120483398e-01,
-6.687780618667602539e-01,
-6.652601361274719238e-01,
-6.633117198944091797e-01,
-6.604527831077575684e-01,
-6.640467643737792969e-01,
-6.685085296630859375e-01,
-6.703059673309326172e-01,
-6.699353456497192383e-01,
-6.674534082412719727e-01,
-6.667457818984985352e-01,
-6.664018034934997559e-01,
-6.668535470962524414e-01,
-6.673085689544677734e-01,
-6.679714918136596680e-01,
-6.679513454437255859e-01,
-6.674494743347167969e-01,
-6.669183969497680664e-01,
-6.669830083847045898e-01,
-6.665775775909423828e-01,
-6.666165590286254883e-01,
-6.669818162918090820e-01,
-6.672372817993164062e-01,
-6.671384572982788086e-01,
-6.678146719932556152e-01,
-6.682966947555541992e-01,
-6.688450574874877930e-01,
-6.690437793731689453e-01,
-6.695119738578796387e-01,
-6.697692871093750000e-01,
-6.697741746902465820e-01,
-6.692483425140380859e-01,
-6.693478822708129883e-01,
-6.697324514389038086e-01,
-6.698620319366455078e-01,
-6.698845624923706055e-01,
-6.701638698577880859e-01,
-6.693760156631469727e-01,
-6.694432497024536133e-01,
-6.704548597335815430e-01,
-6.710138320922851562e-01,
-6.712895035743713379e-01,
-6.724772453308105469e-01,
-6.727325916290283203e-01,
-6.731795668601989746e-01,
-6.727780103683471680e-01,
-6.728398799896240234e-01,
-6.726219654083251953e-01,
-6.724581718444824219e-01,
-6.728593707084655762e-01,
-6.720358133316040039e-01,
-6.718519926071166992e-01,
-6.705178618431091309e-01,
-6.702485084533691406e-01,
-6.699044704437255859e-01,
-6.702944636344909668e-01,
-6.704654693603515625e-01,
-6.705238223075866699e-01,
-6.699153184890747070e-01,
-6.700128912925720215e-01,
-6.708058118820190430e-01,
-6.716879010200500488e-01,
-6.728864908218383789e-01,
-6.733766794204711914e-01,
-6.738357543945312500e-01,
-6.739612817764282227e-01,
-6.732922792434692383e-01,
-6.721132397651672363e-01,
-6.712403297424316406e-01,
-6.702090501785278320e-01,
-6.681284904479980469e-01,
-6.682726144790649414e-01,
-6.684237718582153320e-01,
-6.680388450622558594e-01,
-6.682724952697753906e-01,
-6.684596538543701172e-01,
-6.681489944458007812e-01,
-6.690586805343627930e-01,
-6.693826317787170410e-01,
-6.696419119834899902e-01,
-6.701812744140625000e-01,
-6.703460216522216797e-01,
-6.705271005630493164e-01,
-6.709957122802734375e-01,
-6.703068017959594727e-01,
-6.702617406845092773e-01,
-6.697565317153930664e-01,
-6.691259741783142090e-01,
-6.680756807327270508e-01,
-6.682415604591369629e-01,
-6.687933206558227539e-01,
-6.693491935729980469e-01,
-6.696489453315734863e-01,
-6.694004535675048828e-01,
-6.694692373275756836e-01,
-6.696038842201232910e-01,
-6.688238382339477539e-01,
-6.686114072799682617e-01,
-6.683297753334045410e-01,
-6.677927970886230469e-01,
-6.670097708702087402e-01,
-6.669360399246215820e-01,
-6.681926250457763672e-01,
-6.693361997604370117e-01,
-6.703528761863708496e-01,
-6.715455055236816406e-01,
-6.722154617309570312e-01,
-6.725421547889709473e-01,
-6.733546257019042969e-01,
-6.734017133712768555e-01,
-6.741882562637329102e-01,
-6.741573810577392578e-01,
-6.740210056304931641e-01,
-6.742351055145263672e-01,
-6.752051115036010742e-01,
-6.758611202239990234e-01,
-6.758568286895751953e-01,
-6.757692098617553711e-01,
-6.755990982055664062e-01,
-6.759756207466125488e-01,
-6.758319735527038574e-01,
-6.756683588027954102e-01,
-6.757320165634155273e-01,
-6.760426759719848633e-01,
-6.757382154464721680e-01,
-6.764155626296997070e-01,
-6.766965389251708984e-01,
-6.762644052505493164e-01,
-6.758706569671630859e-01,
-6.757515668869018555e-01,
-6.753270626068115234e-01,
-6.757714748382568359e-01,
-6.753737330436706543e-01,
-6.753664016723632812e-01,
-6.750664710998535156e-01,
-6.747534871101379395e-01,
-6.743012070655822754e-01,
-6.750234365463256836e-01,
-6.756144762039184570e-01,
-6.763273477554321289e-01,
-6.767674684524536133e-01,
-6.772861480712890625e-01,
-6.769227385520935059e-01,
-6.764153242111206055e-01,
-6.755354404449462891e-01,
-6.752031445503234863e-01,
-6.745134592056274414e-01,
-6.736828684806823730e-01,
-6.733106374740600586e-01,
-6.731061935424804688e-01,
-6.725336313247680664e-01,
-6.723234057426452637e-01,
-6.730359792709350586e-01,
-6.727470755577087402e-01,
-6.722497940063476562e-01,
-6.725758314132690430e-01,
-6.731146574020385742e-01,
-6.731780171394348145e-01,
-6.737696528434753418e-01,
-6.745607852935791016e-01,
-6.745313405990600586e-01,
-6.748188734054565430e-01,
-6.750602126121520996e-01,
-6.748007535934448242e-01,
-6.745948791503906250e-01,
-6.744266748428344727e-01,
-6.742159724235534668e-01,
-6.742906570434570312e-01,
-6.745370030403137207e-01,
-6.746115684509277344e-01,
-6.746852993965148926e-01,
-6.749635934829711914e-01,
-6.745053529739379883e-01,
-6.745303273200988770e-01,
-6.739394068717956543e-01,
-6.737640500068664551e-01,
-6.732971668243408203e-01,
-6.720085144042968750e-01,
-6.705906391143798828e-01,
-6.706105470657348633e-01,
-6.700755357742309570e-01,
-6.694120764732360840e-01,
-6.683048009872436523e-01,
-6.682382225990295410e-01,
-6.682646274566650391e-01,
-6.692886352539062500e-01,
-6.705069541931152344e-01,
-6.708884239196777344e-01,
-6.720005273818969727e-01,
-6.729155778884887695e-01,
-6.736334562301635742e-01,
-6.741822957992553711e-01,
-6.745070815086364746e-01,
-6.747723817825317383e-01,
-6.744673848152160645e-01,
-6.742131710052490234e-01,
-6.730680465698242188e-01,
-6.734228134155273438e-01,
-6.738662123680114746e-01,
-6.736847758293151855e-01,
-6.732336282730102539e-01,
-6.733899116516113281e-01,
-6.735678911209106445e-01,
-6.729837656021118164e-01,
-6.727249026298522949e-01,
-6.724473237991333008e-01,
-6.718010902404785156e-01,
-6.713261008262634277e-01,
-6.706926822662353516e-01,
-6.707383394241333008e-01,
-6.702210903167724609e-01,
-6.705003380775451660e-01,
-6.708289980888366699e-01,
-6.707829236984252930e-01,
-6.706449985504150391e-01,
-6.705986261367797852e-01,
-6.718082427978515625e-01,
-6.723116636276245117e-01,
-6.732715368270874023e-01,
-6.733189225196838379e-01,
-6.732508540153503418e-01,
-6.728526949882507324e-01,
-6.722272038459777832e-01,
-6.715826392173767090e-01,
-6.707309484481811523e-01,
-6.702857613563537598e-01,
-6.692029237747192383e-01,
-6.693247556686401367e-01,
-6.684198975563049316e-01,
-6.678252220153808594e-01,
-6.674831509590148926e-01,
-6.665923595428466797e-01,
-6.663269996643066406e-01,
-6.665736436843872070e-01,
-6.664975881576538086e-01,
-6.669447422027587891e-01,
-6.674927473068237305e-01,
-6.674990653991699219e-01,
-6.676331758499145508e-01,
-6.678746938705444336e-01,
-6.686667203903198242e-01,
-6.687629222869873047e-01,
-6.686089038848876953e-01,
-6.683162450790405273e-01,
-6.681836843490600586e-01,
-6.681047677993774414e-01,
-6.679687500000000000e-01,
-6.677061319351196289e-01,
-6.675248146057128906e-01,
-6.664718389511108398e-01,
-6.657081842422485352e-01,
-6.657726168632507324e-01,
-6.658551692962646484e-01,
-6.652384400367736816e-01,
-6.654133796691894531e-01,
-6.645447015762329102e-01,
-6.646810173988342285e-01,
-6.648730039596557617e-01,
-6.653769016265869141e-01,
-6.652661561965942383e-01,
-6.646687388420104980e-01,
-6.647305488586425781e-01,
-6.648480296134948730e-01,
-6.656287908554077148e-01,
-6.667059063911437988e-01,
-6.675297021865844727e-01,
-6.686198115348815918e-01,
-6.699144840240478516e-01,
-6.703621149063110352e-01,
-6.704585552215576172e-01,
-6.709212064743041992e-01,
-6.708469390869140625e-01,
-6.701287627220153809e-01,
-6.694021821022033691e-01,
-6.683525443077087402e-01,
-6.682748794555664062e-01,
-6.683415174484252930e-01,
-6.694889068603515625e-01,
-6.697374582290649414e-01,
-6.697926521301269531e-01,
-6.691439151763916016e-01,
-6.687881946563720703e-01,
-6.673018336296081543e-01,
-6.662575006484985352e-01,
-6.649851799011230469e-01,
-6.637578010559082031e-01,
-6.618949174880981445e-01,
-6.612292528152465820e-01,
-6.611980199813842773e-01,
-6.607107520103454590e-01,
-6.605970859527587891e-01,
-6.606329679489135742e-01,
-6.600999832153320312e-01,
-6.607462167739868164e-01,
-6.613500118255615234e-01,
-6.622611284255981445e-01,
-6.629741191864013672e-01,
-6.622012853622436523e-01,
-6.619497537612915039e-01,
-6.625473499298095703e-01,
-6.633048057556152344e-01,
-6.643113493919372559e-01,
-6.651802062988281250e-01,
-6.653391122817993164e-01,
-6.658059954643249512e-01,
-6.657763123512268066e-01,
-6.660907268524169922e-01,
-6.663181781768798828e-01,
-6.665385365486145020e-01,
-6.670377254486083984e-01,
-6.662583947181701660e-01,
-6.667077541351318359e-01,
-6.662377119064331055e-01,
-6.654405593872070312e-01,
-6.651360988616943359e-01,
-6.647142171859741211e-01,
-6.636086702346801758e-01,
-6.647290587425231934e-01,
-6.660488843917846680e-01,
-6.672836542129516602e-01,
-6.684316396713256836e-01,
-6.689111590385437012e-01,
-6.699575185775756836e-01,
-6.704063415527343750e-01,
-6.702697873115539551e-01,
-6.699071526527404785e-01,
-6.701714992523193359e-01,
-6.701782345771789551e-01,
-6.696472167968750000e-01,
-6.699158549308776855e-01,
-6.695967316627502441e-01,
-6.693576574325561523e-01,
-6.684414148330688477e-01,
-6.680084466934204102e-01,
-6.671774387359619141e-01,
-6.677520871162414551e-01,
-6.681815385818481445e-01,
-6.683659553527832031e-01,
-6.685208082199096680e-01,
-6.686660051345825195e-01,
-6.685310602188110352e-01,
-6.680648922920227051e-01,
-6.683107614517211914e-01,
-6.678204536437988281e-01,
-6.681599617004394531e-01,
-6.681355237960815430e-01,
-6.677795052528381348e-01,
-6.682683229446411133e-01,
-6.684021949768066406e-01,
-6.683846116065979004e-01,
-6.682246327400207520e-01,
-6.675068140029907227e-01,
-6.664084196090698242e-01,
-6.661810874938964844e-01,
-6.655535101890563965e-01,
-6.650990247726440430e-01,
-6.649122238159179688e-01,
-6.640067696571350098e-01,
-6.633782386779785156e-01,
-6.632212400436401367e-01,
-6.627927422523498535e-01,
-6.623994112014770508e-01,
-6.626357436180114746e-01,
-6.624147891998291016e-01,
-6.616846323013305664e-01,
-6.616278886795043945e-01,
-6.612401008605957031e-01,
-6.614036560058593750e-01,
-6.611139774322509766e-01,
-6.608880758285522461e-01,
-6.609041690826416016e-01,
-6.612548828125000000e-01,
-6.612310409545898438e-01,
-6.613003015518188477e-01,
-6.612645387649536133e-01,
-6.612880825996398926e-01,
-6.612359881401062012e-01,
-6.614834070205688477e-01,
-6.805080175399780273e-01,
-6.841210126876831055e-01,
-6.788676977157592773e-01,
-6.742823719978332520e-01,
-6.675605773925781250e-01,
-6.666586399078369141e-01,
-6.681205034255981445e-01,
-6.684994697570800781e-01,
-6.685570478439331055e-01,
-6.676990985870361328e-01,
-6.674325466156005859e-01,
-6.676037311553955078e-01,
-6.677395701408386230e-01,
-6.669564247131347656e-01,
-6.679794788360595703e-01,
-6.684100031852722168e-01,
-6.688178181648254395e-01,
-6.694388985633850098e-01,
-6.695041656494140625e-01,
-6.695373058319091797e-01,
-6.700376272201538086e-01,
-6.701588630676269531e-01,
-6.704868078231811523e-01,
-6.714049577713012695e-01,
-6.721379160881042480e-01,
-6.726298332214355469e-01,
-6.725178956985473633e-01,
-6.727094650268554688e-01,
-6.721140146255493164e-01,
-6.712070703506469727e-01,
-6.704907417297363281e-01,
-6.705549359321594238e-01,
-6.713533401489257812e-01,
-6.724348068237304688e-01,
-6.731308698654174805e-01,
-6.730929613113403320e-01,
-6.724245548248291016e-01,
-6.711189746856689453e-01,
-6.696393489837646484e-01,
-6.689548492431640625e-01,
-6.693271398544311523e-01,
-6.695683002471923828e-01,
-6.692944765090942383e-01,
-6.704623699188232422e-01,
-6.697739958763122559e-01,
-6.697396039962768555e-01,
-6.697225570678710938e-01,
-6.699116230010986328e-01,
-6.693356037139892578e-01,
-6.694685220718383789e-01,
-6.688122749328613281e-01,
-6.690054535865783691e-01,
-6.685169935226440430e-01,
-6.690928936004638672e-01,
-6.693940162658691406e-01,
-6.702990531921386719e-01,
-6.721470355987548828e-01,
-6.729643940925598145e-01,
-6.743322610855102539e-01,
-6.752413511276245117e-01,
-6.754254698753356934e-01,
-6.765422224998474121e-01,
-6.761476397514343262e-01,
-6.754186153411865234e-01,
-6.761324405670166016e-01,
-6.765642166137695312e-01,
-6.760191917419433594e-01,
-6.761394739151000977e-01,
-6.759061813354492188e-01,
-6.751036643981933594e-01,
-6.752474308013916016e-01,
-6.763756275177001953e-01,
-6.758644580841064453e-01,
-6.758551597595214844e-01,
-6.762169599533081055e-01,
-6.759258508682250977e-01,
-6.747869253158569336e-01,
-6.737599968910217285e-01,
-6.728942394256591797e-01,
-6.729664802551269531e-01,
-6.733873486518859863e-01,
-6.730870008468627930e-01,
-6.740121841430664062e-01,
-6.745892763137817383e-01,
-6.752182245254516602e-01,
-6.750857830047607422e-01,
-6.748083829879760742e-01,
-6.744385957717895508e-01,
-6.747279167175292969e-01,
-6.739779710769653320e-01,
-6.736980676651000977e-01,
-6.733366250991821289e-01,
-6.712247729301452637e-01,
-6.693629026412963867e-01,
-6.692898273468017578e-01,
-6.697518825531005859e-01,
-6.708223819732666016e-01,
-6.722029447555541992e-01,
-6.734648346900939941e-01,
-6.744707822799682617e-01,
-6.748591065406799316e-01,
-6.745752096176147461e-01,
-6.732178926467895508e-01,
-6.731534004211425781e-01,
-6.728060245513916016e-01,
-6.729427576065063477e-01,
-6.715667247772216797e-01,
-6.715170145034790039e-01,
-6.713984012603759766e-01,
-6.711025238037109375e-01,
-6.719961166381835938e-01,
-6.725742816925048828e-01,
-6.730057001113891602e-01,
-6.726980805397033691e-01,
-6.718875169754028320e-01,
-6.705917119979858398e-01,
-6.689743995666503906e-01,
-6.683294773101806641e-01,
-6.673394441604614258e-01,
-6.671420931816101074e-01,
-6.673173904418945312e-01,
-6.677563786506652832e-01,
-6.684466600418090820e-01,
-6.681323051452636719e-01,
-6.689327359199523926e-01,
-6.682993173599243164e-01,
-6.683090925216674805e-01,
-6.671811342239379883e-01,
-6.667261719703674316e-01,
-6.655548214912414551e-01,
-6.656459569931030273e-01,
-6.656163334846496582e-01,
-6.657190918922424316e-01,
-6.656239032745361328e-01,
-6.663022041320800781e-01,
-6.679277420043945312e-01,
-6.691525578498840332e-01,
-6.700525283813476562e-01,
-6.701613664627075195e-01,
-6.698135733604431152e-01,
-6.698278188705444336e-01,
-6.694731712341308594e-01,
-6.694641709327697754e-01,
-6.682375669479370117e-01,
-6.672066450119018555e-01,
-6.648216843605041504e-01,
-6.634243726730346680e-01,
-6.613444089889526367e-01,
-6.615821123123168945e-01,
-6.615548729896545410e-01,
-6.614663600921630859e-01,
-6.620160341262817383e-01,
-6.635123491287231445e-01,
-6.639938354492187500e-01,
-6.647908687591552734e-01,
-6.658223867416381836e-01,
-6.669576168060302734e-01,
-6.667627096176147461e-01,
-6.664713025093078613e-01,
-6.652410030364990234e-01,
-6.654887199401855469e-01,
-6.661906838417053223e-01,
-6.670085191726684570e-01,
-6.682926416397094727e-01,
-6.689845323562622070e-01,
-6.700540781021118164e-01,
-6.705643534660339355e-01,
-6.694437861442565918e-01,
-6.691164374351501465e-01,
-6.690127849578857422e-01,
-6.689945459365844727e-01,
-6.682703495025634766e-01,
-6.680787205696105957e-01,
-6.689578294754028320e-01,
-6.685059070587158203e-01,
-6.688506603240966797e-01,
-6.672518253326416016e-01,
-6.675034761428833008e-01,
-6.679904460906982422e-01,
-6.663268804550170898e-01,
-6.655208468437194824e-01,
-6.650061607360839844e-01,
-6.641514301300048828e-01,
-6.633111238479614258e-01,
-6.627420186996459961e-01,
-6.617563962936401367e-01,
-6.615979671478271484e-01,
-6.616126298904418945e-01,
-6.611913442611694336e-01,
-6.610000729560852051e-01,
-6.615409851074218750e-01,
-6.680267453193664551e-01,
-6.686062812805175781e-01,
-6.642029285430908203e-01,
-6.672526597976684570e-01,
-6.668586730957031250e-01,
-6.675409078598022461e-01,
-6.676958799362182617e-01,
-6.676552891731262207e-01,
-6.680456399917602539e-01,
-6.688017845153808594e-01,
-6.692301630973815918e-01,
-6.690961122512817383e-01,
-6.696863770484924316e-01,
-6.702392101287841797e-01,
-6.710314154624938965e-01,
-6.719851493835449219e-01,
-6.719796657562255859e-01,
-6.728200912475585938e-01,
-6.716848611831665039e-01,
-6.712539792060852051e-01,
-6.707283258438110352e-01,
-6.722660064697265625e-01,
-6.716989874839782715e-01,
-6.713084578514099121e-01,
-6.707921028137207031e-01,
-6.701900959014892578e-01,
-6.696072816848754883e-01,
-6.700027585029602051e-01,
-6.695429682731628418e-01,
-6.694622039794921875e-01,
-6.697020530700683594e-01,
-6.700536012649536133e-01,
-6.685105562210083008e-01,
-6.683502793312072754e-01,
-6.698379516601562500e-01,
-6.698812246322631836e-01,
-6.710585355758666992e-01,
-6.719211339950561523e-01,
-6.742593050003051758e-01,
-6.753314733505249023e-01,
-6.757521033287048340e-01,
-6.757069230079650879e-01,
-6.758170127868652344e-01,
-6.764798164367675781e-01,
-6.754704117774963379e-01,
-6.756522655487060547e-01,
-6.761150360107421875e-01,
-6.759547591209411621e-01,
-6.750545501708984375e-01,
-6.756790876388549805e-01,
-6.745058298110961914e-01,
-6.735156774520874023e-01,
-6.733195781707763672e-01,
-6.736133098602294922e-01,
-6.738382577896118164e-01,
-6.749345064163208008e-01,
-6.747554540634155273e-01,
-6.746072769165039062e-01,
-6.741884946823120117e-01,
-6.736056804656982422e-01,
-6.717778444290161133e-01,
-6.709324121475219727e-01,
-6.701216697692871094e-01,
-6.708459854125976562e-01,
-6.718728542327880859e-01,
-6.734251379966735840e-01,
-6.745367646217346191e-01,
-6.739307641983032227e-01,
-6.724931001663208008e-01,
-6.728307008743286133e-01,
-6.718503236770629883e-01,
-6.719008684158325195e-01,
-6.721906065940856934e-01,
-6.722124814987182617e-01,
-6.724149584770202637e-01,
-6.721312999725341797e-01,
-6.696422100067138672e-01,
-6.684885621070861816e-01,
-6.680545806884765625e-01,
-6.676836609840393066e-01,
-6.681773662567138672e-01,
-6.683450937271118164e-01,
-6.679578423500061035e-01,
-6.680002212524414062e-01,
-6.668860912322998047e-01,
-6.660128831863403320e-01,
-6.662168502807617188e-01,
-6.650975346565246582e-01,
-6.662628650665283203e-01,
-6.678093671798706055e-01,
-6.687388420104980469e-01,
-6.690217256546020508e-01,
-6.696233153343200684e-01,
-6.698995232582092285e-01,
-6.681870222091674805e-01,
-6.667062044143676758e-01,
-6.647948026657104492e-01,
-6.630269289016723633e-01,
-6.620137691497802734e-01,
-6.622262001037597656e-01,
-6.631504297256469727e-01,
-6.636887788772583008e-01,
-6.650394201278686523e-01,
-6.662827730178833008e-01,
-6.664507389068603516e-01,
-6.659774780273437500e-01,
-6.662565469741821289e-01,
-6.676957607269287109e-01,
-6.683089137077331543e-01,
-6.689409017562866211e-01,
-6.695068478584289551e-01,
-6.693192124366760254e-01,
-6.694030761718750000e-01,
-6.685338020324707031e-01,
-6.684349775314331055e-01,
-6.684437990188598633e-01,
-6.681605577468872070e-01,
-6.670783758163452148e-01,
-6.661641001701354980e-01,
-6.659598350524902344e-01,
-6.644831299781799316e-01,
-6.638410091400146484e-01,
-6.626478433609008789e-01,
-6.618044376373291016e-01,
-6.616064310073852539e-01,
-6.616747379302978516e-01,
