-6.546125411987304688e-01,
-6.542447209358215332e-01,
-6.562985777854919434e-01,
-6.587072610855102539e-01,
-6.590054035186767578e-01,
-6.593638658523559570e-01,
-6.596798896789550781e-01,
-6.593078374862670898e-01,
-6.595073342323303223e-01,
-6.597629785537719727e-01,
-6.595932245254516602e-01,
-6.594084501266479492e-01,
-6.592929959297180176e-01,
-6.598770618438720703e-01,
-6.598756313323974609e-01,
-6.601740121841430664e-01,
-6.598916053771972656e-01,
-6.600813865661621094e-01,
-6.601327657699584961e-01,
-6.599544286727905273e-01,
-6.591968536376953125e-01,
-6.583670973777770996e-01,
-6.573546528816223145e-01,
-6.572088003158569336e-01,
-6.568561792373657227e-01,
-6.580917835235595703e-01,
-6.588251590728759766e-01,
-6.591941118240356445e-01,
-6.595702171325683594e-01,
-6.594403982162475586e-01,
-6.588443517684936523e-01,
-6.586967110633850098e-01,
-6.579723358154296875e-01,
-6.571850776672363281e-01,
-6.564366817474365234e-01,
-6.557606458663940430e-01,
-6.556515693664550781e-01,
-6.554712057113647461e-01,
-6.555224657058715820e-01,
-6.549904346466064453e-01,
-6.548695564270019531e-01,
-6.543132066726684570e-01,
-6.531383395195007324e-01,
-6.524639129638671875e-01,
-6.528623104095458984e-01,
-6.538645029067993164e-01,
-6.546384096145629883e-01,
-6.549551486968994141e-01,
-6.553229689598083496e-01,
-6.554507017135620117e-01,
-6.551402807235717773e-01,
-6.543529033660888672e-01,
-6.533928513526916504e-01,
-6.526336669921875000e-01,
-6.520177125930786133e-01,
-6.515535116195678711e-01,
-6.512367129325866699e-01,
-6.514151096343994141e-01,
-6.510381102561950684e-01,
-6.511647701263427734e-01,
-6.504829525947570801e-01,
-6.509257555007934570e-01,
-6.517943143844604492e-01,
-6.520946025848388672e-01,
-6.520388126373291016e-01,
-6.526654362678527832e-01,
-6.530845761299133301e-01,
-6.540681123733520508e-01,
-6.542555689811706543e-01,
-6.543382406234741211e-01,
-6.541202664375305176e-01,
-6.539753675460815430e-01,
-6.536750793457031250e-01,
-6.533333659172058105e-01,
-6.533402800559997559e-01,
-6.537414789199829102e-01,
-6.537390351295471191e-01,
-6.532596349716186523e-01,
-6.524242162704467773e-01,
-6.518613100051879883e-01,
-6.515191793441772461e-01,
-6.515765190124511719e-01,
-6.513483524322509766e-01,
-6.512920856475830078e-01,
-6.506664752960205078e-01,
-6.501660943031311035e-01,
-6.493703126907348633e-01,
-6.487221121788024902e-01,
-6.478132009506225586e-01,
-6.473971009254455566e-01,
-6.474060416221618652e-01,
-6.473137140274047852e-01,
-6.476356983184814453e-01,
-6.482998728752136230e-01,
-6.488434672355651855e-01,
-6.493065953254699707e-01,
-6.491477489471435547e-01,
-6.489257216453552246e-01,
-6.486909389495849609e-01,
-6.485980153083801270e-01,
-6.483224034309387207e-01,
-6.477736234664916992e-01,
-6.482191085815429688e-01,
-6.484161019325256348e-01,
-6.483435630798339844e-01,
-6.482812166213989258e-01,
-6.483585834503173828e-01,
-6.483584642410278320e-01,
-6.477614641189575195e-01,
-6.480745077133178711e-01,
-6.485008597373962402e-01,
-6.488806009292602539e-01,
-6.491624116897583008e-01,
-6.486446261405944824e-01,
-6.485134363174438477e-01,
-6.480047702789306641e-01,
-6.475956439971923828e-01,
-6.476610302925109863e-01,
-6.474527120590209961e-01,
-6.482018232345581055e-01,
-6.476787328720092773e-01,
-6.489064097404479980e-01,
-6.500492095947265625e-01,
-6.502778530120849609e-01,
-6.504176855087280273e-01,
-6.506870985031127930e-01,
-6.506386995315551758e-01,
-6.506357192993164062e-01,
-6.507979035377502441e-01,
-6.514974832534790039e-01,
-6.517561674118041992e-01,
-6.525582075119018555e-01,
-6.526061296463012695e-01,
-6.527039408683776855e-01,
-6.535325646400451660e-01,
-6.546943187713623047e-01,
-6.553574800491333008e-01,
-6.567871570587158203e-01,
-6.571573019027709961e-01,
-6.576771736145019531e-01,
-6.582925319671630859e-01,
-6.577085256576538086e-01,
-6.581805944442749023e-01,
-6.590413451194763184e-01,
-6.585897207260131836e-01,
-6.588577032089233398e-01,
-6.591386795043945312e-01,
-6.596677303314208984e-01,
-6.599752902984619141e-01,
-6.604492664337158203e-01,
-6.604633331298828125e-01,
-6.612551212310791016e-01,
-6.614984273910522461e-01,
-6.607941985130310059e-01,
-6.604557037353515625e-01,
-6.599596738815307617e-01,
-6.595824360847473145e-01,
-6.596725583076477051e-01,
-6.615720391273498535e-01,
-6.628937721252441406e-01,
-6.642795801162719727e-01,
-6.652501225471496582e-01,
-6.657625436782836914e-01,
-6.652407646179199219e-01,
-6.643843054771423340e-01,
-6.637660264968872070e-01,
-6.636068820953369141e-01,
-6.632328033447265625e-01,
-6.635634899139404297e-01,
-6.648020744323730469e-01,
-6.650688648223876953e-01,
-6.659858822822570801e-01,
-6.571987867355346680e-01,
-6.566812992095947266e-01,
-6.577949523925781250e-01,
-6.590757369995117188e-01,
-6.600182056427001953e-01,
-6.597513556480407715e-01,
-6.601809263229370117e-01,
-6.600233316421508789e-01,
-6.593996286392211914e-01,
-6.585420966148376465e-01,
-6.591569185256958008e-01,
-6.586822271347045898e-01,
-6.579263210296630859e-01,
-6.590464711189270020e-01,
-6.587638854980468750e-01,
-6.577334403991699219e-01,
-6.567869186401367188e-01,
-6.559044122695922852e-01,
-6.550192236900329590e-01,
-6.546846628189086914e-01,
-6.545657515525817871e-01,
-6.542317867279052734e-01,
-6.544254422187805176e-01,
-6.545348167419433594e-01,
-6.545067429542541504e-01,
-6.535948514938354492e-01,
-6.521325111389160156e-01,
-6.517744064331054688e-01,
-6.512705087661743164e-01,
-6.518663167953491211e-01,
-6.519398093223571777e-01,
-6.527574658393859863e-01,
-6.537655591964721680e-01,
-6.537657976150512695e-01,
-6.541923284530639648e-01,
-6.542672514915466309e-01,
-6.537467241287231445e-01,
-6.523283720016479492e-01,
-6.530872583389282227e-01,
-6.525549888610839844e-01,
-6.515042185783386230e-01,
-6.501331329345703125e-01,
-6.492024660110473633e-01,
-6.487756967544555664e-01,
-6.478517651557922363e-01,
-6.486377716064453125e-01,
-6.486196517944335938e-01,
-6.493071913719177246e-01,
-6.484101414680480957e-01,
-6.487320661544799805e-01,
-6.486040353775024414e-01,
-6.485580801963806152e-01,
-6.481668949127197266e-01,
-6.490713357925415039e-01,
-6.487417817115783691e-01,
-6.491430997848510742e-01,
-6.479970216751098633e-01,
-6.483469009399414062e-01,
-6.487035155296325684e-01,
-6.492077708244323730e-01,
-6.493270993232727051e-01,
-6.506962776184082031e-01,
-6.512169837951660156e-01,
-6.511310935020446777e-01,
-6.520026326179504395e-01,
-6.526882648468017578e-01,
-6.542631387710571289e-01,
-6.566417217254638672e-01,
-6.568059921264648438e-01,
-6.573714613914489746e-01,
-6.585376262664794922e-01,
-6.593571901321411133e-01,
-6.606612205505371094e-01,
-6.606272459030151367e-01,
-6.603650450706481934e-01,
-6.607732176780700684e-01,
-6.608231067657470703e-01,
-6.616457104682922363e-01,
-6.633402109146118164e-01,
-6.639372110366821289e-01,
-6.641305685043334961e-01,
-6.642624139785766602e-01,
-6.648492813110351562e-01,
-6.647617220878601074e-01,
-6.581984758377075195e-01,
-6.586432456970214844e-01,
-6.581677198410034180e-01,
-6.591467857360839844e-01,
-6.594290733337402344e-01,
-6.589666604995727539e-01,
-6.590211391448974609e-01,
-6.588126420974731445e-01,
-6.578183770179748535e-01,
-6.582438945770263672e-01,
-6.564127206802368164e-01,
-6.554223299026489258e-01,
-6.551384925842285156e-01,
-6.551966667175292969e-01,
-6.543183326721191406e-01,
-6.540384888648986816e-01,
-6.527613997459411621e-01,
-6.524494886398315430e-01,
-6.523001194000244141e-01,
-6.524552106857299805e-01,
-6.530079245567321777e-01,
-6.531804800033569336e-01,
-6.540544033050537109e-01,
-6.536267399787902832e-01,
-6.529315710067749023e-01,
-6.529763340950012207e-01,
-6.511583328247070312e-01,
-6.495940685272216797e-01,
-6.492626667022705078e-01,
-6.491607427597045898e-01,
-6.485226750373840332e-01,
-6.490042209625244141e-01,
-6.492406129837036133e-01,
-6.488263607025146484e-01,
-6.488252878189086914e-01,
-6.488201618194580078e-01,
-6.481345891952514648e-01,
-6.484586000442504883e-01,
-6.494576334953308105e-01,
-6.499063968658447266e-01,
-6.500121355056762695e-01,
-6.515896916389465332e-01,
-6.521202921867370605e-01,
-6.540336012840270996e-01,
-6.553484201431274414e-01,
-6.563541889190673828e-01,
-6.577588915824890137e-01,
-6.604448556900024414e-01,
-6.607208847999572754e-01,
-6.600118875503540039e-01,
-6.615583896636962891e-01,
-6.636698246002197266e-01,
-6.636780500411987305e-01,
-6.643208265304565430e-01,
-6.650204658508300781e-01,
