3.555068969726562500e+02,
3.422829895019531250e+02,
3.361214599609375000e+02,
3.334504699707031250e+02,
2.912541809082031250e+02,
2.950604248046875000e+02,
3.010529174804687500e+02,
3.022722473144531250e+02,
3.020964355468750000e+02,
3.020258483886718750e+02,
3.032260131835937500e+02,
2.994538574218750000e+02,
3.089711303710937500e+02,
3.114058532714843750e+02,
3.056238403320312500e+02,
2.982240905761718750e+02,
2.921153869628906250e+02,
2.903267822265625000e+02,
2.945226745605468750e+02,
2.943695068359375000e+02,
2.986331481933593750e+02,
3.026409912109375000e+02,
3.107052917480468750e+02,
3.070645751953125000e+02,
2.982586364746093750e+02,
3.000758361816406250e+02,
2.971501159667968750e+02,
2.979118957519531250e+02,
3.020635375976562500e+02,
3.105017700195312500e+02,
3.338659973144531250e+02,
3.413869018554687500e+02,
3.314590148925781250e+02,
3.160300903320312500e+02,
3.065179443359375000e+02,
3.070620117187500000e+02,
3.073832092285156250e+02,
3.165122070312500000e+02,
3.250806884765625000e+02,
3.286794738769531250e+02,
3.390666198730468750e+02,
3.361602172851562500e+02,
3.353871765136718750e+02,
3.360111999511718750e+02,
3.297061157226562500e+02,
3.212480773925781250e+02,
3.143519897460937500e+02,
2.970216674804687500e+02,
2.852588500976562500e+02,
2.870119323730468750e+02,
2.872900390625000000e+02,
2.890134277343750000e+02,
2.892991943359375000e+02,
2.836958618164062500e+02,
2.789837341308593750e+02,
2.787724304199218750e+02,
2.788182067871093750e+02,
2.734640808105468750e+02,
2.730986938476562500e+02,
2.743883666992187500e+02,
2.729927978515625000e+02,
2.681556091308593750e+02,
2.645122375488281250e+02,
2.637598571777343750e+02,
2.688565063476562500e+02,
2.728032531738281250e+02,
2.803920288085937500e+02,
2.782917480468750000e+02,
2.783676452636718750e+02,
2.794105224609375000e+02,
2.748338317871093750e+02,
2.681723022460937500e+02,
2.682496032714843750e+02,
2.718953247070312500e+02,
2.819622802734375000e+02,
3.059969482421875000e+02,
3.404176330566406250e+02,
3.905332641601562500e+02,
4.322845153808593750e+02,
4.623899841308593750e+02,
4.773471069335937500e+02,
4.782907714843750000e+02,
4.625570068359375000e+02,
4.484162597656250000e+02,
4.415374145507812500e+02,
4.326064453125000000e+02,
4.242734069824218750e+02,
4.154166259765625000e+02,
4.056967163085937500e+02,
3.970894775390625000e+02,
3.851288757324218750e+02,
3.700711669921875000e+02,
3.562930603027343750e+02,
3.471427612304687500e+02,
3.372075500488281250e+02,
3.396913757324218750e+02,
3.447147521972656250e+02,
3.388716735839843750e+02,
3.401443786621093750e+02,
3.451484680175781250e+02,
3.428865051269531250e+02,
3.417584228515625000e+02,
3.442785339355468750e+02,
3.452130737304687500e+02,
3.492161254882812500e+02,
3.444680786132812500e+02,
3.380753784179687500e+02,
3.327841186523437500e+02,
3.298072204589843750e+02,
3.259554138183593750e+02,
3.260576477050781250e+02,
3.187912902832031250e+02,
3.123623046875000000e+02,
3.057714538574218750e+02,
3.063131103515625000e+02,
3.096629943847656250e+02,
3.075942382812500000e+02,
3.072866821289062500e+02,
3.085161437988281250e+02,
3.110169677734375000e+02,
3.148776855468750000e+02,
3.178800354003906250e+02,
3.205632629394531250e+02,
3.276641235351562500e+02,
3.302729187011718750e+02,
3.253166809082031250e+02,
3.240285949707031250e+02,
3.201168212890625000e+02,
3.189086303710937500e+02,
3.158005676269531250e+02,
3.179790954589843750e+02,
3.238219909667968750e+02,
3.161164550781250000e+02,
3.183483886718750000e+02,
3.225138244628906250e+02,
3.255791015625000000e+02,
3.302760009765625000e+02,
3.280722656250000000e+02,
3.259219360351562500e+02,
3.248907775878906250e+02,
3.267947998046875000e+02,
3.229667968750000000e+02,
3.164403076171875000e+02,
3.024410095214843750e+02,
2.904833374023437500e+02,
2.867686767578125000e+02,
2.849431762695312500e+02,
2.828715820312500000e+02,
2.812764892578125000e+02,
2.898457031250000000e+02,
3.036471862792968750e+02,
3.101409606933593750e+02,
3.106991882324218750e+02,
3.083652038574218750e+02,
3.055099182128906250e+02,
2.945522460937500000e+02,
2.886391906738281250e+02,
2.811027221679687500e+02,
2.793869934082031250e+02,
2.799445800781250000e+02,
2.752680053710937500e+02,
2.761748352050781250e+02,
2.761015930175781250e+02,
2.722737121582031250e+02,
2.704413452148437500e+02,
2.635957641601562500e+02,
2.570422668457031250e+02,
2.502989196777343750e+02,
2.524365692138671875e+02,
2.508807220458984375e+02,
2.524485473632812500e+02,
2.526290435791015625e+02,
2.488455200195312500e+02,
2.470749664306640625e+02,
2.430615692138671875e+02,
2.405980682373046875e+02,
2.358532257080078125e+02,
2.313436279296875000e+02,
2.268051300048828125e+02,
2.326013183593750000e+02,
2.376531372070312500e+02,
2.406377258300781250e+02,
2.454567871093750000e+02,
2.502032775878906250e+02,
2.563573303222656250e+02,
2.556966247558593750e+02,
2.558291625976562500e+02,
2.606473999023437500e+02,
2.573927001953125000e+02,
2.567385559082031250e+02,
2.464969177246093750e+02,
2.403463439941406250e+02,
2.388266448974609375e+02,
2.387266998291015625e+02,
2.383577728271484375e+02,
2.426752166748046875e+02,
2.503413391113281250e+02,
2.591904602050781250e+02,
2.681786193847656250e+02,
2.695975952148437500e+02,
2.658167114257812500e+02,
2.635994262695312500e+02,
2.600280761718750000e+02,
2.589279174804687500e+02,
2.523578033447265625e+02,
2.481310424804687500e+02,
2.455826110839843750e+02,
2.457913513183593750e+02,
2.493798065185546875e+02,
2.503199462890625000e+02,
2.491241760253906250e+02,
2.523934631347656250e+02,
2.516863861083984375e+02,
2.512850036621093750e+02,
2.502802124023437500e+02,
2.593017578125000000e+02,
2.629319458007812500e+02,
2.627479553222656250e+02,
2.612230834960937500e+02,
2.667558898925781250e+02,
2.630242614746093750e+02,
2.622248840332031250e+02,
2.583000488281250000e+02,
2.588709716796875000e+02,
2.564288635253906250e+02,
2.516402740478515625e+02,
2.499140625000000000e+02,
2.551058807373046875e+02,
2.553655242919921875e+02,
2.563793334960937500e+02,
2.689211730957031250e+02,
2.725204772949218750e+02,
2.711831054687500000e+02,
2.663605346679687500e+02,
2.670180053710937500e+02,
2.616732177734375000e+02,
2.592773742675781250e+02,
2.667597351074218750e+02,
2.665433044433593750e+02,
2.654915466308593750e+02,
2.726238708496093750e+02,
2.727937011718750000e+02,
2.756036376953125000e+02,
2.828553771972656250e+02,
2.950389404296875000e+02,
3.108360900878906250e+02,
3.157862243652343750e+02,
3.102300415039062500e+02,
3.069473266601562500e+02,
3.047410278320312500e+02,
3.090451660156250000e+02,
3.089086303710937500e+02,
3.031399536132812500e+02,
2.979187927246093750e+02,
2.952854919433593750e+02,
2.961123352050781250e+02,
2.980451049804687500e+02,
3.040989685058593750e+02,
3.073349609375000000e+02,
3.017609863281250000e+02,
2.877917480468750000e+02,
2.681489562988281250e+02,
2.531379547119140625e+02,
2.405532836914062500e+02,
2.377471923828125000e+02,
2.406309051513671875e+02,
2.432176361083984375e+02,
2.484060516357421875e+02,
2.488488311767578125e+02,
2.471277313232421875e+02,
2.377750549316406250e+02,
2.363490600585937500e+02,
2.327042541503906250e+02,
2.296447906494140625e+02,
2.326869506835937500e+02,
2.380135192871093750e+02,
2.371389312744140625e+02,
2.385834960937500000e+02,
2.391577301025390625e+02,
2.427950592041015625e+02,
2.378315734863281250e+02,
2.369978179931640625e+02,
2.321925659179687500e+02,
2.319630279541015625e+02,
2.340426940917968750e+02,
2.403816680908203125e+02,
2.406023559570312500e+02,
2.442458496093750000e+02,
2.482032928466796875e+02,
2.552468566894531250e+02,
2.592718811035156250e+02,
2.672407836914062500e+02,
2.728764648437500000e+02,
2.806242675781250000e+02,
2.831798706054687500e+02,
2.959796142578125000e+02,
3.050058898925781250e+02,
3.049154357910156250e+02,
3.065299072265625000e+02,
3.117202453613281250e+02,
3.022295532226562500e+02,
2.927776184082031250e+02,
2.763175048828125000e+02,
2.783185119628906250e+02,
2.854918518066406250e+02,
3.056873168945312500e+02,
3.425765991210937500e+02,
3.912513122558593750e+02,
4.386031799316406250e+02,
4.739117736816406250e+02,
4.955544738769531250e+02,
4.965513610839843750e+02,
4.818051452636718750e+02,
4.464266052246093750e+02,
4.178038635253906250e+02,
4.018339233398437500e+02,
3.945260925292968750e+02,
3.953522338867187500e+02,
4.069114074707031250e+02,
4.067557067871093750e+02,
4.067970886230468750e+02,
3.951809692382812500e+02,
3.857934875488281250e+02,
3.821805725097656250e+02,
3.734035949707031250e+02,
3.581109008789062500e+02,
3.404109191894531250e+02,
3.298870544433593750e+02,
3.232102355957031250e+02,
3.214244689941406250e+02,
3.172088317871093750e+02,
3.141854248046875000e+02,
3.075141601562500000e+02,
3.106884765625000000e+02,
3.172541503906250000e+02,
3.292102966308593750e+02,
3.285239868164062500e+02,
3.271663513183593750e+02,
3.203920593261718750e+02,
3.106397399902343750e+02,
3.055464477539062500e+02,
2.980826416015625000e+02,
2.965778808593750000e+02,
2.964993896484375000e+02,
2.975498657226562500e+02,
2.910000915527343750e+02,
3.007037963867187500e+02,
2.960867004394531250e+02,
2.853913879394531250e+02,
2.918019714355468750e+02,
2.967992858886718750e+02,
3.027317199707031250e+02,
3.030585021972656250e+02,
3.146736755371093750e+02,
3.165909423828125000e+02,
3.190227661132812500e+02,
3.184644165039062500e+02,
3.243586425781250000e+02,
3.243615417480468750e+02,
3.195531616210937500e+02,
3.123715209960937500e+02,
3.058977050781250000e+02,
2.974474487304687500e+02,
2.882248229980468750e+02,
2.877292480468750000e+02,
2.829340820312500000e+02,
2.763183898925781250e+02,
2.684852905273437500e+02,
2.581936950683593750e+02,
2.509434204101562500e+02,
2.451016998291015625e+02,
2.450937347412109375e+02,
2.453489685058593750e+02,
2.447023620605468750e+02,
2.482344360351562500e+02,
2.485586700439453125e+02,
2.498400115966796875e+02,
2.511048736572265625e+02,
2.500370330810546875e+02,
2.433773193359375000e+02,
2.443716278076171875e+02,
2.409009857177734375e+02,
2.432276306152343750e+02,
2.495704498291015625e+02,
2.567433471679687500e+02,
2.549694061279296875e+02,
4.195169677734375000e+02,
4.111043395996093750e+02,
4.110657958984375000e+02,
4.147332763671875000e+02,
4.012063293457031250e+02,
4.033803405761718750e+02,
3.971734619140625000e+02,
3.846984558105468750e+02,
3.758938903808593750e+02,
3.730938110351562500e+02,
3.768954162597656250e+02,
3.695595703125000000e+02,
3.765674438476562500e+02,
3.961192626953125000e+02,
3.951334838867187500e+02,
3.987211303710937500e+02,
3.921494445800781250e+02,
3.791911621093750000e+02,
3.760066223144531250e+02,
3.851809082031250000e+02,
3.954527282714843750e+02,
3.819664306640625000e+02,
3.706783752441406250e+02,
3.589889831542968750e+02,
3.505464477539062500e+02,
3.508914794921875000e+02,
3.524195861816406250e+02,
3.387705078125000000e+02,
3.219861755371093750e+02,
3.184749450683593750e+02,
3.150830688476562500e+02,
3.253591308593750000e+02,
3.334794311523437500e+02,
3.321889343261718750e+02,
3.336388854980468750e+02,
3.385844116210937500e+02,
3.807892761230468750e+02,
4.254554138183593750e+02,
4.665864868164062500e+02,
5.072778015136718750e+02,
5.293699951171875000e+02,
5.042393493652343750e+02,
4.837610168457031250e+02,
4.507400207519531250e+02,
4.333934326171875000e+02,
4.151648559570312500e+02,
4.032871093750000000e+02,
3.935022583007812500e+02,
4.002797851562500000e+02,
4.097452697753906250e+02,
4.216775817871093750e+02,
4.058584899902343750e+02,
4.020011596679687500e+02,
3.985346069335937500e+02,
3.896515808105468750e+02,
3.792214660644531250e+02,
3.760256958007812500e+02,
3.696933593750000000e+02,
3.680059204101562500e+02,
3.759785766601562500e+02,
3.769428100585937500e+02,
3.788864135742187500e+02,
3.821972045898437500e+02,
3.837167663574218750e+02,
3.728231811523437500e+02,
3.800185852050781250e+02,
3.871223754882812500e+02,
3.916387634277343750e+02,
3.907636413574218750e+02,
3.856685791015625000e+02,
3.770823364257812500e+02,
3.705072631835937500e+02,
3.502733154296875000e+02,
3.470136108398437500e+02,
3.479903259277343750e+02,
3.530319519042968750e+02,
3.481153869628906250e+02,
3.389101257324218750e+02,
3.279368896484375000e+02,
3.203265686035156250e+02,
3.091449279785156250e+02,
3.032700500488281250e+02,
2.954660034179687500e+02,
2.854988403320312500e+02,
2.827413940429687500e+02,
2.781967773437500000e+02,
2.724050292968750000e+02,
2.654639282226562500e+02,
2.735543212890625000e+02,
2.697324218750000000e+02,
2.813950805664062500e+02,
2.949297180175781250e+02,
2.966632385253906250e+02,
2.920003356933593750e+02,
2.904254760742187500e+02,
2.850071105957031250e+02,
2.842715454101562500e+02,
2.913103637695312500e+02,
3.038003540039062500e+02,
3.035643920898437500e+02,
2.986567687988281250e+02,
2.919558410644531250e+02,
2.854043579101562500e+02,
2.876633300781250000e+02,
2.861732482910156250e+02,
2.917084045410156250e+02,
3.085290832519531250e+02,
3.207588195800781250e+02,
3.192548522949218750e+02,
3.164494018554687500e+02,
3.085396423339843750e+02,
3.087320251464843750e+02,
3.035675048828125000e+02,
3.044425354003906250e+02,
3.136770935058593750e+02,
3.276864929199218750e+02,
3.351850891113281250e+02,
3.210095825195312500e+02,
3.238994445800781250e+02,
3.460924987792968750e+02,
3.625647583007812500e+02,
3.768458862304687500e+02,
4.036164245605468750e+02,
4.021649780273437500e+02,
3.795997314453125000e+02,
3.829956970214843750e+02,
3.721015625000000000e+02,
3.633997802734375000e+02,
3.598532409667968750e+02,
3.330651245117187500e+02,
3.082732543945312500e+02,
2.930253601074218750e+02,
2.806646728515625000e+02,
2.758739318847656250e+02,
2.762625732421875000e+02,
2.784996032714843750e+02,
2.736214599609375000e+02,
2.766742248535156250e+02,
2.766815185546875000e+02,
2.784679565429687500e+02,
2.827590332031250000e+02,
2.850061340332031250e+02,
2.880325927734375000e+02,
3.037432556152343750e+02,
3.225791015625000000e+02,
3.418882141113281250e+02,
3.645186767578125000e+02,
3.821613159179687500e+02,
3.744569702148437500e+02,
3.511988830566406250e+02,
3.554473876953125000e+02,
3.832453918457031250e+02,
4.373509826660156250e+02,
4.847869567871093750e+02,
5.324269409179687500e+02,
5.305513916015625000e+02,
5.254983520507812500e+02,
5.067001953125000000e+02,
4.911555480957031250e+02,
4.690886535644531250e+02,
4.504837341308593750e+02,
4.272401428222656250e+02,
4.055890808105468750e+02,
3.824505004882812500e+02,
3.720186462402343750e+02,
3.741021423339843750e+02,
3.852345581054687500e+02,
3.772367553710937500e+02,
3.659740295410156250e+02,
3.625564270019531250e+02,
3.448399963378906250e+02,
3.336970520019531250e+02,
3.453506469726562500e+02,
3.551466979980468750e+02,
3.440425720214843750e+02,
3.519005432128906250e+02,
3.588744506835937500e+02,
3.635970764160156250e+02,
3.643843383789062500e+02,
3.634537353515625000e+02,
3.434486389160156250e+02,
3.239956665039062500e+02,
3.084859924316406250e+02,
2.940811462402343750e+02,
2.806162719726562500e+02,
2.703917846679687500e+02,
2.722395324707031250e+02,
2.757071838378906250e+02,
2.710205078125000000e+02,
2.701885681152343750e+02,
2.735844726562500000e+02,
4.650924682617187500e+02,
4.900410461425781250e+02,
5.098449096679687500e+02,
4.925946960449218750e+02,
4.647609558105468750e+02,
4.430930786132812500e+02,
4.332602539062500000e+02,
4.727577209472656250e+02,
4.719432983398437500e+02,
4.640283203125000000e+02,
4.745439453125000000e+02,
4.511973266601562500e+02,
4.354022521972656250e+02,
4.377875976562500000e+02,
4.328772888183593750e+02,
4.303648376464843750e+02,
4.159438171386718750e+02,
4.085281677246093750e+02,
3.856958618164062500e+02,
3.696562500000000000e+02,
3.864847412109375000e+02,
3.903702087402343750e+02,
4.046994628906250000e+02,
4.544647521972656250e+02,
4.947987060546875000e+02,
5.393902587890625000e+02,
5.714461059570312500e+02,
5.540245361328125000e+02,
4.947383117675781250e+02,
4.791937561035156250e+02,
4.689586486816406250e+02,
4.549756164550781250e+02,
4.718075866699218750e+02,
4.759577331542968750e+02,
4.788962707519531250e+02,
4.586299133300781250e+02,
4.543103942871093750e+02,
4.462013854980468750e+02,
4.412963867187500000e+02,
4.374123840332031250e+02,
4.453952331542968750e+02,
4.370166625976562500e+02,
4.414535522460937500e+02,
4.434098815917968750e+02,
4.463135681152343750e+02,
4.460152893066406250e+02,
4.467180786132812500e+02,
4.338171691894531250e+02,
4.043692016601562500e+02,
3.923184509277343750e+02,
3.868717956542968750e+02,
3.808477478027343750e+02,
3.546270751953125000e+02,
3.388688659667968750e+02,
3.273475952148437500e+02,
3.119325866699218750e+02,
3.046603698730468750e+02,
3.029796142578125000e+02,
3.095378417968750000e+02,
3.190744323730468750e+02,
3.345152587890625000e+02,
3.382156066894531250e+02,
3.471017456054687500e+02,
3.577133789062500000e+02,
3.433626403808593750e+02,
3.517575683593750000e+02,
3.391022949218750000e+02,
3.446876831054687500e+02,
3.329595031738281250e+02,
3.402446594238281250e+02,
3.719107360839843750e+02,
3.796898803710937500e+02,
3.700427246093750000e+02,
3.674947814941406250e+02,
3.623179321289062500e+02,
3.648355102539062500e+02,
3.778803710937500000e+02,
3.883905334472656250e+02,
3.995277709960937500e+02,
4.203843383789062500e+02,
4.545165710449218750e+02,
4.610774841308593750e+02,
4.701974792480468750e+02,
4.448811645507812500e+02,
4.239565429687500000e+02,
3.861794738769531250e+02,
3.547037963867187500e+02,
3.208679199218750000e+02,
3.071729736328125000e+02,
3.127535400390625000e+02,
3.122578735351562500e+02,
3.134078063964843750e+02,
3.185065612792968750e+02,
3.332476196289062500e+02,
3.393380432128906250e+02,
3.718225708007812500e+02,
4.127225341796875000e+02,
4.433994750976562500e+02,
4.234545593261718750e+02,
4.370742492675781250e+02,
4.794508666992187500e+02,
5.290219116210937500e+02,
5.747071533203125000e+02,
6.132781372070312500e+02,
6.015626220703125000e+02,
5.546724853515625000e+02,
5.073876953125000000e+02,
4.782578735351562500e+02,
4.526958618164062500e+02,
4.444175720214843750e+02,
4.260874023437500000e+02,
4.193968200683593750e+02,
4.055856323242187500e+02,
3.847760620117187500e+02,
3.857045593261718750e+02,
4.076286315917968750e+02,
3.973865661621093750e+02,
4.034812316894531250e+02,
3.954336242675781250e+02,
3.952236938476562500e+02,
3.668338623046875000e+02,
3.341371154785156250e+02,
3.139563293457031250e+02,
2.948500976562500000e+02,
2.918831481933593750e+02,
2.951080627441406250e+02,
