5.388337402343750000e+02,
5.281511840820312500e+02,
5.186148071289062500e+02,
5.056217956542968750e+02,
4.341734313964843750e+02,
4.205525512695312500e+02,
4.170820922851562500e+02,
4.124496154785156250e+02,
4.073527832031250000e+02,
4.118630676269531250e+02,
4.087752685546875000e+02,
3.968006286621093750e+02,
3.945128173828125000e+02,
4.098738708496093750e+02,
4.171867675781250000e+02,
4.146680603027343750e+02,
4.211161499023437500e+02,
4.236166076660156250e+02,
4.194473571777343750e+02,
4.216867980957031250e+02,
4.301236877441406250e+02,
4.535970764160156250e+02,
4.801480407714843750e+02,
5.095480957031250000e+02,
5.209533691406250000e+02,
5.265361938476562500e+02,
5.204140625000000000e+02,
5.057352905273437500e+02,
4.783728332519531250e+02,
4.664450988769531250e+02,
4.599558715820312500e+02,
4.404914245605468750e+02,
4.295346984863281250e+02,
4.328442993164062500e+02,
4.400626831054687500e+02,
4.447501525878906250e+02,
4.562206726074218750e+02,
4.487020263671875000e+02,
4.381087646484375000e+02,
4.275694885253906250e+02,
3.897892150878906250e+02,
3.562854919433593750e+02,
3.463152465820312500e+02,
3.396141662597656250e+02,
3.229528808593750000e+02,
3.184304199218750000e+02,
3.155059814453125000e+02,
3.149777832031250000e+02,
3.111931762695312500e+02,
3.174024963378906250e+02,
3.141685791015625000e+02,
3.097971801757812500e+02,
3.050425720214843750e+02,
2.940398864746093750e+02,
2.879933776855468750e+02,
2.864962158203125000e+02,
2.769723205566406250e+02,
2.655850830078125000e+02,
2.599695129394531250e+02,
2.579254760742187500e+02,
2.526322784423828125e+02,
2.505624237060546875e+02,
2.544250183105468750e+02,
2.494051361083984375e+02,
2.478634033203125000e+02,
2.454267578125000000e+02,
2.413441925048828125e+02,
2.365580139160156250e+02,
2.363871459960937500e+02,
2.375066986083984375e+02,
2.355290069580078125e+02,
2.313656158447265625e+02,
2.295314483642578125e+02,
2.264477691650390625e+02,
2.189493560791015625e+02,
2.186875305175781250e+02,
2.174407806396484375e+02,
2.185217895507812500e+02,
2.187961120605468750e+02,
2.190858764648437500e+02,
2.155428466796875000e+02,
2.168708190917968750e+02,
2.169729919433593750e+02,
2.203100433349609375e+02,
2.136985015869140625e+02,
2.116042327880859375e+02,
2.100006561279296875e+02,
2.069710693359375000e+02,
2.047257843017578125e+02,
1.990179901123046875e+02,
1.957480316162109375e+02,
1.963852386474609375e+02,
1.981514129638671875e+02,
1.965546875000000000e+02,
1.959696350097656250e+02,
1.954317016601562500e+02,
1.972036285400390625e+02,
1.989362945556640625e+02,
2.000676727294921875e+02,
2.023230438232421875e+02,
2.038105773925781250e+02,
2.065314941406250000e+02,
2.045941314697265625e+02,
2.052640380859375000e+02,
2.049352874755859375e+02,
2.026420593261718750e+02,
2.015182800292968750e+02,
2.008228302001953125e+02,
2.016877593994140625e+02,
1.986236267089843750e+02,
1.970061492919921875e+02,
1.981634063720703125e+02,
1.989623718261718750e+02,
2.006869049072265625e+02,
2.049469757080078125e+02,
2.067152862548828125e+02,
2.070344848632812500e+02,
2.101694030761718750e+02,
2.080946044921875000e+02,
2.102602386474609375e+02,
2.130451507568359375e+02,
2.152734222412109375e+02,
2.176540679931640625e+02,
2.174159545898437500e+02,
2.192256622314453125e+02,
2.174007720947265625e+02,
2.188597564697265625e+02,
2.212423858642578125e+02,
2.233749847412109375e+02,
2.176358337402343750e+02,
2.186011657714843750e+02,
2.167752380371093750e+02,
2.137541198730468750e+02,
2.087789001464843750e+02,
2.036285705566406250e+02,
1.962962036132812500e+02,
1.875436248779296875e+02,
1.835136260986328125e+02,
1.825321655273437500e+02,
1.803131713867187500e+02,
1.820321044921875000e+02,
1.825908966064453125e+02,
1.808951721191406250e+02,
1.848093566894531250e+02,
1.923274841308593750e+02,
2.010501098632812500e+02,
2.127300415039062500e+02,
2.290443267822265625e+02,
2.339627532958984375e+02,
2.346688690185546875e+02,
2.358697357177734375e+02,
2.352729339599609375e+02,
2.371685791015625000e+02,
2.430766143798828125e+02,
2.480016326904296875e+02,
2.503104095458984375e+02,
2.486127471923828125e+02,
2.375071868896484375e+02,
2.266157531738281250e+02,
2.156888885498046875e+02,
2.164677734375000000e+02,
2.161347351074218750e+02,
2.145326385498046875e+02,
2.156266479492187500e+02,
2.119161224365234375e+02,
2.094550170898437500e+02,
2.059541473388671875e+02,
2.025243072509765625e+02,
2.004158477783203125e+02,
1.963012847900390625e+02,
1.958124847412109375e+02,
1.944967803955078125e+02,
1.915508422851562500e+02,
1.918139190673828125e+02,
1.987607574462890625e+02,
2.038831481933593750e+02,
2.109416198730468750e+02,
2.134571990966796875e+02,
2.134167022705078125e+02,
2.126421203613281250e+02,
2.113761291503906250e+02,
2.120874786376953125e+02,
2.160292816162109375e+02,
2.173130950927734375e+02,
2.171072998046875000e+02,
2.193708496093750000e+02,
2.211810607910156250e+02,
2.106959075927734375e+02,
2.101764221191406250e+02,
2.123964385986328125e+02,
2.151200714111328125e+02,
2.158589019775390625e+02,
2.166671600341796875e+02,
2.235150146484375000e+02,
2.233652648925781250e+02,
2.263152465820312500e+02,
2.321644287109375000e+02,
2.386753540039062500e+02,
2.430777587890625000e+02,
2.420237731933593750e+02,
2.386082763671875000e+02,
2.347963409423828125e+02,
2.346050109863281250e+02,
2.348643493652343750e+02,
2.353087615966796875e+02,
2.401243896484375000e+02,
2.393891143798828125e+02,
2.430301666259765625e+02,
2.439701538085937500e+02,
2.453892059326171875e+02,
2.390663757324218750e+02,
2.348154144287109375e+02,
2.259413604736328125e+02,
2.281860809326171875e+02,
2.376314849853515625e+02,
2.439339904785156250e+02,
2.512404479980468750e+02,
2.487702789306640625e+02,
2.531342315673828125e+02,
2.555154876708984375e+02,
2.475902404785156250e+02,
2.440259246826171875e+02,
2.411027526855468750e+02,
2.364309997558593750e+02,
2.359379882812500000e+02,
2.336066284179687500e+02,
2.334292449951171875e+02,
2.331860351562500000e+02,
2.386822814941406250e+02,
2.415848236083984375e+02,
2.535226745605468750e+02,
2.587907409667968750e+02,
2.633695983886718750e+02,
2.683869628906250000e+02,
2.841554870605468750e+02,
2.918667602539062500e+02,
2.950881958007812500e+02,
2.803771362304687500e+02,
2.717588195800781250e+02,
2.635449523925781250e+02,
2.635462951660156250e+02,
2.615259704589843750e+02,
2.575031127929687500e+02,
2.576994934082031250e+02,
2.615126037597656250e+02,
2.634832763671875000e+02,
2.679047851562500000e+02,
2.694195861816406250e+02,
2.753070373535156250e+02,
2.747836303710937500e+02,
2.788533935546875000e+02,
2.814472656250000000e+02,
2.792984313964843750e+02,
2.832831420898437500e+02,
2.832454528808593750e+02,
2.799891052246093750e+02,
2.816351928710937500e+02,
2.791386718750000000e+02,
2.819996032714843750e+02,
2.894412536621093750e+02,
2.931567077636718750e+02,
2.956069641113281250e+02,
2.931590270996093750e+02,
2.944028015136718750e+02,
2.913067321777343750e+02,
2.984130554199218750e+02,
3.015485534667968750e+02,
3.130648803710937500e+02,
3.097691345214843750e+02,
3.031397705078125000e+02,
2.951811523437500000e+02,
2.908437194824218750e+02,
2.918091735839843750e+02,
2.815489501953125000e+02,
2.796416931152343750e+02,
2.771104125976562500e+02,
2.727352600097656250e+02,
2.803662109375000000e+02,
2.862507934570312500e+02,
2.914866638183593750e+02,
2.906622924804687500e+02,
2.860317993164062500e+02,
2.833613281250000000e+02,
2.882658691406250000e+02,
2.980593261718750000e+02,
3.046334228515625000e+02,
3.105339660644531250e+02,
3.099044799804687500e+02,
3.104350280761718750e+02,
3.086063842773437500e+02,
3.048687744140625000e+02,
3.047615356445312500e+02,
2.992008056640625000e+02,
2.949669799804687500e+02,
2.862860412597656250e+02,
2.808672790527343750e+02,
2.745541381835937500e+02,
2.724598388671875000e+02,
2.735412902832031250e+02,
2.778614807128906250e+02,
2.784598999023437500e+02,
2.792336730957031250e+02,
2.723756103515625000e+02,
2.769028015136718750e+02,
2.703811950683593750e+02,
2.684514770507812500e+02,
2.739695434570312500e+02,
2.643010253906250000e+02,
2.586264343261718750e+02,
2.494181060791015625e+02,
2.478221740722656250e+02,
2.377392883300781250e+02,
2.366044311523437500e+02,
2.297810821533203125e+02,
2.261172180175781250e+02,
2.246868438720703125e+02,
2.250704345703125000e+02,
2.267689819335937500e+02,
2.294904937744140625e+02,
2.305994110107421875e+02,
2.340007171630859375e+02,
2.375971069335937500e+02,
2.412655944824218750e+02,
2.535407104492187500e+02,
2.630604858398437500e+02,
2.677332763671875000e+02,
2.709332885742187500e+02,
2.729989624023437500e+02,
2.670230102539062500e+02,
2.716955566406250000e+02,
2.704313354492187500e+02,
2.744523010253906250e+02,
2.767314758300781250e+02,
2.816395263671875000e+02,
2.898298645019531250e+02,
2.921814575195312500e+02,
2.987787170410156250e+02,
3.048044738769531250e+02,
2.996795959472656250e+02,
2.991259765625000000e+02,
2.848577575683593750e+02,
2.814725341796875000e+02,
2.709889221191406250e+02,
2.588489990234375000e+02,
2.524841308593750000e+02,
2.577293395996093750e+02,
2.645665283203125000e+02,
2.646306457519531250e+02,
2.677976379394531250e+02,
2.708086547851562500e+02,
2.733580017089843750e+02,
2.785971069335937500e+02,
2.783979492187500000e+02,
2.757902526855468750e+02,
2.722366333007812500e+02,
2.693581237792968750e+02,
2.641087951660156250e+02,
2.525159606933593750e+02,
2.511726226806640625e+02,
2.509220123291015625e+02,
2.528561553955078125e+02,
2.506008453369140625e+02,
2.488971862792968750e+02,
2.465346221923828125e+02,
2.387037963867187500e+02,
2.313786773681640625e+02,
3.449337768554687500e+02,
8.163112182617187500e+02,
1.626990722656250000e+03,
2.651479248046875000e+03,
3.849057128906250000e+03,
5.164571289062500000e+03,
6.150098144531250000e+03,
6.393784667968750000e+03,
6.107758789062500000e+03,
5.987903808593750000e+03,
5.637442871093750000e+03,
5.194274414062500000e+03,
4.738892089843750000e+03,
4.285389648437500000e+03,
3.973768554687500000e+03,
3.891512939453125000e+03,
3.738612304687500000e+03,
3.410526123046875000e+03,
2.938292968750000000e+03,
2.670423583984375000e+03,
2.546773681640625000e+03,
2.449067626953125000e+03,
2.248559570312500000e+03,
2.099189453125000000e+03,
2.062263427734375000e+03,
2.077227050781250000e+03,
2.151094726562500000e+03,
2.175567382812500000e+03,
2.088438720703125000e+03,
1.859539184570312500e+03,
1.645855346679687500e+03,
1.501117187500000000e+03,
1.358993530273437500e+03,
1.245508056640625000e+03,
1.138832641601562500e+03,
1.083353881835937500e+03,
1.047499267578125000e+03,
1.010326599121093750e+03,
9.954537353515625000e+02,
9.567615356445312500e+02,
9.297247314453125000e+02,
9.127364501953125000e+02,
8.699404907226562500e+02,
7.920199584960937500e+02,
7.311528320312500000e+02,
7.158375244140625000e+02,
6.967749023437500000e+02,
7.005402221679687500e+02,
7.161783447265625000e+02,
7.092777099609375000e+02,
6.890044555664062500e+02,
7.081416625976562500e+02,
7.162660522460937500e+02,
6.998767089843750000e+02,
6.878970947265625000e+02,
6.599602661132812500e+02,
6.158779296875000000e+02,
6.229055175781250000e+02,
6.590340576171875000e+02,
6.907392578125000000e+02,
7.070427856445312500e+02,
7.061023559570312500e+02,
6.605213623046875000e+02,
6.007606201171875000e+02,
5.403010253906250000e+02,
4.966663208007812500e+02,
4.756567993164062500e+02,
4.556614379882812500e+02,
4.489230041503906250e+02,
4.456891174316406250e+02,
4.581900024414062500e+02,
4.533928833007812500e+02,
4.596322326660156250e+02,
4.688135375976562500e+02,
4.704952392578125000e+02,
4.619156799316406250e+02,
4.672905273437500000e+02,
4.585122680664062500e+02,
4.503957214355468750e+02,
4.395934753417968750e+02,
4.330783691406250000e+02,
4.151479797363281250e+02,
4.145446777343750000e+02,
4.086390380859375000e+02,
4.165483093261718750e+02,
4.419771118164062500e+02,
4.722202148437500000e+02,
4.819955139160156250e+02,
4.874395446777343750e+02,
4.670726623535156250e+02,
4.425773315429687500e+02,
4.347471313476562500e+02,
4.391343383789062500e+02,
4.431384582519531250e+02,
4.705072631835937500e+02,
5.065593261718750000e+02,
5.389204711914062500e+02,
5.740616455078125000e+02,
6.037416992187500000e+02,
6.059259033203125000e+02,
6.114265136718750000e+02,
6.175133056640625000e+02,
6.219017333984375000e+02,
6.423793334960937500e+02,
6.854331054687500000e+02,
7.044519653320312500e+02,
7.212471923828125000e+02,
7.266630859375000000e+02,
7.101867675781250000e+02,
6.816029052734375000e+02,
6.601389770507812500e+02,
6.275123901367187500e+02,
5.993988037109375000e+02,
6.067235717773437500e+02,
6.054381713867187500e+02,
6.229775390625000000e+02,
6.447575683593750000e+02,
6.534029541015625000e+02,
6.418087158203125000e+02,
6.422863159179687500e+02,
6.337941894531250000e+02,
6.252599487304687500e+02,
6.145640258789062500e+02,
6.021623535156250000e+02,
5.768456420898437500e+02,
5.798009033203125000e+02,
5.950745239257812500e+02,
6.130426025390625000e+02,
6.390703125000000000e+02,
6.621864013671875000e+02,
6.450222167968750000e+02,
6.213461303710937500e+02,
6.023664550781250000e+02,
5.808890380859375000e+02,
5.606870727539062500e+02,
5.481379394531250000e+02,
5.209922485351562500e+02,
4.963408813476562500e+02,
4.886774597167968750e+02,
4.845558471679687500e+02,
4.850509948730468750e+02,
5.008821411132812500e+02,
4.937354431152343750e+02,
4.698787536621093750e+02,
4.410077514648437500e+02,
4.115672912597656250e+02,
3.836767578125000000e+02,
3.682052001953125000e+02,
3.540957031250000000e+02,
3.477080383300781250e+02,
3.421748046875000000e+02,
3.327294616699218750e+02,
3.284774780273437500e+02,
3.285447692871093750e+02,
3.333710632324218750e+02,
3.385681457519531250e+02,
3.510735778808593750e+02,
3.598057861328125000e+02,
3.667958679199218750e+02,
3.735552062988281250e+02,
3.783212280273437500e+02,
3.836813659667968750e+02,
3.730689392089843750e+02,
3.669640197753906250e+02,
3.561632385253906250e+02,
3.501618652343750000e+02,
3.468063354492187500e+02,
3.415895385742187500e+02,
3.375933837890625000e+02,
3.336366271972656250e+02,
3.377577819824218750e+02,
3.421727294921875000e+02,
3.474411010742187500e+02,
3.486427307128906250e+02,
3.428372802734375000e+02,
3.360662841796875000e+02,
3.355994262695312500e+02,
3.262101745605468750e+02,
3.191012878417968750e+02,
5.729125976562500000e+02,
5.612677001953125000e+02,
5.395084838867187500e+02,
5.108477478027343750e+02,
4.390223388671875000e+02,
4.587488098144531250e+02,
4.642215270996093750e+02,
4.615372924804687500e+02,
4.767031860351562500e+02,
5.022663269042968750e+02,
5.166350708007812500e+02,
5.411768798828125000e+02,
5.636428833007812500e+02,
5.473416748046875000e+02,
5.144389038085937500e+02,
4.970748291015625000e+02,
4.913958129882812500e+02,
4.795656127929687500e+02,
4.726770935058593750e+02,
4.484004211425781250e+02,
3.956976623535156250e+02,
3.708695983886718750e+02,
3.581327819824218750e+02,
3.474986267089843750e+02,
3.432695922851562500e+02,
3.348993530273437500e+02,
3.209027099609375000e+02,
3.029590759277343750e+02,
2.894727172851562500e+02,
2.823452453613281250e+02,
2.778875732421875000e+02,
2.719225463867187500e+02,
2.658226318359375000e+02,
2.664920654296875000e+02,
2.539124755859375000e+02,
2.444441833496093750e+02,
2.407368469238281250e+02,
2.408709869384765625e+02,
2.366716003417968750e+02,
2.282223205566406250e+02,
2.270825500488281250e+02,
2.227456665039062500e+02,
2.195326690673828125e+02,
2.136525726318359375e+02,
2.145377655029296875e+02,
2.062451477050781250e+02,
2.044135284423828125e+02,
2.102939910888671875e+02,
2.103265380859375000e+02,
2.132116546630859375e+02,
2.177025451660156250e+02,
2.150059051513671875e+02,
2.130123138427734375e+02,
2.151427459716796875e+02,
2.110975341796875000e+02,
2.150168304443359375e+02,
2.218462982177734375e+02,
2.226519012451171875e+02,
2.255979461669921875e+02,
2.319516601562500000e+02,
2.353528900146484375e+02,
2.403475952148437500e+02,
2.454894256591796875e+02,
2.432070007324218750e+02,
2.379763641357421875e+02,
2.343188629150390625e+02,
2.236448974609375000e+02,
2.062734069824218750e+02,
1.932782287597656250e+02,
1.905831451416015625e+02,
1.988747253417968750e+02,
2.186177520751953125e+02,
2.379622497558593750e+02,
2.580664672851562500e+02,
2.727668457031250000e+02,
2.769222717285156250e+02,
2.726350097656250000e+02,
2.686517944335937500e+02,
2.576786804199218750e+02,
2.458214874267578125e+02,
2.399482727050781250e+02,
2.317899780273437500e+02,
2.220667266845703125e+02,
2.173783874511718750e+02,
2.145808563232421875e+02,
2.172879333496093750e+02,
2.227797241210937500e+02,
2.278760223388671875e+02,
2.267447814941406250e+02,
2.349897155761718750e+02,
2.361297912597656250e+02,
2.337809600830078125e+02,
2.362124176025390625e+02,
2.343813323974609375e+02,
2.368117218017578125e+02,
2.430614776611328125e+02,
2.527257080078125000e+02,
2.559610290527343750e+02,
2.630473022460937500e+02,
2.688164062500000000e+02,
2.822134094238281250e+02,
2.836098632812500000e+02,
2.861984863281250000e+02,
2.830628662109375000e+02,
2.793537597656250000e+02,
2.757341918945312500e+02,
2.776061401367187500e+02,
2.952845153808593750e+02,
2.984994201660156250e+02,
2.923365783691406250e+02,
2.894436645507812500e+02,
2.808240661621093750e+02,
2.806375732421875000e+02,
2.928100585937500000e+02,
3.077747497558593750e+02,
3.185709533691406250e+02,
3.313869934082031250e+02,
3.325842590332031250e+02,
3.258729858398437500e+02,
3.072550964355468750e+02,
3.050765075683593750e+02,
3.069774780273437500e+02,
3.078129577636718750e+02,
3.182267150878906250e+02,
3.267312927246093750e+02,
3.326705627441406250e+02,
3.275190429687500000e+02,
3.259487304687500000e+02,
3.314742736816406250e+02,
3.441293945312500000e+02,
3.491190185546875000e+02,
3.584372558593750000e+02,
3.725355834960937500e+02,
3.769416198730468750e+02,
3.629533691406250000e+02,
3.421627197265625000e+02,
3.417068176269531250e+02,
3.459470825195312500e+02,
3.491295471191406250e+02,
3.429278259277343750e+02,
3.568677062988281250e+02,
3.553503723144531250e+02,
3.739983825683593750e+02,
3.787147521972656250e+02,
3.749243469238281250e+02,
3.503600158691406250e+02,
3.407514648437500000e+02,
3.353849792480468750e+02,
3.293923950195312500e+02,
3.193662719726562500e+02,
3.240341796875000000e+02,
3.174469604492187500e+02,
3.132922973632812500e+02,
2.985279541015625000e+02,
2.857029724121093750e+02,
2.698572387695312500e+02,
2.590613098144531250e+02,
2.589951477050781250e+02,
2.629249877929687500e+02,
2.787543334960937500e+02,
2.969801635742187500e+02,
3.150786132812500000e+02,
3.200681457519531250e+02,
3.234335937500000000e+02,
3.305389404296875000e+02,
3.362299499511718750e+02,
3.495090026855468750e+02,
3.517207031250000000e+02,
3.564034118652343750e+02,
3.409859313964843750e+02,
3.209412841796875000e+02,
3.079058227539062500e+02,
3.054930114746093750e+02,
3.176295166015625000e+02,
3.317731933593750000e+02,
3.287963867187500000e+02,
3.236136169433593750e+02,
3.096401062011718750e+02,
3.010832519531250000e+02,
2.931456298828125000e+02,
2.858306884765625000e+02,
5.212076416015625000e+02,
1.710503540039062500e+03,
4.023776367187500000e+03,
6.203491210937500000e+03,
7.318166503906250000e+03,
7.547318847656250000e+03,
7.462086425781250000e+03,
7.098834472656250000e+03,
6.222194335937500000e+03,
5.347931640625000000e+03,
4.392511718750000000e+03,
3.334806152343750000e+03,
2.864020996093750000e+03,
2.737946777343750000e+03,
2.613681396484375000e+03,
2.426287841796875000e+03,
2.100230224609375000e+03,
1.629617065429687500e+03,
1.324309814453125000e+03,
1.196972412109375000e+03,
1.140991210937500000e+03,
1.018942810058593750e+03,
9.885402221679687500e+02,
9.075137329101562500e+02,
8.107369384765625000e+02,
8.306390380859375000e+02,
8.494194335937500000e+02,
8.155144042968750000e+02,
8.067192382812500000e+02,
8.224725952148437500e+02,
8.511560058593750000e+02,
8.634547119140625000e+02,
7.881508789062500000e+02,
6.750438842773437500e+02,
5.711560058593750000e+02,
5.221655273437500000e+02,
4.956734924316406250e+02,
5.011630859375000000e+02,
5.090938110351562500e+02,
5.018622131347656250e+02,
4.890352783203125000e+02,
4.677087707519531250e+02,
4.801155700683593750e+02,
4.913244934082031250e+02,
4.916546020507812500e+02,
5.037187194824218750e+02,
5.159555053710937500e+02,
5.223749389648437500e+02,
5.576200561523437500e+02,
5.913909912109375000e+02,
6.247229003906250000e+02,
6.696915283203125000e+02,
7.090234985351562500e+02,
7.349611816406250000e+02,
7.263933715820312500e+02,
7.167500610351562500e+02,
6.958727416992187500e+02,
6.780800781250000000e+02,
6.666478881835937500e+02,
6.582479248046875000e+02,
6.597126464843750000e+02,
6.583291015625000000e+02,
6.356103515625000000e+02,
6.404075317382812500e+02,
6.482543334960937500e+02,
6.425999145507812500e+02,
6.386329345703125000e+02,
6.295029907226562500e+02,
5.896743164062500000e+02,
5.697011718750000000e+02,
5.614771118164062500e+02,
5.231327514648437500e+02,
5.059610900878906250e+02,
4.883269653320312500e+02,
4.493964233398437500e+02,
4.243072204589843750e+02,
4.001047363281250000e+02,
3.922787170410156250e+02,
4.039504089355468750e+02,
4.313631286621093750e+02,
4.377482299804687500e+02,
4.355993041992187500e+02,
4.290390930175781250e+02,
4.251885375976562500e+02,
4.100098876953125000e+02,
4.010667114257812500e+02,
4.045803222656250000e+02,
3.889758300781250000e+02,
3.927928466796875000e+02,
3.830783691406250000e+02,
5.861868286132812500e+02,
5.790819702148437500e+02,
5.872966918945312500e+02,
5.674414062500000000e+02,
5.225890502929687500e+02,
5.366310424804687500e+02,
5.663134765625000000e+02,
5.758356933593750000e+02,
5.792672119140625000e+02,
5.609550781250000000e+02,
5.354464111328125000e+02,
5.123659667968750000e+02,
4.700924377441406250e+02,
4.374589843750000000e+02,
3.947622070312500000e+02,
3.770007019042968750e+02,
3.515516967773437500e+02,
3.409946899414062500e+02,
3.174312744140625000e+02,
3.043453063964843750e+02,
2.896673278808593750e+02,
2.867955627441406250e+02,
2.750452270507812500e+02,
2.653163757324218750e+02,
2.558051452636718750e+02,
2.478643341064453125e+02,
2.383947906494140625e+02,
2.273392791748046875e+02,
2.262733917236328125e+02,
2.211438751220703125e+02,
2.148704223632812500e+02,
2.201614227294921875e+02,
2.241182403564453125e+02,
2.285594482421875000e+02,
2.327498779296875000e+02,
2.301335601806640625e+02,
2.361079559326171875e+02,
2.376943054199218750e+02,
2.447839813232421875e+02,
2.486679382324218750e+02,
2.598770751953125000e+02,
2.656528015136718750e+02,
2.591210937500000000e+02,
2.452833557128906250e+02,
2.258149108886718750e+02,
2.106599273681640625e+02,
2.262599182128906250e+02,
2.521017761230468750e+02,
2.869995117187500000e+02,
2.983421630859375000e+02,
2.949631652832031250e+02,
2.929741210937500000e+02,
2.726868591308593750e+02,
2.548625488281250000e+02,
2.396252136230468750e+02,
2.378089141845703125e+02,
2.472292785644531250e+02,
2.447510223388671875e+02,
2.555236816406250000e+02,
2.563465270996093750e+02,
2.557559204101562500e+02,
2.636276855468750000e+02,
2.698324279785156250e+02,
2.716957702636718750e+02,
2.842789916992187500e+02,
2.994324951171875000e+02,
3.155991516113281250e+02,
3.183534240722656250e+02,
3.203750610351562500e+02,
3.219754333496093750e+02,
3.320051574707031250e+02,
3.357718811035156250e+02,
3.421964721679687500e+02,
3.516427612304687500e+02,
3.541059265136718750e+02,
3.652403259277343750e+02,
3.710541076660156250e+02,
3.754765319824218750e+02,
3.713769836425781250e+02,
3.641180419921875000e+02,
3.563616027832031250e+02,
3.579439697265625000e+02,
3.777161865234375000e+02,
3.840946044921875000e+02,
3.801654968261718750e+02,
3.909270629882812500e+02,
4.136865234375000000e+02,
4.244643554687500000e+02,
4.311955566406250000e+02,
4.130728454589843750e+02,
4.119362792968750000e+02,
4.165866394042968750e+02,
4.250940856933593750e+02,
4.224454345703125000e+02,
4.315259704589843750e+02,
4.303010559082031250e+02,
4.153412170410156250e+02,
3.906596069335937500e+02,
3.764358215332031250e+02,
3.708800964355468750e+02,
3.547547607421875000e+02,
3.474145202636718750e+02,
3.196978454589843750e+02,
3.058985595703125000e+02,
2.926455688476562500e+02,
3.133367004394531250e+02,
3.435220947265625000e+02,
3.589589843750000000e+02,
3.824318847656250000e+02,
3.962785034179687500e+02,
3.972159118652343750e+02,
3.889031982421875000e+02,
3.834308471679687500e+02,
3.700530090332031250e+02,
3.592124938964843750e+02,
3.650751953125000000e+02,
3.740648803710937500e+02,
3.720154724121093750e+02,
3.500134277343750000e+02,
4.289298706054687500e+02,
1.886318969726562500e+03,
5.001225097656250000e+03,
7.056926269531250000e+03,
7.916209472656250000e+03,
8.691768554687500000e+03,
8.675691406250000000e+03,
6.893920410156250000e+03,
5.217113281250000000e+03,
4.029640136718750000e+03,
3.299691650390625000e+03,
2.749090332031250000e+03,
2.301789062500000000e+03,
1.641200805664062500e+03,
1.345056030273437500e+03,
1.208071289062500000e+03,
1.093862060546875000e+03,
1.026018554687500000e+03,
9.539506835937500000e+02,
9.959887695312500000e+02,
1.019887878417968750e+03,
1.042164428710937500e+03,
9.369024658203125000e+02,
8.085419921875000000e+02,
6.375502929687500000e+02,
5.653460693359375000e+02,
5.344881591796875000e+02,
5.252482910156250000e+02,
5.281900634765625000e+02,
5.455784301757812500e+02,
5.343034057617187500e+02,
5.602754516601562500e+02,
6.090178222656250000e+02,
6.330632324218750000e+02,
6.609465332031250000e+02,
7.218779907226562500e+02,
7.716869506835937500e+02,
7.469288330078125000e+02,
7.434719848632812500e+02,
7.299640502929687500e+02,
7.049513549804687500e+02,
6.738897705078125000e+02,
6.848419189453125000e+02,
6.771776123046875000e+02,
6.643936157226562500e+02,
6.387590332031250000e+02,
6.328302001953125000e+02,
6.214331054687500000e+02,
5.817232055664062500e+02,
5.369197387695312500e+02,
5.073385925292968750e+02,
4.903542480468750000e+02,
4.672576599121093750e+02,
4.846532592773437500e+02,
4.927774963378906250e+02,
4.947600708007812500e+02,
4.896755676269531250e+02,
4.870589294433593750e+02,
4.572250061035156250e+02,
4.430390625000000000e+02,
