-4.563542306423187256e-01,
-4.517754912376403809e-01,
-4.505912065505981445e-01,
-4.439352452754974365e-01,
-4.388271570205688477e-01,
-4.527845978736877441e-01,
-4.687130749225616455e-01,
-4.827907383441925049e-01,
-4.915905892848968506e-01,
-4.916400611400604248e-01,
-4.863291382789611816e-01,
-4.746077358722686768e-01,
-4.623513221740722656e-01,
-4.546262323856353760e-01,
-4.556211829185485840e-01,
-4.612226486206054688e-01,
-4.684309363365173340e-01,
-4.748803377151489258e-01,
-4.800989925861358643e-01,
-4.802438318729400635e-01,
-4.789589643478393555e-01,
-4.777404069900512695e-01,
-4.765910208225250244e-01,
-4.763745963573455811e-01,
-4.748178422451019287e-01,
-4.745194613933563232e-01,
-4.734245240688323975e-01,
-4.717144966125488281e-01,
-4.711082577705383301e-01,
-4.708599150180816650e-01,
-4.704141914844512939e-01,
-4.710458815097808838e-01,
-4.723781645298004150e-01,
-4.732606709003448486e-01,
-4.739044308662414551e-01,
-4.745889008045196533e-01,
-4.750559628009796143e-01,
-4.755260944366455078e-01,
-4.764184653759002686e-01,
-4.771817326545715332e-01,
-4.771102368831634521e-01,
-4.767713844776153564e-01,
-4.765099287033081055e-01,
-4.761883318424224854e-01,
-4.748395383358001709e-01,
-4.749499559402465820e-01,
-4.756310284137725830e-01,
-4.760722219944000244e-01,
-4.754783809185028076e-01,
-4.758657813072204590e-01,
-4.764731228351593018e-01,
-4.765551984310150146e-01,
-4.771515429019927979e-01,
-4.764627814292907715e-01,
-4.758631587028503418e-01,
-4.760647118091583252e-01,
-4.759869575500488281e-01,
-4.764719605445861816e-01,
-4.780277609825134277e-01,
-4.790037870407104492e-01,
-4.793199002742767334e-01,
-4.793857932090759277e-01,
-4.772885739803314209e-01,
-4.761488735675811768e-01,
-4.747986793518066406e-01,
-4.747110307216644287e-01,
-4.744422733783721924e-01,
-4.742254912853240967e-01,
-4.721066951751708984e-01,
-4.706517457962036133e-01,
-4.668381810188293457e-01,
-4.645065665245056152e-01,
-4.624350070953369141e-01,
-4.624050557613372803e-01,
-4.631189107894897461e-01,
-4.646096825599670410e-01,
-4.664165973663330078e-01,
-4.670928418636322021e-01,
-4.672382771968841553e-01,
-4.677550196647644043e-01,
-4.694015979766845703e-01,
-4.707352221012115479e-01,
-4.724341928958892822e-01,
-4.745156168937683105e-01,
-4.770607948303222656e-01,
-4.771113991737365723e-01,
-4.745713174343109131e-01,
-4.725257158279418945e-01,
-4.714868664741516113e-01,
-4.698087275028228760e-01,
-4.693321287631988525e-01,
-4.706106483936309814e-01,
-4.723125994205474854e-01,
-4.740056395530700684e-01,
-4.750236272811889648e-01,
-4.760638475418090820e-01,
-4.770444333553314209e-01,
-4.776549935340881348e-01,
-4.775323271751403809e-01,
-4.762005507946014404e-01,
-4.752945005893707275e-01,
-4.751084446907043457e-01,
-4.759182631969451904e-01,
-4.760559499263763428e-01,
-4.758993089199066162e-01,
-4.759942889213562012e-01,
-4.759283065795898438e-01,
-4.748905003070831299e-01,
-4.750773012638092041e-01,
-4.768081903457641602e-01,
-4.788554906845092773e-01,
-4.811247289180755615e-01,
-4.826520085334777832e-01,
-4.843975603580474854e-01,
-4.843908250331878662e-01,
-4.841786623001098633e-01,
-4.838400185108184814e-01,
-4.841263294219970703e-01,
-4.846344292163848877e-01,
-4.848017990589141846e-01,
-4.860151112079620361e-01,
-4.865568280220031738e-01,
-4.854003787040710449e-01,
-4.839341044425964355e-01,
-4.835081398487091064e-01,
-4.841470420360565186e-01,
-4.835482537746429443e-01,
-4.839555323123931885e-01,
-4.859008789062500000e-01,
-4.873290061950683594e-01,
-4.881486296653747559e-01,
-4.883666634559631348e-01,
-4.889197051525115967e-01,
-4.887789487838745117e-01,
-4.891941547393798828e-01,
-4.887543320655822754e-01,
-4.863410890102386475e-01,
-4.838526844978332520e-01,
-4.812327921390533447e-01,
-4.802004098892211914e-01,
-4.798227548599243164e-01,
-4.803719222545623779e-01,
-4.798803329467773438e-01,
-4.789980947971343994e-01,
-4.784720838069915771e-01,
-4.786004126071929932e-01,
-4.770042002201080322e-01,
-4.781016111373901367e-01,
-4.786957800388336182e-01,
-4.796055555343627930e-01,
-4.806177616119384766e-01,
-4.818174540996551514e-01,
-4.831936061382293701e-01,
-4.850710630416870117e-01,
-4.865310192108154297e-01,
-4.874779284000396729e-01,
-4.891782999038696289e-01,
-4.898072481155395508e-01,
-4.877708256244659424e-01,
-4.865429401397705078e-01,
-4.858029782772064209e-01,
-4.856831133365631104e-01,
-4.844305515289306641e-01,
-4.868143200874328613e-01,
-4.882389307022094727e-01,
-4.894404113292694092e-01,
-4.892287850379943848e-01,
-4.899859428405761719e-01,
-4.898701608180999756e-01,
-4.911980628967285156e-01,
-4.912469983100891113e-01,
-4.912330806255340576e-01,
-4.911473393440246582e-01,
-4.910519123077392578e-01,
-4.903436899185180664e-01,
-4.920200705528259277e-01,
-4.932024478912353516e-01,
-4.953956305980682373e-01,
-4.964807033538818359e-01,
-4.976375699043273926e-01,
-4.981565177440643311e-01,
-4.975076913833618164e-01,
-4.969679713249206543e-01,
-4.977155923843383789e-01,
-4.973224401473999023e-01,
-4.973783195018768311e-01,
-4.986469149589538574e-01,
-4.990932345390319824e-01,
-4.992310702800750732e-01,
-4.989371001720428467e-01,
-4.994206726551055908e-01,
-4.993771016597747803e-01,
-4.991896450519561768e-01,
-4.998809099197387695e-01,
-5.005114078521728516e-01,
-5.016556978225708008e-01,
-5.029298067092895508e-01,
-5.033221244812011719e-01,
-5.047264695167541504e-01,
-5.054582953453063965e-01,
-5.056205987930297852e-01,
-5.066000819206237793e-01,
-5.074671506881713867e-01,
-5.073828697204589844e-01,
-5.074237585067749023e-01,
-5.077295303344726562e-01,
-5.079604983329772949e-01,
-5.080692768096923828e-01,
-5.081620216369628906e-01,
-5.074988603591918945e-01,
-5.069842338562011719e-01,
-5.062457323074340820e-01,
-5.065677165985107422e-01,
-5.064976811408996582e-01,
-5.073096752166748047e-01,
-5.081632137298583984e-01,
-5.075610876083374023e-01,
-5.078266859054565430e-01,
-5.074244737625122070e-01,
-5.071299076080322266e-01,
-5.058560371398925781e-01,
-5.053250193595886230e-01,
-5.052106380462646484e-01,
-5.059425830841064453e-01,
-5.078929662704467773e-01,
-5.100554227828979492e-01,
-5.121351480484008789e-01,
-5.141853690147399902e-01,
-5.164996385574340820e-01,
-5.179013013839721680e-01,
-5.185350179672241211e-01,
-5.186857581138610840e-01,
-5.181914567947387695e-01,
-5.182317495346069336e-01,
-5.176234841346740723e-01,
-5.173380374908447266e-01,
-5.163793563842773438e-01,
-5.157567262649536133e-01,
-5.161151885986328125e-01,
-5.162734389305114746e-01,
-5.156222581863403320e-01,
-5.156791210174560547e-01,
-5.166366100311279297e-01,
-5.166066884994506836e-01,
-5.169685482978820801e-01,
-5.167731046676635742e-01,
-5.172476768493652344e-01,
-5.176868438720703125e-01,
-5.184444189071655273e-01,
-5.194487571716308594e-01,
-5.199291706085205078e-01,
-5.202683806419372559e-01,
-5.203894972801208496e-01,
-5.204488039016723633e-01,
-5.211858153343200684e-01,
-5.216994285583496094e-01,
-5.226830840110778809e-01,
-5.241212844848632812e-01,
-5.238555669784545898e-01,
-5.240724086761474609e-01,
-5.212945938110351562e-01,
-5.190117359161376953e-01,
-5.169050693511962891e-01,
-5.161061882972717285e-01,
-5.147510170936584473e-01,
-5.168384313583374023e-01,
-5.181905031204223633e-01,
-5.192999839782714844e-01,
-5.207496881484985352e-01,
-5.215153098106384277e-01,
-5.227341651916503906e-01,
-5.242590308189392090e-01,
-5.222069025039672852e-01,
-5.207669734954833984e-01,
-5.191996693611145020e-01,
-5.178925395011901855e-01,
-5.163286924362182617e-01,
-5.173119902610778809e-01,
-5.185018777847290039e-01,
-5.194988250732421875e-01,
-5.206695795059204102e-01,
-5.210868120193481445e-01,
-5.216664671897888184e-01,
-5.214415788650512695e-01,
-5.201449990272521973e-01,
-5.196487903594970703e-01,
-5.191521644592285156e-01,
-5.174856781959533691e-01,
-5.164459347724914551e-01,
-5.169351100921630859e-01,
-5.175353288650512695e-01,
-5.176749229431152344e-01,
-5.187878608703613281e-01,
-5.187130570411682129e-01,
-5.194696784019470215e-01,
-5.193706750869750977e-01,
-5.194340944290161133e-01,
-5.195161104202270508e-01,
-5.187937021255493164e-01,
-5.192273855209350586e-01,
-5.193192362785339355e-01,
-5.196856260299682617e-01,
-5.187106132507324219e-01,
-5.187487602233886719e-01,
-5.186897516250610352e-01,
-5.177960991859436035e-01,
-5.173789262771606445e-01,
-5.179263949394226074e-01,
-5.180711746215820312e-01,
-5.184234976768493652e-01,
-5.182757377624511719e-01,
-5.174252390861511230e-01,
-5.164572000503540039e-01,
-5.169265270233154297e-01,
-5.186190605163574219e-01,
-5.201536417007446289e-01,
-5.211356878280639648e-01,
-5.226482152938842773e-01,
-5.231818556785583496e-01,
-5.225625634193420410e-01,
-5.220763683319091797e-01,
-5.213271379470825195e-01,
-5.212591886520385742e-01,
-5.216318368911743164e-01,
-5.215208530426025391e-01,
-5.217890739440917969e-01,
-5.219892859458923340e-01,
-5.227054357528686523e-01,
-5.229632854461669922e-01,
-5.230095386505126953e-01,
-5.230115652084350586e-01,
-5.236326456069946289e-01,
-5.244976282119750977e-01,
-5.252007246017456055e-01,
-5.263743400573730469e-01,
-5.267754793167114258e-01,
-5.268243551254272461e-01,
-5.261506438255310059e-01,
-5.258214473724365234e-01,
-5.248091220855712891e-01,
-5.240974426269531250e-01,
-5.236163139343261719e-01,
-5.235597491264343262e-01,
-5.242414474487304688e-01,
-5.240886211395263672e-01,
-5.233920812606811523e-01,
-5.228490829467773438e-01,
-5.220928192138671875e-01,
-5.209673643112182617e-01,
-5.205951929092407227e-01,
-5.198090076446533203e-01,
-5.197105407714843750e-01,
-5.200204849243164062e-01,
-5.197854042053222656e-01,
-5.201417207717895508e-01,
-5.213066935539245605e-01,
-5.217792391777038574e-01,
-5.226151943206787109e-01,
-5.228170156478881836e-01,
-5.230176448822021484e-01,
-5.228244066238403320e-01,
-5.235047340393066406e-01,
-5.222245454788208008e-01,
-5.228517055511474609e-01,
-5.218065977096557617e-01,
-5.219920277595520020e-01,
-5.226471424102783203e-01,
-5.231988430023193359e-01,
-5.230355262756347656e-01,
-5.233192443847656250e-01,
-5.225098133087158203e-01,
-5.216354727745056152e-01,
-5.201890468597412109e-01,
-5.203731656074523926e-01,
-5.195162296295166016e-01,
-5.192847251892089844e-01,
-5.190259218215942383e-01,
-5.188356637954711914e-01,
-5.184476375579833984e-01,
-5.189700126647949219e-01,
-5.185492634773254395e-01,
-5.186443328857421875e-01,
-5.190885066986083984e-01,
-5.193288326263427734e-01,
-5.193475484848022461e-01,
-5.196467638015747070e-01,
-5.204451680183410645e-01,
-5.214118957519531250e-01,
-5.219496488571166992e-01,
-5.225437879562377930e-01,
-5.227293372154235840e-01,
-5.233532190322875977e-01,
-5.220896005630493164e-01,
-5.205484628677368164e-01,
-5.195840597152709961e-01,
-5.184608697891235352e-01,
-5.178810358047485352e-01,
-5.192077159881591797e-01,
-5.193260908126831055e-01,
-5.193864107131958008e-01,
-5.198816061019897461e-01,
-5.199198722839355469e-01,
-5.192657709121704102e-01,
-4.824858307838439941e-01,
-4.865064918994903564e-01,
-4.968666136264801025e-01,
-4.932455718517303467e-01,
-4.856218397617340088e-01,
-4.789991676807403564e-01,
-4.714389443397521973e-01,
-4.716700017452239990e-01,
-4.737302362918853760e-01,
-4.789683818817138672e-01,
-4.767989814281463623e-01,
-4.753313064575195312e-01,
-4.728984534740447998e-01,
-4.726856052875518799e-01,
-4.716072678565979004e-01,
-4.721913039684295654e-01,
-4.747164845466613770e-01,
-4.758723676204681396e-01,
-4.765360057353973389e-01,
-4.761621654033660889e-01,
-4.761333167552947998e-01,
-4.766744375228881836e-01,
-4.762167334556579590e-01,
-4.762837290763854980e-01,
-4.765754938125610352e-01,
-4.767063558101654053e-01,
-4.768881797790527344e-01,
-4.775634706020355225e-01,
-4.781007468700408936e-01,
-4.773800075054168701e-01,
-4.771340787410736084e-01,
-4.772531092166900635e-01,
-4.726990759372711182e-01,
-4.697483777999877930e-01,
-4.666970670223236084e-01,
-4.652426540851593018e-01,
-4.642744064331054688e-01,
-4.654868543148040771e-01,
-4.687872827053070068e-01,
-4.709591567516326904e-01,
-4.732622802257537842e-01,
-4.727211594581604004e-01,
-4.735528528690338135e-01,
-4.737138748168945312e-01,
-4.727694988250732422e-01,
-4.730986356735229492e-01,
-4.744108021259307861e-01,
-4.761779308319091797e-01,
-4.771668910980224609e-01,
-4.768634438514709473e-01,
-4.754556119441986084e-01,
-4.757718741893768311e-01,
-4.764231145381927490e-01,
-4.775753915309906006e-01,
-4.805459976196289062e-01,
-4.816120266914367676e-01,
-4.838399589061737061e-01,
-4.860150814056396484e-01,
-4.861965179443359375e-01,
-4.840652942657470703e-01,
-4.839342832565307617e-01,
-4.849210083484649658e-01,
-4.860619902610778809e-01,
-4.865889847278594971e-01,
-4.878871738910675049e-01,
-4.873508810997009277e-01,
-4.867063462734222412e-01,
-4.848647117614746094e-01,
-4.823368787765502930e-01,
-4.804588258266448975e-01,
-4.786851406097412109e-01,
-4.779688119888305664e-01,
-4.786376357078552246e-01,
-4.794796705245971680e-01,
-4.825323820114135742e-01,
-4.841417968273162842e-01,
-4.865050911903381348e-01,
-4.866555333137512207e-01,
-4.873109161853790283e-01,
-4.873446822166442871e-01,
-4.868171811103820801e-01,
-4.875523149967193604e-01,
-4.898747801780700684e-01,
-4.898236691951751709e-01,
-4.907203316688537598e-01,
-4.918714761734008789e-01,
-4.928896725177764893e-01,
-4.942916035652160645e-01,
-4.960249662399291992e-01,
-4.976382553577423096e-01,
-4.988819956779479980e-01,
-4.987116456031799316e-01,
-4.980863332748413086e-01,
-4.984661042690277100e-01,
-4.989604353904724121e-01,
-5.002838969230651855e-01,
-5.007638931274414062e-01,
-5.030236244201660156e-01,
-5.045709609985351562e-01,
-5.060737729072570801e-01,
-5.067095160484313965e-01,
-5.075519680976867676e-01,
-5.074028968811035156e-01,
-5.074676275253295898e-01,
-5.070264935493469238e-01,
-5.082958936691284180e-01,
-5.082077980041503906e-01,
-5.070205330848693848e-01,
-5.072374343872070312e-01,
-5.074203014373779297e-01,
-5.080453157424926758e-01,
-5.098898410797119141e-01,
-5.130302906036376953e-01,
-5.155514478683471680e-01,
-5.174936056137084961e-01,
-5.181725025177001953e-01,
-5.171078443527221680e-01,
-5.171263217926025391e-01,
-5.164527297019958496e-01,
-5.175621509552001953e-01,
-5.177409648895263672e-01,
-5.185440778732299805e-01,
-5.188655853271484375e-01,
-5.207786560058593750e-01,
-5.205964446067810059e-01,
-5.218343138694763184e-01,
-5.226796865463256836e-01,
-5.234718322753906250e-01,
-5.212445259094238281e-01,
-5.199934244155883789e-01,
-5.183908939361572266e-01,
-5.180771350860595703e-01,
-5.188611745834350586e-01,
-5.211638212203979492e-01,
-5.198781490325927734e-01,
-5.200460553169250488e-01,
-5.198118090629577637e-01,
-5.193080902099609375e-01,
-5.192155838012695312e-01,
-5.204001665115356445e-01,
-5.201513171195983887e-01,
-5.197801589965820312e-01,
-5.183489322662353516e-01,
-5.178800821304321289e-01,
-5.176917314529418945e-01,
-5.188093185424804688e-01,
-5.197585225105285645e-01,
-5.192569494247436523e-01,
-5.198090076446533203e-01,
-5.197722911834716797e-01,
-5.187904238700866699e-01,
-5.189941525459289551e-01,
-5.183954238891601562e-01,
-5.179359912872314453e-01,
-5.178145170211791992e-01,
-5.190251469612121582e-01,
-5.205845832824707031e-01,
-5.212514400482177734e-01,
-5.217153429985046387e-01,
-5.221422910690307617e-01,
-5.223125219345092773e-01,
-5.217911005020141602e-01,
-5.220664143562316895e-01,
-5.227249860763549805e-01,
-5.239508748054504395e-01,
-5.248762369155883789e-01,
-5.257844924926757812e-01,
-5.264733433723449707e-01,
-5.258460640907287598e-01,
-5.256614089012145996e-01,
-5.239957571029663086e-01,
-5.226082801818847656e-01,
-5.226248502731323242e-01,
-5.215744972229003906e-01,
-5.208792686462402344e-01,
-5.209285020828247070e-01,
-5.215705037117004395e-01,
-5.220698118209838867e-01,
-5.231620073318481445e-01,
-5.223638415336608887e-01,
-5.228109359741210938e-01,
-5.228053331375122070e-01,
-5.227398872375488281e-01,
-5.230484008789062500e-01,
-5.220218896865844727e-01,
-5.214723348617553711e-01,
-5.196250677108764648e-01,
-5.192191600799560547e-01,
-5.187166929244995117e-01,
-5.185353755950927734e-01,
-5.198959708213806152e-01,
-5.200773477554321289e-01,
-5.209357738494873047e-01,
-5.224468708038330078e-01,
-5.209896564483642578e-01,
-5.208094716072082520e-01,
-5.197400450706481934e-01,
-5.188087224960327148e-01,
-5.189644098281860352e-01,
-5.202386379241943359e-01,
-4.646838605403900146e-01,
-4.599255919456481934e-01,
-4.611150324344635010e-01,
-4.690791070461273193e-01,
-4.726028144359588623e-01,
-4.716482758522033691e-01,
-4.765101671218872070e-01,
-4.746238291263580322e-01,
-4.727832674980163574e-01,
-4.729116857051849365e-01,
-4.743273854255676270e-01,
-4.759671390056610107e-01,
-4.755184650421142578e-01,
-4.757301211357116699e-01,
-4.762094020843505859e-01,
-4.766183793544769287e-01,
-4.765228629112243652e-01,
-4.770379066467285156e-01,
-4.769991338253021240e-01,
-4.771291613578796387e-01,
-4.751323461532592773e-01,
-4.704655110836029053e-01,
-4.671743214130401611e-01,
-4.670262932777404785e-01,
-4.672375917434692383e-01,
-4.705233871936798096e-01,
-4.705209434032440186e-01,
-4.716194570064544678e-01,
-4.742083847522735596e-01,
-4.743110537528991699e-01,
-4.742035567760467529e-01,
-4.752478599548339844e-01,
-4.767534136772155762e-01,
-4.759643971920013428e-01,
-4.777573943138122559e-01,
-4.792905747890472412e-01,
-4.810181260108947754e-01,
-4.846930801868438721e-01,
-4.846672117710113525e-01,
-4.829047918319702148e-01,
-4.858997464179992676e-01,
-4.876480400562286377e-01,
-4.858593642711639404e-01,
-4.845604300498962402e-01,
-4.836854934692382812e-01,
-4.820378422737121582e-01,
-4.786437749862670898e-01,
-4.796330928802490234e-01,
-4.809544682502746582e-01,
-4.841877520084381104e-01,
-4.842466115951538086e-01,
-4.858991205692291260e-01,
-4.877335429191589355e-01,
-4.893139898777008057e-01,
-4.884496331214904785e-01,
-4.909314215183258057e-01,
-4.927845895290374756e-01,
-4.941518604755401611e-01,
-4.952726066112518311e-01,
-4.977228939533233643e-01,
-4.987479150295257568e-01,
-4.978846609592437744e-01,
-4.999711513519287109e-01,
-5.017119646072387695e-01,
-5.030053853988647461e-01,
-5.057919025421142578e-01,
-5.065286755561828613e-01,
-5.071154832839965820e-01,
-5.071310997009277344e-01,
-5.081871747970581055e-01,
-5.075238943099975586e-01,
-5.072340965270996094e-01,
-5.085901021957397461e-01,
-5.113288164138793945e-01,
-5.134447216987609863e-01,
-5.157424211502075195e-01,
-5.163284540176391602e-01,
-5.171434879302978516e-01,
-5.159699916839599609e-01,
-5.164090394973754883e-01,
-5.165277719497680664e-01,
-5.181366205215454102e-01,
-5.196294784545898438e-01,
-5.218366980552673340e-01,
-5.205176472663879395e-01,
-5.200002193450927734e-01,
-5.194135904312133789e-01,
-5.202786922454833984e-01,
-5.183066129684448242e-01,
-5.183956623077392578e-01,
-5.198948383331298828e-01,
-5.206668972969055176e-01,
-5.187553167343139648e-01,
-5.194739699363708496e-01,
-5.185189843177795410e-01,
-5.184382200241088867e-01,
-5.183947086334228516e-01,
-5.185153484344482422e-01,
-5.190929174423217773e-01,
-5.190674662590026855e-01,
-5.184572935104370117e-01,
-5.187917947769165039e-01,
-5.186918377876281738e-01,
-5.201869010925292969e-01,
-5.202875733375549316e-01,
-5.210509896278381348e-01,
-5.219813585281372070e-01,
-5.222347974777221680e-01,
-5.230111479759216309e-01,
-5.242496728897094727e-01,
-5.251684188842773438e-01,
-5.256963968276977539e-01,
-5.255468487739562988e-01,
-5.233788490295410156e-01,
-5.220678448677062988e-01,
-5.216549038887023926e-01,
-5.211710929870605469e-01,
-5.224488973617553711e-01,
-5.216426253318786621e-01,
-5.223699808120727539e-01,
-5.215334296226501465e-01,
-5.219184160232543945e-01,
-5.213364362716674805e-01,
-5.210466384887695312e-01,
-5.193141698837280273e-01,
-5.188519954681396484e-01,
-5.192897319793701172e-01,
-5.207334756851196289e-01,
-5.200942754745483398e-01,
-5.203680992126464844e-01,
-5.195218324661254883e-01,
-5.193361043930053711e-01,
