-6.042646169662475586e-01,
-6.018742322921752930e-01,
-5.985623598098754883e-01,
-5.961934328079223633e-01,
-5.945898890495300293e-01,
-5.868008732795715332e-01,
-5.679453611373901367e-01,
-5.511180162429809570e-01,
-5.418422222137451172e-01,
-5.400795936584472656e-01,
-5.481494069099426270e-01,
-5.628162622451782227e-01,
-5.788546800613403320e-01,
-5.841084718704223633e-01,
-5.815657377243041992e-01,
-5.701498985290527344e-01,
-5.550053119659423828e-01,
-5.416691303253173828e-01,
-5.359573364257812500e-01,
-5.336141586303710938e-01,
-5.401870012283325195e-01,
-5.463747978210449219e-01,
-5.523203015327453613e-01,
-5.532488822937011719e-01,
-5.524528026580810547e-01,
-5.516887903213500977e-01,
-5.540480613708496094e-01,
-5.540696382522583008e-01,
-5.531343817710876465e-01,
-5.541753768920898438e-01,
-5.543124079704284668e-01,
-5.547484159469604492e-01,
-5.560337901115417480e-01,
-5.555332303047180176e-01,
-5.546927452087402344e-01,
-5.537894964218139648e-01,
-5.522199869155883789e-01,
-5.514557361602783203e-01,
-5.517717599868774414e-01,
-5.537967681884765625e-01,
-5.544737577438354492e-01,
-5.570306777954101562e-01,
-5.578211545944213867e-01,
-5.592429041862487793e-01,
-5.601887702941894531e-01,
-5.615903139114379883e-01,
-5.625773072242736816e-01,
-5.633340477943420410e-01,
-5.626039505004882812e-01,
-5.625143051147460938e-01,
-5.625464916229248047e-01,
-5.631977319717407227e-01,
-5.630650520324707031e-01,
-5.636837482452392578e-01,
-5.625902414321899414e-01,
-5.606306791305541992e-01,
-5.580303668975830078e-01,
-5.544569492340087891e-01,
-5.538287162780761719e-01,
-5.511552095413208008e-01,
-5.496213436126708984e-01,
-5.492413043975830078e-01,
-5.532319545745849609e-01,
-5.550950765609741211e-01,
-5.567113161087036133e-01,
-5.579621791839599609e-01,
-5.607030987739562988e-01,
-5.608195662498474121e-01,
-5.635381937026977539e-01,
-5.665274858474731445e-01,
-5.685600042343139648e-01,
-5.678807497024536133e-01,
-5.653995275497436523e-01,
-5.607120394706726074e-01,
-5.555271506309509277e-01,
-5.514024496078491211e-01,
-5.477883219718933105e-01,
-5.467671155929565430e-01,
-5.428652167320251465e-01,
-5.423420667648315430e-01,
-5.423323512077331543e-01,
-5.439957380294799805e-01,
-5.452646017074584961e-01,
-5.454527139663696289e-01,
-5.456492900848388672e-01,
-5.452778339385986328e-01,
-5.451701879501342773e-01,
-5.457091331481933594e-01,
-5.468551516532897949e-01,
-5.493765473365783691e-01,
-5.525593757629394531e-01,
-5.531126260757446289e-01,
-5.570551156997680664e-01,
-5.574065446853637695e-01,
-5.588631033897399902e-01,
-5.585287809371948242e-01,
-5.588595867156982422e-01,
-5.539902448654174805e-01,
-5.538322925567626953e-01,
-5.528658628463745117e-01,
-5.520537495613098145e-01,
-5.536947250366210938e-01,
-5.525702238082885742e-01,
-5.531499981880187988e-01,
-5.533789396286010742e-01,
-5.535631179809570312e-01,
-5.506358146667480469e-01,
-5.431931018829345703e-01,
-5.378117561340332031e-01,
-5.324840545654296875e-01,
-5.350998640060424805e-01,
-5.444710254669189453e-01,
-5.578822493553161621e-01,
-5.651736259460449219e-01,
-5.710111856460571289e-01,
-5.629476308822631836e-01,
-5.525407791137695312e-01,
-5.426347255706787109e-01,
-5.370718836784362793e-01,
-5.341846346855163574e-01,
-5.444208383560180664e-01,
-5.504187941551208496e-01,
-5.486590862274169922e-01,
-5.470780134201049805e-01,
-5.460687875747680664e-01,
-5.467492341995239258e-01,
-5.465860366821289062e-01,
-5.495154857635498047e-01,
-5.536782741546630859e-01,
-5.569353699684143066e-01,
-5.579537153244018555e-01,
-5.595793128013610840e-01,
-5.588710904121398926e-01,
-5.571521520614624023e-01,
-5.522585511207580566e-01,
-5.557706356048583984e-01,
-5.534468889236450195e-01,
-5.549685955047607422e-01,
-5.568796396255493164e-01,
-5.566310286521911621e-01,
-5.515627861022949219e-01,
-5.507303476333618164e-01,
-5.549134016036987305e-01,
-5.468447804450988770e-01,
-5.491328835487365723e-01,
-5.496604442596435547e-01,
-5.523958206176757812e-01,
-5.539339780807495117e-01,
-5.611957907676696777e-01,
-5.653365850448608398e-01,
-5.713642835617065430e-01,
-5.700393915176391602e-01,
-5.693340301513671875e-01,
-5.698412656784057617e-01,
-5.765879154205322266e-01,
-5.718594789505004883e-01,
-5.634028911590576172e-01,
-5.584937334060668945e-01,
-5.644869804382324219e-01,
-5.497990846633911133e-01,
-5.484605431556701660e-01,
-5.391907691955566406e-01,
-5.396332740783691406e-01,
-5.224601626396179199e-01,
-5.154116749763488770e-01,
-5.113602280616760254e-01,
-5.327180624008178711e-01,
-5.419075489044189453e-01,
-5.416486263275146484e-01,
-5.407850742340087891e-01,
-5.309042930603027344e-01,
-5.208775401115417480e-01,
-4.976690411567687988e-01,
-4.833293855190277100e-01,
-4.749010503292083740e-01,
-4.744317829608917236e-01,
-4.807699322700500488e-01,
-4.969218671321868896e-01,
-5.153529644012451172e-01,
-5.246684551239013672e-01,
-5.367652177810668945e-01,
-5.335143804550170898e-01,
-5.299757719039916992e-01,
-5.477871894836425781e-01,
-5.603018999099731445e-01,
-5.754473209381103516e-01,
-5.773549675941467285e-01,
-5.811648368835449219e-01,
-5.740298628807067871e-01,
-5.758767724037170410e-01,
-5.644805431365966797e-01,
-5.536104440689086914e-01,
-5.493680238723754883e-01,
-5.628398656845092773e-01,
-5.739732980728149414e-01,
-5.833109617233276367e-01,
-5.842725634574890137e-01,
-5.871249437332153320e-01,
-5.897829532623291016e-01,
-5.892112851142883301e-01,
-5.860311388969421387e-01,
-5.878729820251464844e-01,
-5.868268609046936035e-01,
-5.788322687149047852e-01,
-5.797594785690307617e-01,
-5.669103860855102539e-01,
-5.489416122436523438e-01,
-5.290808677673339844e-01,
-5.296337604522705078e-01,
-5.094008445739746094e-01,
-5.241034626960754395e-01,
-5.331660509109497070e-01,
-5.348273515701293945e-01,
-5.379593372344970703e-01,
-5.610380172729492188e-01,
-5.676692724227905273e-01,
-5.636169910430908203e-01,
-5.689254999160766602e-01,
-5.750005245208740234e-01,
-5.787417888641357422e-01,
-5.761032104492187500e-01,
-5.736396312713623047e-01,
-5.829132795333862305e-01,
-5.822329521179199219e-01,
-5.835502147674560547e-01,
-5.773986577987670898e-01,
-5.734661817550659180e-01,
-5.580326914787292480e-01,
-5.450643897056579590e-01,
-5.367114543914794922e-01,
-5.431637763977050781e-01,
-5.514083504676818848e-01,
-5.520021319389343262e-01,
-5.519099235534667969e-01,
-5.581566095352172852e-01,
-5.554121732711791992e-01,
-5.505955219268798828e-01,
-5.539162755012512207e-01,
-5.590642690658569336e-01,
-5.623538494110107422e-01,
-5.603159070014953613e-01,
-5.647295117378234863e-01,
-5.685715675354003906e-01,
-5.710653066635131836e-01,
-5.709949731826782227e-01,
-5.741931200027465820e-01,
-5.778000354766845703e-01,
-5.768434405326843262e-01,
-5.727454423904418945e-01,
-5.679232478141784668e-01,
-5.626713633537292480e-01,
-5.553503036499023438e-01,
-5.416428446769714355e-01,
-5.272103548049926758e-01,
-5.169619917869567871e-01,
-5.158415436744689941e-01,
-5.158137083053588867e-01,
-5.289751887321472168e-01,
-5.419350862503051758e-01,
-5.539391040802001953e-01,
-5.580348968505859375e-01,
-5.656021833419799805e-01,
-5.661996603012084961e-01,
-5.681387186050415039e-01,
-5.672953128814697266e-01,
-5.666309595108032227e-01,
-5.658419132232666016e-01,
-5.656206607818603516e-01,
-5.641365051269531250e-01,
-5.648608207702636719e-01,
-5.660943984985351562e-01,
-5.661743879318237305e-01,
-5.650693178176879883e-01,
-5.660281181335449219e-01,
-5.733604431152343750e-01,
-5.667315125465393066e-01,
-5.619585514068603516e-01,
-5.621411800384521484e-01,
-5.654805898666381836e-01,
-5.537171959877014160e-01,
-5.583762526512145996e-01,
-5.696744918823242188e-01,
-5.666964054107666016e-01,
-5.392946004867553711e-01,
-5.087885856628417969e-01,
-4.823077917098999023e-01,
-4.641246795654296875e-01,
-4.515209794044494629e-01,
-4.578519761562347412e-01,
-4.661128818988800049e-01,
-4.732321202754974365e-01,
-4.798879623413085938e-01,
-4.843111634254455566e-01,
-4.912313520908355713e-01,
-4.994861185550689697e-01,
-5.066289901733398438e-01,
-5.137305259704589844e-01,
-5.204635262489318848e-01,
-5.170985460281372070e-01,
-5.173485279083251953e-01,
-5.214072465896606445e-01,
-5.237236022949218750e-01,
-5.242081880569458008e-01,
-5.297220945358276367e-01,
-5.298006534576416016e-01,
-5.231262445449829102e-01,
-5.139575004577636719e-01,
-5.108275413513183594e-01,
-5.004889369010925293e-01,
-4.997961521148681641e-01,
-4.990751147270202637e-01,
-5.037657022476196289e-01,
-5.080474615097045898e-01,
-5.164284706115722656e-01,
-5.176878571510314941e-01,
-5.190870761871337891e-01,
-5.209050178527832031e-01,
-5.229654908180236816e-01,
-5.245732665061950684e-01,
-5.294439792633056641e-01,
-5.337892174720764160e-01,
-5.373865365982055664e-01,
-5.396064519882202148e-01,
-5.459122657775878906e-01,
-5.472429990768432617e-01,
-5.447221994400024414e-01,
-5.429242849349975586e-01,
-5.425510406494140625e-01,
-5.340307354927062988e-01,
-5.300098657608032227e-01,
-5.307733416557312012e-01,
-5.321026444435119629e-01,
-5.323024988174438477e-01,
-5.310646295547485352e-01,
-5.296407938003540039e-01,
-5.260097980499267578e-01,
-5.184094905853271484e-01,
-5.158339738845825195e-01,
-5.165333747863769531e-01,
-5.211532115936279297e-01,
-5.214747190475463867e-01,
-5.295900702476501465e-01,
-5.338953733444213867e-01,
-5.399729609489440918e-01,
-5.392632484436035156e-01,
-5.416766405105590820e-01,
-5.453276634216308594e-01,
-5.443633794784545898e-01,
-5.481829047203063965e-01,
-5.542559027671813965e-01,
-5.540792942047119141e-01,
-5.525143146514892578e-01,
-5.512421131134033203e-01,
-5.501387119293212891e-01,
-5.472112894058227539e-01,
-5.481373071670532227e-01,
-5.488233566284179688e-01,
-5.493807792663574219e-01,
-5.501612424850463867e-01,
-5.516147613525390625e-01,
-5.523612499237060547e-01,
-5.539835691452026367e-01,
-5.542892217636108398e-01,
-5.536016225814819336e-01,
-5.549137592315673828e-01,
-5.541437864303588867e-01,
-5.524815917015075684e-01,
-5.528642535209655762e-01,
-5.531722307205200195e-01,
-5.518389940261840820e-01,
-5.521503686904907227e-01,
-5.546621084213256836e-01,
-5.567693710327148438e-01,
-5.600737929344177246e-01,
-5.649292469024658203e-01,
-5.695872902870178223e-01,
-5.742496252059936523e-01,
-5.773205757141113281e-01,
-5.800122022628784180e-01,
-5.808365345001220703e-01,
-5.794357061386108398e-01,
-5.762477517127990723e-01,
-5.718615055084228516e-01,
-5.669365525245666504e-01,
-5.626850128173828125e-01,
-5.611542463302612305e-01,
-5.565645694732666016e-01,
-5.538721084594726562e-01,
-5.509860515594482422e-01,
-5.464211702346801758e-01,
-5.448367595672607422e-01,
-5.469640493392944336e-01,
-5.475511550903320312e-01,
-5.484336614608764648e-01,
-5.494430065155029297e-01,
-5.498676896095275879e-01,
-5.507409572601318359e-01,
-5.533019304275512695e-01,
-5.536806583404541016e-01,
-5.540524721145629883e-01,
-5.535387992858886719e-01,
-5.535116791725158691e-01,
-5.532181262969970703e-01,
-5.531607866287231445e-01,
-5.542001724243164062e-01,
-5.555344223976135254e-01,
-5.557116270065307617e-01,
-5.551884174346923828e-01,
-5.560489892959594727e-01,
-5.557006597518920898e-01,
-5.551381111145019531e-01,
-5.565657019615173340e-01,
-5.578240156173706055e-01,
-5.582460165023803711e-01,
-5.588111281394958496e-01,
-5.592995285987854004e-01,
-5.572391152381896973e-01,
-5.561915636062622070e-01,
-5.546902418136596680e-01,
-5.534834861755371094e-01,
-5.518252849578857422e-01,
-5.539239645004272461e-01,
-5.546163916587829590e-01,
-5.543138980865478516e-01,
-5.549292564392089844e-01,
-5.555673241615295410e-01,
-5.558927059173583984e-01,
-5.559142827987670898e-01,
-5.568857192993164062e-01,
-5.567243099212646484e-01,
-5.562493801116943359e-01,
-5.556203126907348633e-01,
-5.550780296325683594e-01,
-5.541536808013916016e-01,
-5.529030561447143555e-01,
-5.522460937500000000e-01,
-5.505202412605285645e-01,
-5.483126044273376465e-01,
-5.468084812164306641e-01,
-5.476360321044921875e-01,
-5.478922128677368164e-01,
-5.488865375518798828e-01,
-5.498957633972167969e-01,
-5.502088665962219238e-01,
-5.511333346366882324e-01,
-5.518201589584350586e-01,
-5.517022609710693359e-01,
-5.508717298507690430e-01,
-5.504861474037170410e-01,
-5.488609075546264648e-01,
-5.465328693389892578e-01,
-5.451655983924865723e-01,
-5.445827245712280273e-01,
-5.437777042388916016e-01,
-5.426828861236572266e-01,
-5.426132678985595703e-01,
-5.425051450729370117e-01,
-5.433111786842346191e-01,
-5.432583689689636230e-01,
-5.433538556098937988e-01,
-5.429747104644775391e-01,
-5.422842502593994141e-01,
-5.427219867706298828e-01,
-5.437120795249938965e-01,
-5.438857078552246094e-01,
-5.434271693229675293e-01,
-5.433105230331420898e-01,
-5.423750877380371094e-01,
-5.408004522323608398e-01,
-5.405458211898803711e-01,
-5.360988378524780273e-01,
-5.341039299964904785e-01,
-5.335425734519958496e-01,
-5.332144498825073242e-01,
-5.333040952682495117e-01,
-5.361954569816589355e-01,
-5.334757566452026367e-01,
-5.308168530464172363e-01,
-5.285245776176452637e-01,
-5.272725820541381836e-01,
-5.252799987792968750e-01,
-5.316728949546813965e-01,
-5.357118844985961914e-01,
-5.367233157157897949e-01,
-5.391216278076171875e-01,
-5.396190881729125977e-01,
-5.413711071014404297e-01,
-5.397387146949768066e-01,
-5.377891063690185547e-01,
-5.365390777587890625e-01,
-5.357931256294250488e-01,
-5.352104306221008301e-01,
-5.352821350097656250e-01,
-5.375661253929138184e-01,
-5.377206802368164062e-01,
-5.381473302841186523e-01,
-5.368529558181762695e-01,
-5.363973379135131836e-01,
-5.359875559806823730e-01,
-5.372161865234375000e-01,
-5.382312536239624023e-01,
-5.394495725631713867e-01,
-5.400068759918212891e-01,
-5.398905277252197266e-01,
-5.405269265174865723e-01,
-5.418812036514282227e-01,
-5.418446063995361328e-01,
-5.413186550140380859e-01,
-5.384672880172729492e-01,
-5.363380908966064453e-01,
-5.312750339508056641e-01,
-5.275607109069824219e-01,
-5.284319519996643066e-01,
-5.302845835685729980e-01,
-5.338724851608276367e-01,
-5.413117408752441406e-01,
-5.499313473701477051e-01,
-5.528575778007507324e-01,
-5.518575906753540039e-01,
-5.511649250984191895e-01,
-5.463204383850097656e-01,
-5.399360060691833496e-01,
-5.338811874389648438e-01,
-5.329384803771972656e-01,
-5.298877954483032227e-01,
-5.273115634918212891e-01,
-5.279145240783691406e-01,
-5.288078188896179199e-01,
-5.297790765762329102e-01,
-5.298769474029541016e-01,
-5.287389755249023438e-01,
-5.280294418334960938e-01,
-5.267085433006286621e-01,
-5.267431735992431641e-01,
-5.267801284790039062e-01,
-5.295715928077697754e-01,
-5.326427221298217773e-01,
-5.325413942337036133e-01,
-5.317184329032897949e-01,
-5.341956019401550293e-01,
-5.346245765686035156e-01,
-5.295324921607971191e-01,
-5.299567580223083496e-01,
-5.303188562393188477e-01,
-5.279393792152404785e-01,
-5.244897603988647461e-01,
-5.228459835052490234e-01,
-5.207117795944213867e-01,
-5.240539312362670898e-01,
-5.238487720489501953e-01,
-5.236269235610961914e-01,
-5.291416645050048828e-01,
-5.339914560317993164e-01,
-5.291234254837036133e-01,
-5.280720591545104980e-01,
-5.277495384216308594e-01,
-5.272138118743896484e-01,
-5.291106700897216797e-01,
-5.313966274261474609e-01,
-5.335240364074707031e-01,
-5.341130495071411133e-01,
-5.347310304641723633e-01,
-5.313924551010131836e-01,
-5.294921398162841797e-01,
-5.280323028564453125e-01,
-5.295633673667907715e-01,
-5.336661338806152344e-01,
-5.371381640434265137e-01,
-5.381692051887512207e-01,
-5.381528139114379883e-01,
-5.397762060165405273e-01,
-5.381144881248474121e-01,
-5.365740656852722168e-01,
-5.382055044174194336e-01,
-5.415604114532470703e-01,
-5.436797142028808594e-01,
-5.438978672027587891e-01,
-5.416842699050903320e-01,
-5.386020541191101074e-01,
-5.357080698013305664e-01,
-5.335113406181335449e-01,
-5.307824611663818359e-01,
-5.285608768463134766e-01,
-5.304719209671020508e-01,
-5.318900346755981445e-01,
-5.314514636993408203e-01,
-5.320490598678588867e-01,
-5.349798798561096191e-01,
-5.358895063400268555e-01,
-5.386852025985717773e-01,
-5.414342880249023438e-01,
-5.423386096954345703e-01,
-5.422502756118774414e-01,
-5.432713031768798828e-01,
-5.408337712287902832e-01,
-5.394416451454162598e-01,
-5.410656332969665527e-01,
-5.416280627250671387e-01,
-5.433861613273620605e-01,
-5.439534783363342285e-01,
-5.452969074249267578e-01,
-5.473781824111938477e-01,
-5.505999326705932617e-01,
-5.480504631996154785e-01,
-5.431128740310668945e-01,
-5.408656597137451172e-01,
-5.351294875144958496e-01,
-5.283421277999877930e-01,
-5.240610241889953613e-01,
-5.232617855072021484e-01,
-5.228499174118041992e-01,
-5.187342166900634766e-01,
-5.174562931060791016e-01,
-5.186942815780639648e-01,
-5.193637609481811523e-01,
-5.210583209991455078e-01,
-5.267391204833984375e-01,
-5.286085605621337891e-01,
-5.302917361259460449e-01,
-5.316582322120666504e-01,
-5.338298082351684570e-01,
-5.366222858428955078e-01,
-5.426424741744995117e-01,
-5.490114688873291016e-01,
-5.558017492294311523e-01,
-5.594276189804077148e-01,
-5.642102956771850586e-01,
-5.669631361961364746e-01,
-5.695712566375732422e-01,
-5.727174282073974609e-01,
-5.745738744735717773e-01,
-5.752414464950561523e-01,
-5.742511749267578125e-01,
-5.713182091712951660e-01,
-5.699672698974609375e-01,
-5.646204948425292969e-01,
-5.557041168212890625e-01,
-5.522831678390502930e-01,
-5.392314195632934570e-01,
-5.196638703346252441e-01,
-5.124020576477050781e-01,
-5.107711553573608398e-01,
-4.990600347518920898e-01,
-4.926116466522216797e-01,
-5.001351833343505859e-01,
-5.000028014183044434e-01,
-5.060998797416687012e-01,
-5.110280513763427734e-01,
-5.238474607467651367e-01,
-5.385508537292480469e-01,
-5.501428842544555664e-01,
-5.545739531517028809e-01,
-5.609686970710754395e-01,
-5.636484622955322266e-01,
-5.627863407135009766e-01,
-5.646176338195800781e-01,
-5.679234266281127930e-01,
-5.644739866256713867e-01,
-5.583143234252929688e-01,
-5.504640936851501465e-01,
-5.434631109237670898e-01,
-5.249686241149902344e-01,
-5.279285311698913574e-01,
-5.349338054656982422e-01,
-5.411052703857421875e-01,
-5.452923774719238281e-01,
-5.573030710220336914e-01,
-5.452461242675781250e-01,
-5.389628410339355469e-01,
-5.305113792419433594e-01,
-5.236719846725463867e-01,
-5.133447647094726562e-01,
-5.089834928512573242e-01,
-5.089610815048217773e-01,
-5.106305480003356934e-01,
-5.099196434020996094e-01,
-5.151249170303344727e-01,
-5.236570835113525391e-01,
-5.346187353134155273e-01,
-5.417839288711547852e-01,
-5.523494482040405273e-01,
-5.652101039886474609e-01,
-5.718656182289123535e-01,
-5.730825662612915039e-01,
-5.675619840621948242e-01,
-5.635251998901367188e-01,
-5.557382106781005859e-01,
-5.418909788131713867e-01,
-5.251576900482177734e-01,
-5.151404142379760742e-01,
-5.161507129669189453e-01,
-5.039315223693847656e-01,
-4.970529675483703613e-01,
-5.125491619110107422e-01,
-5.108569264411926270e-01,
-5.144083499908447266e-01,
-5.035573244094848633e-01,
-5.064641237258911133e-01,
-5.015688538551330566e-01,
-5.043006539344787598e-01,
-5.104974508285522461e-01,
-5.209307074546813965e-01,
-5.417467355728149414e-01,
-5.462225675582885742e-01,
-5.448117256164550781e-01,
-5.390923023223876953e-01,
-5.360727310180664062e-01,
-5.346212387084960938e-01,
-5.248821973800659180e-01,
-5.262389183044433594e-01,
-5.441592931747436523e-01,
-5.472930669784545898e-01,
-5.469397306442260742e-01,
-5.430637598037719727e-01,
-5.469409227371215820e-01,
-5.282476544380187988e-01,
-5.295447111129760742e-01,
-5.396766066551208496e-01,
-5.612514615058898926e-01,
-5.719003677368164062e-01,
-5.787394046783447266e-01,
-5.684676766395568848e-01,
-5.499974489212036133e-01,
-5.340490937232971191e-01,
-5.215838551521301270e-01,
-5.201592445373535156e-01,
-5.227652788162231445e-01,
-5.246635675430297852e-01,
-5.181938409805297852e-01,
-5.089086294174194336e-01,
-5.054479241371154785e-01,
-5.223615169525146484e-01,
-5.303500890731811523e-01,
-5.506027936935424805e-01,
-5.620946884155273438e-01,
-5.461927652359008789e-01,
-5.327507257461547852e-01,
-5.121772289276123047e-01,
-4.911152124404907227e-01,
-4.926108717918395996e-01,
-5.112245082855224609e-01,
-5.221684575080871582e-01,
-5.374643206596374512e-01,
-5.298784971237182617e-01,
-5.125223994255065918e-01,
-4.829688966274261475e-01,
-4.612366259098052979e-01,
-4.532414674758911133e-01,
-4.733800292015075684e-01,
-5.144070386886596680e-01,
-5.337278842926025391e-01,
-5.978207588195800781e-01,
-5.890078544616699219e-01,
-5.722225904464721680e-01,
-5.661548376083374023e-01,
-5.658760070800781250e-01,
-5.569676160812377930e-01,
-5.567822456359863281e-01,
-5.569889545440673828e-01,
-5.512254238128662109e-01,
-5.436933636665344238e-01,
-5.450021028518676758e-01,
-5.534729957580566406e-01,
-5.542626380920410156e-01,
-5.550397038459777832e-01,
-5.546803474426269531e-01,
-5.545645952224731445e-01,
-5.534796714782714844e-01,
-5.545932054519653320e-01,
-5.546153783798217773e-01,
-5.548803210258483887e-01,
-5.583961009979248047e-01,
-5.604699254035949707e-01,
-5.619230270385742188e-01,
-5.624127984046936035e-01,
-5.625903010368347168e-01,
-5.617144703865051270e-01,
-5.597189664840698242e-01,
-5.573114156723022461e-01,
-5.542231202125549316e-01,
-5.551753044128417969e-01,
-5.539497733116149902e-01,
-5.584065914154052734e-01,
-5.617152452468872070e-01,
-5.646106004714965820e-01,
-5.628607273101806641e-01,
-5.637756586074829102e-01,
-5.599347352981567383e-01,
-5.545435547828674316e-01,
-5.506883859634399414e-01,
-5.484876632690429688e-01,
-5.457400083541870117e-01,
-5.455042123794555664e-01,
-5.473912954330444336e-01,
-5.491726398468017578e-01,
-5.516095161437988281e-01,
-5.548207759857177734e-01,
-5.565690994262695312e-01,
-5.567243695259094238e-01,
-5.582343935966491699e-01,
-5.553563833236694336e-01,
-5.545829534530639648e-01,
-5.512911677360534668e-01,
-5.477979779243469238e-01,
-5.516040921211242676e-01,
-5.563612580299377441e-01,
-5.535941123962402344e-01,
-5.505058765411376953e-01,
-5.551205873489379883e-01,
-5.508354902267456055e-01,
-5.395754575729370117e-01,
-5.422774553298950195e-01,
-5.493324398994445801e-01,
-5.509568452835083008e-01,
-5.527616143226623535e-01,
-5.546213984489440918e-01,
-5.588514208793640137e-01,
-5.585436820983886719e-01,
-5.586954355239868164e-01,
-5.550359487533569336e-01,
-5.551776289939880371e-01,
-5.500146746635437012e-01,
-5.522235631942749023e-01,
-5.536442995071411133e-01,
-5.601487159729003906e-01,
-5.639570355415344238e-01,
-5.732454657554626465e-01,
-5.631439685821533203e-01,
-5.672212243080139160e-01,
-5.511049032211303711e-01,
-5.489549040794372559e-01,
-5.356421470642089844e-01,
-5.521697998046875000e-01,
-5.395786166191101074e-01,
-5.407838821411132812e-01,
-5.285339355468750000e-01,
-5.184435248374938965e-01,
-5.140386819839477539e-01,
-5.057845115661621094e-01,
-5.234211683273315430e-01,
-5.490704774856567383e-01,
-5.715643167495727539e-01,
-5.792495012283325195e-01,
-5.759388208389282227e-01,
-5.825113058090209961e-01,
-5.798228979110717773e-01,
-5.873995423316955566e-01,
-5.809402465820312500e-01,
-5.865364074707031250e-01,
-5.887769460678100586e-01,
-5.865498781204223633e-01,
-5.771697163581848145e-01,
-5.664424896240234375e-01,
-5.531237125396728516e-01,
-5.406217575073242188e-01,
-5.218765735626220703e-01,
-5.295672416687011719e-01,
-5.315211415290832520e-01,
-5.537648797035217285e-01,
-5.546262860298156738e-01,
-5.767222642898559570e-01,
-5.770729184150695801e-01,
-5.771143436431884766e-01,
-5.694346427917480469e-01,
-5.689480304718017578e-01,
-5.523431301116943359e-01,
-5.505094528198242188e-01,
-5.557037591934204102e-01,
-5.641183853149414062e-01,
-5.590911507606506348e-01,
-5.665299296379089355e-01,
-5.673071146011352539e-01,
-5.722817778587341309e-01,
-5.689014196395874023e-01,
-5.685610175132751465e-01,
-5.561060905456542969e-01,
-5.472584962844848633e-01,
-5.423569083213806152e-01,
-5.418629646301269531e-01,
-5.432012081146240234e-01,
-5.563525557518005371e-01,
-5.641989707946777344e-01,
-5.667241811752319336e-01,
-5.673338174819946289e-01,
-5.676771402359008789e-01,
-5.650214552879333496e-01,
-5.706115961074829102e-01,
-5.660908222198486328e-01,
-5.721652507781982422e-01,
-5.739700794219970703e-01,
-5.608245134353637695e-01,
-5.271794199943542480e-01,
-5.128829479217529297e-01,
-4.923821091651916504e-01,
-4.698808491230010986e-01,
-4.765183925628662109e-01,
-4.917176067829132080e-01,
-5.025137066841125488e-01,
-5.123414993286132812e-01,
-5.247863531112670898e-01,
-5.243818163871765137e-01,
-5.251544117927551270e-01,
-5.203663110733032227e-01,
-5.175718069076538086e-01,
-5.098106861114501953e-01,
-5.100235939025878906e-01,
-5.098804235458374023e-01,
-5.158373117446899414e-01,
-5.225335359573364258e-01,
-5.279891490936279297e-01,
-5.345972776412963867e-01,
-5.393098592758178711e-01,
-5.410277843475341797e-01,
-5.405534505844116211e-01,
-5.396298170089721680e-01,
-5.321440696716308594e-01,
-5.279100537300109863e-01,
-5.234533548355102539e-01,
-5.213223695755004883e-01,
-5.184618830680847168e-01,
-5.212582945823669434e-01,
-5.235691070556640625e-01,
-5.322029590606689453e-01,
-5.427694320678710938e-01,
-5.457369685173034668e-01,
-5.469242930412292480e-01,
-5.501455068588256836e-01,
-5.492012500762939453e-01,
-5.480003952980041504e-01,
-5.498930215835571289e-01,
-5.513426065444946289e-01,
-5.533546209335327148e-01,
-5.529624223709106445e-01,
-5.531420707702636719e-01,
-5.532184243202209473e-01,
-5.563407540321350098e-01,
-5.596548318862915039e-01,
-5.656956434249877930e-01,
-5.713313817977905273e-01,
-5.740891098976135254e-01,
-5.736943483352661133e-01,
-5.718639492988586426e-01,
-5.646523833274841309e-01,
-5.570086240768432617e-01,
-5.539836883544921875e-01,
-5.513329505920410156e-01,
-5.483165979385375977e-01,
-5.512877702713012695e-01,
-5.521650314331054688e-01,
-5.527245998382568359e-01,
-5.546019077301025391e-01,
-5.559768676757812500e-01,
-5.563931465148925781e-01,
-5.568543076515197754e-01,
-5.564178228378295898e-01,
-5.582649111747741699e-01,
-5.581074953079223633e-01,
-5.559724569320678711e-01,
-5.566673278808593750e-01,
-5.558117032051086426e-01,
-5.546112060546875000e-01,
-5.535426735877990723e-01,
-5.553750991821289062e-01,
-5.565590262413024902e-01,
-5.564508438110351562e-01,
-5.559973716735839844e-01,
-5.534721612930297852e-01,
-5.520243644714355469e-01,
-5.501407384872436523e-01,
-5.492047071456909180e-01,
-5.476878881454467773e-01,
-5.498909950256347656e-01,
-5.505175590515136719e-01,
-5.498096942901611328e-01,
-5.493941307067871094e-01,
-5.483833551406860352e-01,
-5.454657077789306641e-01,
-5.446687936782836914e-01,
-5.439154505729675293e-01,
-5.437399744987487793e-01,
-5.427102446556091309e-01,
-5.421197414398193359e-01,
-5.423238873481750488e-01,
-5.422972440719604492e-01,
-5.371811985969543457e-01,
-5.352033376693725586e-01,
-5.349580049514770508e-01,
-5.288323760032653809e-01,
-5.282779932022094727e-01,
-5.316456556320190430e-01,
-5.338423848152160645e-01,
-5.322602987289428711e-01,
-5.390655994415283203e-01,
-5.376416444778442383e-01,
-5.391466617584228516e-01,
-5.376433134078979492e-01,
-5.358155965805053711e-01,
-5.343377590179443359e-01,
-5.366021394729614258e-01,
-5.360122919082641602e-01,
-5.380780696868896484e-01,
-5.406417250633239746e-01,
-5.404406785964965820e-01,
-5.392778515815734863e-01,
-5.353720784187316895e-01,
-5.332475900650024414e-01,
-5.330975055694580078e-01,
-5.359419584274291992e-01,
-5.361347198486328125e-01,
-5.390243530273437500e-01,
-5.406885147094726562e-01,
-5.383774042129516602e-01,
-5.332979559898376465e-01,
-5.324307680130004883e-01,
-5.288341045379638672e-01,
-5.284527540206909180e-01,
-5.302445888519287109e-01,
-5.309725999832153320e-01,
-5.299357175827026367e-01,
-5.317012071609497070e-01,
-5.291430950164794922e-01,
-5.278890132904052734e-01,
-5.179729461669921875e-01,
-5.193228721618652344e-01,
-5.186707377433776855e-01,
-5.206654071807861328e-01,
-5.191946029663085938e-01,
-5.288484096527099609e-01,
-5.281156897544860840e-01,
-5.280435085296630859e-01,
-5.291188955307006836e-01,
-5.316762328147888184e-01,
-5.359416604042053223e-01,
-5.342629551887512207e-01,
-5.368005037307739258e-01,
-5.389531850814819336e-01,
-5.417901277542114258e-01,
-5.396674871444702148e-01,
-5.387930870056152344e-01,
-5.368179082870483398e-01,
-5.341382026672363281e-01,
-5.302566289901733398e-01,
-5.279711484909057617e-01,
-5.303940773010253906e-01,
-5.324763059616088867e-01,
-5.349913239479064941e-01,
-5.391947031021118164e-01,
-5.390712618827819824e-01,
-5.427337288856506348e-01,
-5.431381464004516602e-01,
-5.463289618492126465e-01,
-5.429894924163818359e-01,
-5.425338745117187500e-01,
-5.358221530914306641e-01,
-5.304821729660034180e-01,
-5.212814807891845703e-01,
-5.210450291633605957e-01,
-5.215581059455871582e-01,
-5.233794450759887695e-01,
-5.295289158821105957e-01,
-5.388883352279663086e-01,
-5.468574762344360352e-01,
-5.545728206634521484e-01,
-5.652277469635009766e-01,
-5.702703595161437988e-01,
-5.726250410079956055e-01,
-5.726368427276611328e-01,
-5.665099620819091797e-01,
-5.479062795639038086e-01,
-5.329080820083618164e-01,
-5.162284374237060547e-01,
-5.032097101211547852e-01,
-5.048540830612182617e-01,
-5.202800035476684570e-01,
-5.371044278144836426e-01,
-5.497482419013977051e-01,
-5.643208622932434082e-01,
-5.692230463027954102e-01,
-5.608593821525573730e-01,
-5.502796769142150879e-01,
-5.477496981620788574e-01,
-5.500677824020385742e-01,
-5.416537523269653320e-01,
-5.468288660049438477e-01,
-5.496766567230224609e-01,
-5.398921966552734375e-01,
-5.301851630210876465e-01,
-5.247406363487243652e-01,
-5.276343822479248047e-01,
-5.347514748573303223e-01,
-5.480791330337524414e-01,
-5.485101938247680664e-01,
-5.515553355216979980e-01,
-5.370487570762634277e-01,
-5.245599746704101562e-01,
-4.975361227989196777e-01,
-5.022562742233276367e-01,
-5.007991790771484375e-01,
-5.193523168563842773e-01,
-5.327666997909545898e-01,
-5.577480792999267578e-01,
-5.505727529525756836e-01,
-5.517555475234985352e-01,
-5.508847236633300781e-01,
-5.516959428787231445e-01,
-5.341962575912475586e-01,
-5.402065515518188477e-01,
-5.465860366821289062e-01,
-5.650894641876220703e-01,
-5.596706867218017578e-01,
-5.650085210800170898e-01,
-5.592800974845886230e-01,
-5.423876047134399414e-01,
-5.131487846374511719e-01,
-5.047094821929931641e-01,
-5.256076455116271973e-01,
-5.238387584686279297e-01,
-5.113579630851745605e-01,
-5.046924352645874023e-01,
-5.087847113609313965e-01,
-4.946613013744354248e-01,
-4.788531959056854248e-01,
-4.896090924739837646e-01,
-5.198161005973815918e-01,
-5.208753347396850586e-01,
-5.817525386810302734e-01,
-5.952841639518737793e-01,
-5.850299596786499023e-01,
-5.651409626007080078e-01,
-5.564690828323364258e-01,
-5.576659440994262695e-01,
-5.474553704261779785e-01,
-5.487795472145080566e-01,
-5.534867048263549805e-01,
-5.528763532638549805e-01,
-5.548208951950073242e-01,
-5.555793046951293945e-01,
-5.575982332229614258e-01,
-5.586056709289550781e-01,
-5.616518855094909668e-01,
-5.620591640472412109e-01,
-5.607732534408569336e-01,
-5.574324727058410645e-01,
-5.568786859512329102e-01,
-5.563948750495910645e-01,
-5.591069459915161133e-01,
-5.601779222488403320e-01,
-5.610729455947875977e-01,
-5.574886798858642578e-01,
-5.550335049629211426e-01,
-5.484292507171630859e-01,
-5.470724701881408691e-01,
-5.470404028892517090e-01,
-5.514162778854370117e-01,
-5.533769130706787109e-01,
-5.547521114349365234e-01,
-5.549993515014648438e-01,
-5.562661886215209961e-01,
-5.487073659896850586e-01,
-5.526790618896484375e-01,
-5.543820858001708984e-01,
-5.507853031158447266e-01,
-5.489584207534790039e-01,
-5.529945492744445801e-01,
-5.476305484771728516e-01,
-5.453860759735107422e-01,
-5.525079965591430664e-01,
-5.537652969360351562e-01,
-5.559234619140625000e-01,
-5.552836656570434570e-01,
-5.502986907958984375e-01,
-5.524257421493530273e-01,
-5.539323091506958008e-01,
-5.574014186859130859e-01,
-5.575025081634521484e-01,
-5.645560026168823242e-01,
-5.530950427055358887e-01,
-5.419027805328369141e-01,
-5.314348340034484863e-01,
-5.234576463699340820e-01,
-5.035511255264282227e-01,
-5.120497941970825195e-01,
-5.080358982086181641e-01,
-5.252985358238220215e-01,
-5.401921272277832031e-01,
-5.639084577560424805e-01,
-5.594282150268554688e-01,
-5.769268274307250977e-01,
-5.781841278076171875e-01,
-5.823936462402343750e-01,
-5.824109911918640137e-01,
-5.794063210487365723e-01,
-5.670193433761596680e-01,
-5.622368454933166504e-01,
-5.479625463485717773e-01,
-5.557702779769897461e-01,
-5.641463994979858398e-01,
-5.719202756881713867e-01,
-5.666971206665039062e-01,
-5.638589859008789062e-01,
-5.588749647140502930e-01,
-5.542824864387512207e-01,
-5.537307262420654297e-01,
-5.641067028045654297e-01,
-5.623766183853149414e-01,
-5.647630095481872559e-01,
-5.593168735504150391e-01,
-5.555382966995239258e-01,
-5.515943765640258789e-01,
-5.503049492835998535e-01,
-5.490926504135131836e-01,
-5.583664178848266602e-01,
-5.670362710952758789e-01,
-5.672887563705444336e-01,
-5.618321895599365234e-01,
-5.630512237548828125e-01,
-5.626778602600097656e-01,
-5.376305580139160156e-01,
-5.198944211006164551e-01,
-5.111295580863952637e-01,
-4.995819628238677979e-01,
-4.852002263069152832e-01,
-5.067210197448730469e-01,
-5.200660228729248047e-01,
-5.224219560623168945e-01,
-5.203186273574829102e-01,
-5.184296965599060059e-01,
-5.139876604080200195e-01,
-5.128552913665771484e-01,
-5.211751461029052734e-01,
-5.299620628356933594e-01,
-5.318096280097961426e-01,
-5.372653007507324219e-01,
-5.363522768020629883e-01,
-5.309056043624877930e-01,
-5.260258913040161133e-01,
-5.282952785491943359e-01,
-5.280245542526245117e-01,
-5.339596867561340332e-01,
-5.386264324188232422e-01,
-5.477885007858276367e-01,
-5.481135845184326172e-01,
-5.508042573928833008e-01,
-5.515009164810180664e-01,
-5.515999794006347656e-01,
-5.519880652427673340e-01,
-5.551111102104187012e-01,
-5.598046779632568359e-01,
-5.656356811523437500e-01,
-5.679026246070861816e-01,
-5.710854530334472656e-01,
-5.683538913726806641e-01,
-5.638664960861206055e-01,
-5.553756952285766602e-01,
-5.529527664184570312e-01,
-5.501123666763305664e-01,
-5.517679452896118164e-01,
-5.539172291755676270e-01,
-5.561583042144775391e-01,
-5.560353994369506836e-01,
-5.568338632583618164e-01,
-5.567020177841186523e-01,
-5.560771226882934570e-01,
-5.562770366668701172e-01,
-5.557792186737060547e-01,
-5.548780560493469238e-01,
-5.556501150131225586e-01,
-5.537663698196411133e-01,
-5.534246563911437988e-01,
-5.511354207992553711e-01,
-5.504901409149169922e-01,
-5.489294528961181641e-01,
-5.491601228713989258e-01,
-5.472097396850585938e-01,
-5.466187000274658203e-01,
-5.443942546844482422e-01,
-5.439642667770385742e-01,
-5.436072349548339844e-01,
-5.424911379814147949e-01,
-5.401173830032348633e-01,
-5.404620170593261719e-01,
-5.328317880630493164e-01,
-5.319858789443969727e-01,
-5.319375991821289062e-01,
-5.354526042938232422e-01,
-5.315802097320556641e-01,
-5.378268957138061523e-01,
-5.383542180061340332e-01,
-5.375103354454040527e-01,
-5.365433692932128906e-01,
-5.385068058967590332e-01,
-5.384126901626586914e-01,
-5.366806387901306152e-01,
-5.373502373695373535e-01,
-5.404949188232421875e-01,
-5.385602116584777832e-01,
-5.354020595550537109e-01,
-5.358617305755615234e-01,
-5.381991863250732422e-01,
-5.307493209838867188e-01,
-5.267492532730102539e-01,
-5.281893014907836914e-01,
-5.302991271018981934e-01,
-5.296423435211181641e-01,
-5.277668237686157227e-01,
-5.303462743759155273e-01,
-5.274319648742675781e-01,
-5.251704454421997070e-01,
-5.294093489646911621e-01,
-5.306270122528076172e-01,
-5.298943519592285156e-01,
-5.339504480361938477e-01,
-5.364888906478881836e-01,
-5.363457202911376953e-01,
-5.392999053001403809e-01,
-5.394724607467651367e-01,
-5.351430177688598633e-01,
-5.365352630615234375e-01,
-5.353884100914001465e-01,
-5.347309112548828125e-01,
-5.376896858215332031e-01,
-5.394451618194580078e-01,
-5.424834489822387695e-01,
-5.409001111984252930e-01,
-5.399713516235351562e-01,
-5.362622737884521484e-01,
-5.339029431343078613e-01,
-5.293977260589599609e-01,
-5.245357751846313477e-01,
-5.294256210327148438e-01,
-5.369166135787963867e-01,
-5.484385490417480469e-01,
-5.574827790260314941e-01,
-5.663260221481323242e-01,
-5.648908615112304688e-01,
-5.552535057067871094e-01,
-5.408709645271301270e-01,
-5.271537303924560547e-01,
-5.210783481597900391e-01,
-5.237883329391479492e-01,
-5.360422730445861816e-01,
-5.450420379638671875e-01,
-5.522903800010681152e-01,
-5.545462369918823242e-01,
-5.522468090057373047e-01,
-5.470694899559020996e-01,
-5.357682704925537109e-01,
-5.380324721336364746e-01,
-5.399367213249206543e-01,
-5.434526205062866211e-01,
-5.458061695098876953e-01,
-5.511207580566406250e-01,
-5.468586683273315430e-01,
-5.511056184768676758e-01,
-5.270808935165405273e-01,
-5.216653347015380859e-01,
-5.171998739242553711e-01,
-5.335820317268371582e-01,
-5.182441473007202148e-01,
-5.426083207130432129e-01,
-5.406759977340698242e-01,
-5.466492176055908203e-01,
-5.443080663681030273e-01,
-5.514179468154907227e-01,
-5.349493026733398438e-01,
-5.266956090927124023e-01,
-5.224405527114868164e-01,
-5.091747045516967773e-01,
-5.074513554573059082e-01,
-4.987826347351074219e-01,
-5.022226572036743164e-01,
-4.859218597412109375e-01,
-5.088006258010864258e-01,
