-7.162176966667175293e-01,
-7.169477343559265137e-01,
-7.175388336181640625e-01,
-7.183372378349304199e-01,
-7.192338109016418457e-01,
-7.196584939956665039e-01,
-7.194951772689819336e-01,
-7.189368009567260742e-01,
-7.189306020736694336e-01,
-7.191376686096191406e-01,
-7.190799713134765625e-01,
-7.182553410530090332e-01,
-7.180211544036865234e-01,
-7.180200815200805664e-01,
-7.178741693496704102e-01,
-7.182493209838867188e-01,
-7.180824279785156250e-01,
-7.174010276794433594e-01,
-7.166980504989624023e-01,
-7.161494493484497070e-01,
-7.162750959396362305e-01,
-7.166659832000732422e-01,
-7.169692516326904297e-01,
-7.172168493270874023e-01,
-7.173243761062622070e-01,
-7.168246507644653320e-01,
-7.163634896278381348e-01,
-7.156721353530883789e-01,
-7.150443792343139648e-01,
-7.146516442298889160e-01,
-7.144365310668945312e-01,
-7.142004370689392090e-01,
-7.141811847686767578e-01,
-7.143198251724243164e-01,
-7.146446704864501953e-01,
-7.147305011749267578e-01,
-7.141462564468383789e-01,
-7.142227888107299805e-01,
-7.146395444869995117e-01,
-7.147184610366821289e-01,
-7.146350145339965820e-01,
-7.145905494689941406e-01,
-7.146478295326232910e-01,
-7.142846584320068359e-01,
-7.149282693862915039e-01,
-7.155326604843139648e-01,
-7.157466411590576172e-01,
-7.156186699867248535e-01,
-7.161425352096557617e-01,
-7.160041332244873047e-01,
-7.160266637802124023e-01,
-7.151257991790771484e-01,
-7.130999565124511719e-01,
-7.109827995300292969e-01,
-7.092292308807373047e-01,
-7.069221735000610352e-01,
-7.057617306709289551e-01,
-7.063630819320678711e-01,
-7.062494754791259766e-01,
-7.060716152191162109e-01,
-7.067739963531494141e-01,
-7.066700458526611328e-01,
-7.082492113113403320e-01,
-7.084413766860961914e-01,
-7.092732191085815430e-01,
-7.105135321617126465e-01,
-7.110476493835449219e-01,
-7.110077142715454102e-01,
-7.108764648437500000e-01,
-7.106748819351196289e-01,
-7.098374366760253906e-01,
-7.087398767471313477e-01,
-7.082099318504333496e-01,
-7.083698511123657227e-01,
-7.076597809791564941e-01,
-7.076375484466552734e-01,
-7.069554924964904785e-01,
-7.063547372817993164e-01,
-7.056664228439331055e-01,
-7.053581476211547852e-01,
-7.049329280853271484e-01,
-7.050668597221374512e-01,
-7.045530080795288086e-01,
-7.038161158561706543e-01,
-7.033488750457763672e-01,
-7.026818990707397461e-01,
-7.020273208618164062e-01,
-7.022113204002380371e-01,
-7.020909786224365234e-01,
-7.015726566314697266e-01,
-7.015054821968078613e-01,
-7.013382911682128906e-01,
-7.016465663909912109e-01,
-7.020854949951171875e-01,
-7.029387950897216797e-01,
-7.028250694274902344e-01,
-7.036411166191101074e-01,
-7.034044265747070312e-01,
-7.039191722869873047e-01,
-7.043569087982177734e-01,
-7.046622037887573242e-01,
-7.046530246734619141e-01,
-7.052419185638427734e-01,
-7.057163715362548828e-01,
-7.057698965072631836e-01,
-7.046140432357788086e-01,
-7.029547691345214844e-01,
-7.015298604965209961e-01,
-7.000337839126586914e-01,
-6.994948387145996094e-01,
-6.992908716201782227e-01,
-6.991703510284423828e-01,
-6.990345716476440430e-01,
-6.979936361312866211e-01,
-6.963807344436645508e-01,
-6.966979503631591797e-01,
-6.972293853759765625e-01,
-6.975750923156738281e-01,
-7.180182337760925293e-01,
-7.183067202568054199e-01,
-7.175745368003845215e-01,
-7.179170250892639160e-01,
-7.183245420455932617e-01,
-7.179062962532043457e-01,
-7.181218862533569336e-01,
-7.171460986137390137e-01,
-7.172603011131286621e-01,
-7.170430421829223633e-01,
-7.166734933853149414e-01,
-7.162486314773559570e-01,
-7.156889438629150391e-01,
-7.153196334838867188e-01,
-7.148934602737426758e-01,
-7.147191762924194336e-01,
-7.145720720291137695e-01,
-7.146821618080139160e-01,
-7.154288291931152344e-01,
-7.149863243103027344e-01,
-7.153190374374389648e-01,
-7.158027291297912598e-01,
-7.162526845932006836e-01,
-7.159317731857299805e-01,
-7.142221927642822266e-01,
-7.125010490417480469e-01,
-7.097102403640747070e-01,
-7.084432840347290039e-01,
-7.064923644065856934e-01,
-7.076241970062255859e-01,
-7.082290649414062500e-01,
-7.095931768417358398e-01,
-7.100837230682373047e-01,
-7.104558944702148438e-01,
-7.098637819290161133e-01,
-7.088736295700073242e-01,
-7.075471282005310059e-01,
-7.066199779510498047e-01,
-7.063719034194946289e-01,
-7.054454684257507324e-01,
-7.043746709823608398e-01,
-7.034969329833984375e-01,
-7.030984163284301758e-01,
-7.019672393798828125e-01,
-7.018656730651855469e-01,
-7.028309106826782227e-01,
-7.028238177299499512e-01,
-7.032387256622314453e-01,
-7.040697336196899414e-01,
-7.048028111457824707e-01,
-7.058163285255432129e-01,
-7.049648761749267578e-01,
-7.033892869949340820e-01,
-7.016677856445312500e-01,
-7.004190683364868164e-01,
-6.984957456588745117e-01,
-6.979817748069763184e-01,
-7.183927297592163086e-01,
-7.181868553161621094e-01,
-7.173106670379638672e-01,
-7.175595164299011230e-01,
-7.180478572845458984e-01,
-7.175676822662353516e-01,
-7.165691852569580078e-01,
-7.158137559890747070e-01,
-7.154227495193481445e-01,
-7.150350809097290039e-01,
-7.151687145233154297e-01,
-7.142943739891052246e-01,
-7.154514789581298828e-01,
-7.155127525329589844e-01,
-7.151060700416564941e-01,
-7.127995491027832031e-01,
-7.107863426208496094e-01,
-7.090252637863159180e-01,
-7.082107067108154297e-01,
-7.077702283859252930e-01,
-7.087352275848388672e-01,
-7.091009616851806641e-01,
-7.092781066894531250e-01,
-7.082470655441284180e-01,
-7.065867185592651367e-01,
-7.054862976074218750e-01,
-7.041984796524047852e-01,
-7.035042047500610352e-01,
-7.028298974037170410e-01,
-7.029091715812683105e-01,
-7.034319639205932617e-01,
-7.037699818611145020e-01,
-7.045940160751342773e-01,
-7.042186856269836426e-01,
-7.025125622749328613e-01,
-7.012120485305786133e-01,
-6.992076635360717773e-01,
