-5.772447586059570312e-01,
-5.742729306221008301e-01,
-5.729938149452209473e-01,
-5.731750726699829102e-01,
-5.865177512168884277e-01,
-5.931053161621093750e-01,
-5.924351811408996582e-01,
-5.900965929031372070e-01,
-5.886085033416748047e-01,
-5.910694599151611328e-01,
-5.933094024658203125e-01,
-5.926543474197387695e-01,
-5.873162746429443359e-01,
-5.811061263084411621e-01,
-5.706734657287597656e-01,
-5.571004152297973633e-01,
-5.447715520858764648e-01,
-5.404990911483764648e-01,
-5.372815132141113281e-01,
-5.427143573760986328e-01,
-5.543010830879211426e-01,
-5.637850165367126465e-01,
-5.692110061645507812e-01,
-5.715682506561279297e-01,
-5.738298892974853516e-01,
-5.748595595359802246e-01,
-5.771206617355346680e-01,
-5.795037746429443359e-01,
-5.820664167404174805e-01,
-5.844939947128295898e-01,
-5.848660469055175781e-01,
-5.861532688140869141e-01,
-5.883308053016662598e-01,
-5.909125804901123047e-01,
-5.940765142440795898e-01,
-5.957574844360351562e-01,
-5.967211723327636719e-01,
-5.962746739387512207e-01,
-5.963293910026550293e-01,
-5.959815382957458496e-01,
-5.960534811019897461e-01,
-5.956946611404418945e-01,
-5.965294837951660156e-01,
-5.971645116806030273e-01,
-5.968012809753417969e-01,
-5.964990258216857910e-01,
-5.959440469741821289e-01,
-5.951678752899169922e-01,
-5.947245359420776367e-01,
-5.954203605651855469e-01,
-5.960707068443298340e-01,
-5.968474149703979492e-01,
-5.976950526237487793e-01,
-5.978282094001770020e-01,
-5.971397757530212402e-01,
-5.979484319686889648e-01,
-5.970000624656677246e-01,
-5.969350337982177734e-01,
-5.973343849182128906e-01,
-5.983074903488159180e-01,
-5.980862379074096680e-01,
-5.984979867935180664e-01,
-5.999121665954589844e-01,
-6.006089448928833008e-01,
-6.004769802093505859e-01,
-6.002938747406005859e-01,
-6.005506515502929688e-01,
-6.001021265983581543e-01,
-5.999798774719238281e-01,
-6.000372171401977539e-01,
-5.995680093765258789e-01,
-5.996351242065429688e-01,
-5.985429286956787109e-01,
-5.986785888671875000e-01,
-5.989866852760314941e-01,
-5.994743108749389648e-01,
-5.995742082595825195e-01,
-5.999372005462646484e-01,
-6.012301445007324219e-01,
-6.014346480369567871e-01,
-6.008406877517700195e-01,
-6.008205413818359375e-01,
-6.002479195594787598e-01,
-5.994592905044555664e-01,
-5.985572338104248047e-01,
-5.992093086242675781e-01,
-5.988942384719848633e-01,
-5.992796421051025391e-01,
-5.983569622039794922e-01,
-5.977981090545654297e-01,
-5.972790718078613281e-01,
-5.972399711608886719e-01,
-5.964375734329223633e-01,
-5.961903929710388184e-01,
-5.961493253707885742e-01,
-5.958144664764404297e-01,
-5.947189331054687500e-01,
-5.949931740760803223e-01,
-5.951927900314331055e-01,
-5.949852466583251953e-01,
-5.945316553115844727e-01,
-5.950684547424316406e-01,
-5.948933362960815430e-01,
-5.950520038604736328e-01,
-5.956386923789978027e-01,
-5.965313911437988281e-01,
-5.961464047431945801e-01,
-5.965477228164672852e-01,
-5.972520112991333008e-01,
-5.970656871795654297e-01,
-5.971158742904663086e-01,
-5.962247848510742188e-01,
-5.959317088127136230e-01,
-5.955795645713806152e-01,
-5.954018831253051758e-01,
-5.957446098327636719e-01,
-5.963414907455444336e-01,
-5.960667133331298828e-01,
-5.954436659812927246e-01,
-5.947655439376831055e-01,
-5.941514968872070312e-01,
-5.938706398010253906e-01,
-5.928699970245361328e-01,
-5.933102369308471680e-01,
-5.932216644287109375e-01,
-5.927082300186157227e-01,
-5.919113755226135254e-01,
-5.919712781906127930e-01,
-5.922735929489135742e-01,
-5.929057598114013672e-01,
-5.931519269943237305e-01,
-5.938899517059326172e-01,
-5.944848060607910156e-01,
-5.943988561630249023e-01,
-5.949507951736450195e-01,
-5.956369042396545410e-01,
-5.950649976730346680e-01,
-5.950921773910522461e-01,
-5.940333604812622070e-01,
-5.935775637626647949e-01,
-5.934630036354064941e-01,
-5.937675237655639648e-01,
-5.930475592613220215e-01,
-5.937110781669616699e-01,
-5.933691859245300293e-01,
-5.938692092895507812e-01,
-5.932910442352294922e-01,
-5.915005207061767578e-01,
-5.903257131576538086e-01,
-5.884459614753723145e-01,
-5.868351459503173828e-01,
-5.866862535476684570e-01,
-5.870798826217651367e-01,
-5.870944261550903320e-01,
-5.878854990005493164e-01,
-5.888935327529907227e-01,
-5.899001359939575195e-01,
-5.904771089553833008e-01,
-5.899718999862670898e-01,
-5.898995399475097656e-01,
-5.896543264389038086e-01,
-5.892308950424194336e-01,
-5.887766480445861816e-01,
-5.899616479873657227e-01,
-5.909142494201660156e-01,
-5.916202068328857422e-01,
-5.911185741424560547e-01,
-5.904655456542968750e-01,
-5.901368856430053711e-01,
-5.895069837570190430e-01,
-5.883661508560180664e-01,
-5.881228446960449219e-01,
-5.877404212951660156e-01,
-5.877418518066406250e-01,
-5.869694352149963379e-01,
-5.874274969100952148e-01,
-5.874319076538085938e-01,
-5.873911380767822266e-01,
-5.864713191986083984e-01,
-5.866503715515136719e-01,
-5.859206914901733398e-01,
-5.857161283493041992e-01,
-5.852198600769042969e-01,
-5.832208395004272461e-01,
-5.806323289871215820e-01,
-5.784454345703125000e-01,
-5.786738395690917969e-01,
-5.790440440177917480e-01,
-5.788842439651489258e-01,
-5.772249698638916016e-01,
-5.753839015960693359e-01,
-5.730454921722412109e-01,
-5.693789720535278320e-01,
-5.692051649093627930e-01,
-5.705136060714721680e-01,
-5.718456506729125977e-01,
-5.729668140411376953e-01,
-5.735107660293579102e-01,
-5.726457834243774414e-01,
-5.702079534530639648e-01,
-5.714291334152221680e-01,
-5.708402395248413086e-01,
-5.724465250968933105e-01,
-5.733137130737304688e-01,
-5.764628052711486816e-01,
-5.769949555397033691e-01,
-5.776321291923522949e-01,
-5.783629417419433594e-01,
-5.770214796066284180e-01,
-5.781421065330505371e-01,
-5.784089565277099609e-01,
-5.804110765457153320e-01,
-5.811727046966552734e-01,
-5.824137926101684570e-01,
-5.817014575004577637e-01,
-5.807237625122070312e-01,
-5.821921825408935547e-01,
-5.807304382324218750e-01,
-5.807161331176757812e-01,
-5.805817842483520508e-01,
-5.812838077545166016e-01,
-5.814476013183593750e-01,
-5.817152857780456543e-01,
-5.818870663642883301e-01,
-5.778918862342834473e-01,
-5.758479833602905273e-01,
-5.744415521621704102e-01,
-5.767426490783691406e-01,
-5.787528753280639648e-01,
-5.824295282363891602e-01,
-5.863612890243530273e-01,
-5.871191024780273438e-01,
-5.881964564323425293e-01,
-5.900938510894775391e-01,
-5.898668169975280762e-01,
-5.892511010169982910e-01,
-5.908620357513427734e-01,
-5.907816290855407715e-01,
-5.896441936492919922e-01,
-5.886581540107727051e-01,
-5.893205404281616211e-01,
-5.870071649551391602e-01,
-5.836020708084106445e-01,
-5.786156654357910156e-01,
-5.747077465057373047e-01,
-5.738257169723510742e-01,
-5.736585855484008789e-01,
-5.784078836441040039e-01,
-5.820238590240478516e-01,
-5.847129821777343750e-01,
-5.843540430068969727e-01,
-5.852799415588378906e-01,
-5.852226018905639648e-01,
-5.884581804275512695e-01,
-5.925333499908447266e-01,
-5.910799503326416016e-01,
-5.782744884490966797e-01,
-5.686022043228149414e-01,
-5.595862865447998047e-01,
-5.559946298599243164e-01,
-5.548678636550903320e-01,
-5.653318762779235840e-01,
-5.743470191955566406e-01,
-5.811354517936706543e-01,
-5.826255679130554199e-01,
-5.868250727653503418e-01,
-5.907015204429626465e-01,
-5.923799872398376465e-01,
-5.941970944404602051e-01,
-5.972062349319458008e-01,
-5.972527861595153809e-01,
-5.968891382217407227e-01,
-5.962317585945129395e-01,
-5.968153476715087891e-01,
-5.965243577957153320e-01,
-5.974173545837402344e-01,
-5.974183678627014160e-01,
-5.972090959548950195e-01,
-5.974274873733520508e-01,
-5.982004404067993164e-01,
-5.986270308494567871e-01,
-5.995800495147705078e-01,
-6.000018119812011719e-01,
-6.004022955894470215e-01,
-6.005797982215881348e-01,
-5.995817184448242188e-01,
-5.996086001396179199e-01,
-5.999734401702880859e-01,
-6.003680229187011719e-01,
-6.000638008117675781e-01,
-6.008096933364868164e-01,
-6.011221408843994141e-01,
-5.993367433547973633e-01,
-5.987689495086669922e-01,
-5.982420444488525391e-01,
-5.972797870635986328e-01,
-5.966920852661132812e-01,
-5.954803228378295898e-01,
-5.957232713699340820e-01,
-5.952978134155273438e-01,
-5.947607755661010742e-01,
-5.956058502197265625e-01,
-5.961005091667175293e-01,
-5.962695479393005371e-01,
-5.964494943618774414e-01,
-5.970495343208312988e-01,
-5.970510244369506836e-01,
-5.960415601730346680e-01,
-5.956401228904724121e-01,
-5.957977771759033203e-01,
-5.945181846618652344e-01,
-5.935690402984619141e-01,
-5.930662155151367188e-01,
-5.927107930183410645e-01,
-5.929495096206665039e-01,
-5.937891602516174316e-01,
-5.944772958755493164e-01,
-5.953372716903686523e-01,
-5.949572920799255371e-01,
-5.948717594146728516e-01,
-5.942480564117431641e-01,
-5.932238101959228516e-01,
-5.922241210937500000e-01,
-5.918285250663757324e-01,
-5.897333025932312012e-01,
-5.890125632286071777e-01,
-5.877496004104614258e-01,
-5.884538888931274414e-01,
-5.896920561790466309e-01,
-5.906325578689575195e-01,
-5.901846885681152344e-01,
-5.909454822540283203e-01,
-5.906567573547363281e-01,
-5.905109643936157227e-01,
-5.906505584716796875e-01,
-5.891310572624206543e-01,
-5.879250764846801758e-01,
-5.881348252296447754e-01,
-5.870861411094665527e-01,
-5.866693854331970215e-01,
-5.858190059661865234e-01,
-5.827008485794067383e-01,
-5.818524360656738281e-01,
-5.796651244163513184e-01,
-5.756248235702514648e-01,
-5.736147165298461914e-01,
-5.708959698677062988e-01,
-5.685651898384094238e-01,
-5.657401084899902344e-01,
-5.674255490303039551e-01,
-5.684401988983154297e-01,
-5.720961689949035645e-01,
-5.737432837486267090e-01,
-5.761004686355590820e-01,
-5.768749713897705078e-01,
-5.806506276130676270e-01,
-5.810379981994628906e-01,
-5.807989835739135742e-01,
-5.818812847137451172e-01,
-5.827407240867614746e-01,
-5.816984176635742188e-01,
-5.802764892578125000e-01,
-5.785511136054992676e-01,
-5.807332396507263184e-01,
-5.807772874832153320e-01,
-5.832383632659912109e-01,
-5.872153639793395996e-01,
-5.896403789520263672e-01,
-5.882493257522583008e-01,
-5.889945030212402344e-01,
-5.847045183181762695e-01,
-5.810139775276184082e-01,
-5.813511610031127930e-01,
-5.822659134864807129e-01,
-5.888652801513671875e-01,
-5.880749225616455078e-01,
-5.836097598075866699e-01,
-5.757215023040771484e-01,
-5.670500993728637695e-01,
-5.644646883010864258e-01,
-5.618597269058227539e-01,
-5.737991333007812500e-01,
-5.836127996444702148e-01,
-5.871001482009887695e-01,
-5.919423103332519531e-01,
-5.945370197296142578e-01,
-5.973320007324218750e-01,
-5.961079001426696777e-01,
-5.962700843811035156e-01,
-5.974906086921691895e-01,
-5.968916416168212891e-01,
-5.975487828254699707e-01,
-5.981304049491882324e-01,
-5.995521545410156250e-01,
-5.998843908309936523e-01,
-6.003604531288146973e-01,
-5.997647047042846680e-01,
-6.005617380142211914e-01,
-5.999926328659057617e-01,
-6.002171635627746582e-01,
-6.002755761146545410e-01,
-5.994135141372680664e-01,
-5.975193977355957031e-01,
-5.972872376441955566e-01,
-5.958737134933471680e-01,
-5.958054065704345703e-01,
-5.951645374298095703e-01,
-5.963779687881469727e-01,
-5.957012772560119629e-01,
-5.964139103889465332e-01,
-5.963699817657470703e-01,
-5.958355069160461426e-01,
-5.947875976562500000e-01,
-5.942603349685668945e-01,
-5.934859514236450195e-01,
-5.935345292091369629e-01,
-5.938518047332763672e-01,
-5.948636531829833984e-01,
-5.951123237609863281e-01,
-5.951277017593383789e-01,
-5.931867361068725586e-01,
-5.910679101943969727e-01,
-5.900849103927612305e-01,
-5.896358489990234375e-01,
-5.889835953712463379e-01,
-5.892866849899291992e-01,
-5.907118320465087891e-01,
-5.896692276000976562e-01,
-5.893823504447937012e-01,
-5.885272026062011719e-01,
-5.886762142181396484e-01,
-5.882703065872192383e-01,
-5.857421755790710449e-01,
-5.847009420394897461e-01,
-5.806304216384887695e-01,
-5.786381959915161133e-01,
-5.748183727264404297e-01,
-5.741943120956420898e-01,
-5.736689567565917969e-01,
-5.754158496856689453e-01,
-5.744492411613464355e-01,
-5.774323940277099609e-01,
-5.775697231292724609e-01,
-5.811077952384948730e-01,
-5.803735256195068359e-01,
-5.837700366973876953e-01,
-5.812537670135498047e-01,
-5.820075273513793945e-01,
-5.822896361351013184e-01,
-5.847010612487792969e-01,
-5.848672389984130859e-01,
-5.901020169258117676e-01,
-5.873134732246398926e-01,
-5.858646631240844727e-01,
-5.831788778305053711e-01,
