4.470814208984375000e+02,
4.415995178222656250e+02,
4.416359252929687500e+02,
4.402828674316406250e+02,
4.143384704589843750e+02,
4.026145629882812500e+02,
3.998154602050781250e+02,
4.099956054687500000e+02,
4.148511657714843750e+02,
4.318345642089843750e+02,
4.512772521972656250e+02,
4.713191833496093750e+02,
4.843229675292968750e+02,
4.878591613769531250e+02,
4.931679077148437500e+02,
4.861232910156250000e+02,
4.760678405761718750e+02,
4.674747924804687500e+02,
4.674619140625000000e+02,
4.618864440917968750e+02,
4.584454040527343750e+02,
4.537416076660156250e+02,
4.420123901367187500e+02,
4.294066467285156250e+02,
4.144145202636718750e+02,
4.068857116699218750e+02,
3.933990783691406250e+02,
3.876369934082031250e+02,
3.863748779296875000e+02,
3.797362365722656250e+02,
3.800738220214843750e+02,
3.785811157226562500e+02,
3.792474060058593750e+02,
3.823178710937500000e+02,
3.827201232910156250e+02,
3.836981506347656250e+02,
3.842452087402343750e+02,
3.916019897460937500e+02,
3.870976257324218750e+02,
3.898900756835937500e+02,
3.945364074707031250e+02,
3.977622985839843750e+02,
3.989333801269531250e+02,
4.035014953613281250e+02,
4.039006347656250000e+02,
4.014906921386718750e+02,
4.046781616210937500e+02,
4.036302795410156250e+02,
3.987414550781250000e+02,
4.013063659667968750e+02,
4.084981689453125000e+02,
4.160503845214843750e+02,
4.193947753906250000e+02,
4.270574951171875000e+02,
4.306517028808593750e+02,
4.422889099121093750e+02,
4.538539428710937500e+02,
4.712254028320312500e+02,
4.865545654296875000e+02,
5.255853271484375000e+02,
5.481794433593750000e+02,
5.716343994140625000e+02,
5.935736083984375000e+02,
6.168674926757812500e+02,
6.313013916015625000e+02,
6.504243164062500000e+02,
6.464512939453125000e+02,
6.398486328125000000e+02,
6.148576660156250000e+02,
5.971526489257812500e+02,
5.803937988281250000e+02,
5.796229248046875000e+02,
5.872670898437500000e+02,
6.075289306640625000e+02,
6.312205810546875000e+02,
6.776535034179687500e+02,
7.101717529296875000e+02,
7.537609252929687500e+02,
8.002136840820312500e+02,
8.324567260742187500e+02,
8.696545410156250000e+02,
9.145050659179687500e+02,
9.192481689453125000e+02,
9.203005981445312500e+02,
9.120288085937500000e+02,
9.035579833984375000e+02,
8.735341796875000000e+02,
8.460549926757812500e+02,
7.992463989257812500e+02,
7.465068969726562500e+02,
7.290225830078125000e+02,
7.369847412109375000e+02,
7.849501953125000000e+02,
8.143563842773437500e+02,
8.301466674804687500e+02,
8.266058959960937500e+02,
8.071210937500000000e+02,
8.008334350585937500e+02,
7.961801757812500000e+02,
8.022236328125000000e+02,
7.970885009765625000e+02,
7.900275268554687500e+02,
7.556545410156250000e+02,
7.313463745117187500e+02,
6.995738525390625000e+02,
6.790238037109375000e+02,
6.563984375000000000e+02,
6.514642944335937500e+02,
6.347573242187500000e+02,
6.261455078125000000e+02,
6.152700805664062500e+02,
5.931287841796875000e+02,
5.639713745117187500e+02,
5.487792968750000000e+02,
5.290942382812500000e+02,
5.146979980468750000e+02,
5.070503845214843750e+02,
5.127610473632812500e+02,
5.163996582031250000e+02,
5.239759521484375000e+02,
5.311801147460937500e+02,
5.313552856445312500e+02,
5.335299072265625000e+02,
5.346289672851562500e+02,
5.453107299804687500e+02,
5.712874145507812500e+02,
6.093953857421875000e+02,
6.444721679687500000e+02,
6.861778564453125000e+02,
7.062246093750000000e+02,
7.051071777343750000e+02,
6.854694824218750000e+02,
6.735155639648437500e+02,
6.534294433593750000e+02,
6.400122070312500000e+02,
6.459965209960937500e+02,
6.340728149414062500e+02,
6.119078369140625000e+02,
5.913160400390625000e+02,
5.713543090820312500e+02,
5.451798706054687500e+02,
5.266697998046875000e+02,
5.048278198242187500e+02,
5.033711547851562500e+02,
5.038657531738281250e+02,
4.977001037597656250e+02,
4.794537963867187500e+02,
4.722806091308593750e+02,
4.714460449218750000e+02,
4.741842346191406250e+02,
4.848131408691406250e+02,
4.966997680664062500e+02,
4.986566467285156250e+02,
5.029498901367187500e+02,
5.074111938476562500e+02,
5.155390014648437500e+02,
5.193131713867187500e+02,
5.193080444335937500e+02,
5.138353881835937500e+02,
5.061763000488281250e+02,
4.994657287597656250e+02,
4.984072265625000000e+02,
4.949669799804687500e+02,
4.936628723144531250e+02,
4.991165161132812500e+02,
5.031051025390625000e+02,
4.964153442382812500e+02,
4.893155212402343750e+02,
4.835572509765625000e+02,
4.879985046386718750e+02,
4.970816955566406250e+02,
5.079775085449218750e+02,
5.179117431640625000e+02,
5.295028076171875000e+02,
5.216629638671875000e+02,
5.143730468750000000e+02,
5.244010009765625000e+02,
5.290675048828125000e+02,
5.321959228515625000e+02,
5.514982299804687500e+02,
5.495527343750000000e+02,
5.536895751953125000e+02,
5.578372802734375000e+02,
5.623968505859375000e+02,
5.653746337890625000e+02,
5.635908813476562500e+02,
5.857945556640625000e+02,
6.016124877929687500e+02,
6.247687377929687500e+02,
6.565003051757812500e+02,
6.618264160156250000e+02,
6.492631835937500000e+02,
6.520671997070312500e+02,
6.604312133789062500e+02,
6.805887451171875000e+02,
6.847214965820312500e+02,
7.011480102539062500e+02,
7.036469726562500000e+02,
7.406267089843750000e+02,
7.233496704101562500e+02,
6.980825195312500000e+02,
6.371601562500000000e+02,
5.972817993164062500e+02,
5.746212768554687500e+02,
5.759855346679687500e+02,
5.767310791015625000e+02,
5.697321777343750000e+02,
5.737918090820312500e+02,
5.877619018554687500e+02,
6.031806030273437500e+02,
6.027276000976562500e+02,
5.974506225585937500e+02,
5.991721191406250000e+02,
5.902023925781250000e+02,
5.910230712890625000e+02,
5.922442626953125000e+02,
5.695750732421875000e+02,
5.630849609375000000e+02,
5.675716552734375000e+02,
5.744926757812500000e+02,
5.739249267578125000e+02,
5.750002441406250000e+02,
5.928878784179687500e+02,
6.208917236328125000e+02,
6.480407104492187500e+02,
6.695952148437500000e+02,
6.731257934570312500e+02,
6.643601684570312500e+02,
6.490029296875000000e+02,
6.271421508789062500e+02,
6.133708496093750000e+02,
6.045297851562500000e+02,
5.992805175781250000e+02,
5.932563476562500000e+02,
5.741708374023437500e+02,
5.510830078125000000e+02,
5.301346435546875000e+02,
5.107973937988281250e+02,
4.898220520019531250e+02,
4.586423339843750000e+02,
4.267688293457031250e+02,
4.044833068847656250e+02,
3.746977844238281250e+02,
3.537247009277343750e+02,
3.403188476562500000e+02,
3.338118896484375000e+02,
3.240134277343750000e+02,
3.237645568847656250e+02,
3.260720520019531250e+02,
3.312358093261718750e+02,
3.414109802246093750e+02,
3.505213012695312500e+02,
3.509279174804687500e+02,
3.660021972656250000e+02,
3.733733520507812500e+02,
3.808409729003906250e+02,
3.861121520996093750e+02,
3.879889831542968750e+02,
3.793194885253906250e+02,
3.721753540039062500e+02,
3.688676757812500000e+02,
3.636077880859375000e+02,
3.657863159179687500e+02,
3.664945983886718750e+02,
3.649165039062500000e+02,
3.640411987304687500e+02,
3.609235839843750000e+02,
3.604014587402343750e+02,
3.605542907714843750e+02,
3.575450439453125000e+02,
3.477514648437500000e+02,
3.427911987304687500e+02,
3.339123840332031250e+02,
3.268797912597656250e+02,
3.262976074218750000e+02,
3.287355957031250000e+02,
3.327368774414062500e+02,
3.372073364257812500e+02,
3.436557922363281250e+02,
3.439501953125000000e+02,
3.469920654296875000e+02,
3.496093750000000000e+02,
3.548074951171875000e+02,
3.595763244628906250e+02,
3.584387512207031250e+02,
3.600975646972656250e+02,
3.624209899902343750e+02,
3.663758850097656250e+02,
3.665274047851562500e+02,
3.652271118164062500e+02,
3.671279907226562500e+02,
3.696820983886718750e+02,
3.765343017578125000e+02,
3.778857727050781250e+02,
3.747903442382812500e+02,
3.744810180664062500e+02,
3.747109985351562500e+02,
3.696098632812500000e+02,
3.618763427734375000e+02,
3.596783447265625000e+02,
3.591294860839843750e+02,
3.591835327148437500e+02,
3.572494812011718750e+02,
3.559941406250000000e+02,
3.521282653808593750e+02,
3.479741210937500000e+02,
3.478076477050781250e+02,
3.485101013183593750e+02,
3.514138183593750000e+02,
3.467860717773437500e+02,
3.438728027343750000e+02,
3.460830993652343750e+02,
3.491955871582031250e+02,
3.469093933105468750e+02,
3.562003784179687500e+02,
3.646939392089843750e+02,
3.643158874511718750e+02,
3.671777038574218750e+02,
3.774439392089843750e+02,
3.761553039550781250e+02,
3.804454650878906250e+02,
3.802478942871093750e+02,
3.785070495605468750e+02,
3.768533020019531250e+02,
3.749495544433593750e+02,
3.748720092773437500e+02,
3.801018066406250000e+02,
3.782550659179687500e+02,
3.806093444824218750e+02,
3.809326477050781250e+02,
3.803960571289062500e+02,
3.830556335449218750e+02,
3.830951232910156250e+02,
3.830711975097656250e+02,
3.800069580078125000e+02,
3.780057983398437500e+02,
3.760783081054687500e+02,
3.711788635253906250e+02,
3.621621398925781250e+02,
3.545507202148437500e+02,
3.478757324218750000e+02,
3.416166076660156250e+02,
3.411390380859375000e+02,
3.451352844238281250e+02,
3.448371887207031250e+02,
3.512127990722656250e+02,
3.542328796386718750e+02,
3.546660766601562500e+02,
3.589440612792968750e+02,
3.671213378906250000e+02,
3.734930114746093750e+02,
3.732324523925781250e+02,
3.782170715332031250e+02,
3.777805480957031250e+02,
3.847207641601562500e+02,
3.891518249511718750e+02,
3.944978027343750000e+02,
3.952687988281250000e+02,
3.975253601074218750e+02,
3.974382019042968750e+02,
3.958277587890625000e+02,
3.998998718261718750e+02,
3.963507080078125000e+02,
3.872639160156250000e+02,
3.813360290527343750e+02,
3.826467285156250000e+02,
3.800873107910156250e+02,
3.776379394531250000e+02,
3.744695129394531250e+02,
3.715381774902343750e+02,
3.702835083007812500e+02,
3.715328063964843750e+02,
3.740125732421875000e+02,
3.734997253417968750e+02,
3.743755493164062500e+02,
3.758525085449218750e+02,
3.805006713867187500e+02,
3.817068786621093750e+02,
3.780572814941406250e+02,
3.808318481445312500e+02,
3.778848571777343750e+02,
3.722995910644531250e+02,
3.727957153320312500e+02,
3.739586486816406250e+02,
3.786227111816406250e+02,
3.851217041015625000e+02,
3.863330993652343750e+02,
3.905548706054687500e+02,
3.859576416015625000e+02,
3.808701477050781250e+02,
3.715158081054687500e+02,
3.663390808105468750e+02,
3.657997131347656250e+02,
3.533633117675781250e+02,
3.530079650878906250e+02,
3.456285095214843750e+02,
3.467106323242187500e+02,
3.416487731933593750e+02,
3.458620910644531250e+02,
3.445227661132812500e+02,
3.407635498046875000e+02,
3.408453369140625000e+02,
3.421357421875000000e+02,
3.424642028808593750e+02,
3.449557800292968750e+02,
3.452668457031250000e+02,
3.447399597167968750e+02,
3.456039428710937500e+02,
3.452490539550781250e+02,
3.432071228027343750e+02,
3.411780700683593750e+02,
3.393462829589843750e+02,
3.372733764648437500e+02,
3.369346923828125000e+02,
3.331830139160156250e+02,
3.300755004882812500e+02,
3.279784851074218750e+02,
3.271599731445312500e+02,
3.307104492187500000e+02,
3.361654663085937500e+02,
3.487197570800781250e+02,
3.606021728515625000e+02,
3.691429138183593750e+02,
3.801689453125000000e+02,
3.820127258300781250e+02,
3.855551757812500000e+02,
3.858948974609375000e+02,
3.837978210449218750e+02,
3.787053833007812500e+02,
3.839531860351562500e+02,
3.997162780761718750e+02,
4.159798889160156250e+02,
4.325250549316406250e+02,
4.453171081542968750e+02,
4.447593078613281250e+02,
4.436044616699218750e+02,
4.491530761718750000e+02,
4.509132385253906250e+02,
4.565042724609375000e+02,
4.664459533691406250e+02,
4.741737670898437500e+02,
4.773456115722656250e+02,
4.865801086425781250e+02,
4.908873901367187500e+02,
5.042819519042968750e+02,
5.171868896484375000e+02,
5.286789550781250000e+02,
5.376361694335937500e+02,
5.338015136718750000e+02,
5.364403686523437500e+02,
5.274574584960937500e+02,
5.138969116210937500e+02,
4.912439270019531250e+02,
4.570751647949218750e+02,
4.220572204589843750e+02,
3.839999084472656250e+02,
3.535515747070312500e+02,
3.339878234863281250e+02,
3.225316772460937500e+02,
3.186526489257812500e+02,
3.153142700195312500e+02,
3.133805847167968750e+02,
3.178208007812500000e+02,
3.194690246582031250e+02,
3.232986145019531250e+02,
3.260578918457031250e+02,
3.270164489746093750e+02,
3.294239807128906250e+02,
3.294265136718750000e+02,
3.262054138183593750e+02,
3.217957153320312500e+02,
3.166002197265625000e+02,
3.124170227050781250e+02,
3.104886169433593750e+02,
3.091266174316406250e+02,
3.111709594726562500e+02,
3.120632019042968750e+02,
3.140883178710937500e+02,
3.155844116210937500e+02,
3.150142211914062500e+02,
3.153964233398437500e+02,
3.124997558593750000e+02,
3.094810485839843750e+02,
3.067665710449218750e+02,
3.022780761718750000e+02,
3.012862243652343750e+02,
3.009265136718750000e+02,
3.030438842773437500e+02,
3.032243957519531250e+02,
3.041508789062500000e+02,
3.032738647460937500e+02,
3.036454467773437500e+02,
3.057869567871093750e+02,
3.086870117187500000e+02,
3.117097167968750000e+02,
3.131322326660156250e+02,
3.131726989746093750e+02,
3.136193847656250000e+02,
3.145587768554687500e+02,
3.146630859375000000e+02,
3.112978820800781250e+02,
3.114941711425781250e+02,
3.106298828125000000e+02,
3.091342468261718750e+02,
3.122562255859375000e+02,
3.137744445800781250e+02,
3.197719116210937500e+02,
3.229822387695312500e+02,
3.243220214843750000e+02,
3.271792907714843750e+02,
3.296575622558593750e+02,
3.287611389160156250e+02,
3.285663452148437500e+02,
3.240812683105468750e+02,
3.299746093750000000e+02,
3.359049682617187500e+02,
3.419162902832031250e+02,
3.514705200195312500e+02,
3.476481628417968750e+02,
3.445274963378906250e+02,
3.408444213867187500e+02,
3.342907409667968750e+02,
3.239517822265625000e+02,
3.169414062500000000e+02,
3.138116760253906250e+02,
3.152261352539062500e+02,
3.138312988281250000e+02,
3.130869445800781250e+02,
3.155220031738281250e+02,
3.210548095703125000e+02,
3.230704650878906250e+02,
3.205991516113281250e+02,
3.187843933105468750e+02,
3.191036376953125000e+02,
3.193747558593750000e+02,
3.208136596679687500e+02,
3.204536743164062500e+02,
3.157294311523437500e+02,
3.083306884765625000e+02,
3.040198669433593750e+02,
3.038270263671875000e+02,
2.977520751953125000e+02,
2.953941345214843750e+02,
2.949131164550781250e+02,
2.957717895507812500e+02,
2.959918823242187500e+02,
2.967080383300781250e+02,
2.983999023437500000e+02,
2.957388610839843750e+02,
2.952533569335937500e+02,
2.927002258300781250e+02,
2.925058288574218750e+02,
2.948088378906250000e+02,
2.990723571777343750e+02,
2.998026123046875000e+02,
3.047116088867187500e+02,
3.078500061035156250e+02,
3.091131896972656250e+02,
3.093904113769531250e+02,
3.104524841308593750e+02,
3.049853820800781250e+02,
2.989947204589843750e+02,
2.965803833007812500e+02,
2.903540649414062500e+02,
2.896008605957031250e+02,
2.871589355468750000e+02,
2.854798889160156250e+02,
2.845458679199218750e+02,
2.836579895019531250e+02,
2.841005554199218750e+02,
2.849067382812500000e+02,
2.836359863281250000e+02,
2.819226989746093750e+02,
2.811489562988281250e+02,
2.813609313964843750e+02,
2.805195007324218750e+02,
2.777602233886718750e+02,
2.756001892089843750e+02,
2.750545654296875000e+02,
2.730809631347656250e+02,
2.721420898437500000e+02,
2.726649475097656250e+02,
2.742035522460937500e+02,
2.757602233886718750e+02,
2.798398132324218750e+02,
2.810756530761718750e+02,
2.837901000976562500e+02,
2.878087158203125000e+02,
2.893072204589843750e+02,
2.896492614746093750e+02,
2.905563659667968750e+02,
2.907347106933593750e+02,
2.889313964843750000e+02,
2.874235229492187500e+02,
2.864394531250000000e+02,
2.859397583007812500e+02,
2.857372741699218750e+02,
2.873805541992187500e+02,
2.865127258300781250e+02,
2.850879821777343750e+02,
2.852619934082031250e+02,
2.847213745117187500e+02,
2.836948852539062500e+02,
2.838126831054687500e+02,
2.829028015136718750e+02,
2.840062866210937500e+02,
2.836252136230468750e+02,
2.843515625000000000e+02,
2.851375732421875000e+02,
2.857077331542968750e+02,
2.844094238281250000e+02,
2.832967834472656250e+02,
2.825593566894531250e+02,
2.821041870117187500e+02,
2.815291137695312500e+02,
2.790187683105468750e+02,
2.785297241210937500e+02,
2.782076416015625000e+02,
2.787455444335937500e+02,
2.785018310546875000e+02,
2.762663269042968750e+02,
2.759289245605468750e+02,
2.760844116210937500e+02,
2.767807617187500000e+02,
2.763532104492187500e+02,
2.770070190429687500e+02,
2.788398742675781250e+02,
2.783889770507812500e+02,
2.799735717773437500e+02,
2.794640197753906250e+02,
2.780242309570312500e+02,
2.781997375488281250e+02,
2.790500488281250000e+02,
2.774176025390625000e+02,
2.778207702636718750e+02,
2.783082580566406250e+02,
2.778127136230468750e+02,
2.819279479980468750e+02,
2.816171264648437500e+02,
2.823794250488281250e+02,
2.815653381347656250e+02,
2.806253356933593750e+02,
2.798833007812500000e+02,
2.793534545898437500e+02,
2.783812866210937500e+02,
2.778217163085937500e+02,
2.755029296875000000e+02,
2.741609802246093750e+02,
2.748261108398437500e+02,
2.802257995605468750e+02,
2.813343200683593750e+02,
2.859007568359375000e+02,
2.871340332031250000e+02,
2.889560852050781250e+02,
2.932061462402343750e+02,
2.944330444335937500e+02,
2.937877807617187500e+02,
2.938566894531250000e+02,
2.927350463867187500e+02,
2.919942321777343750e+02,
2.897943420410156250e+02,
2.864590454101562500e+02,
2.844834899902343750e+02,
2.829339599609375000e+02,
2.825077819824218750e+02,
2.811797180175781250e+02,
2.792426452636718750e+02,
2.801358642578125000e+02,
2.824584655761718750e+02,
2.795436706542968750e+02,
2.831482849121093750e+02,
2.809136047363281250e+02,
2.835142517089843750e+02,
2.823157653808593750e+02,
2.851734924316406250e+02,
2.858909301757812500e+02,
2.848086242675781250e+02,
2.866305541992187500e+02,
5.359921264648437500e+02,
5.262698364257812500e+02,
5.287867431640625000e+02,
5.484207153320312500e+02,
5.074789733886718750e+02,
5.209114379882812500e+02,
5.224729003906250000e+02,
5.196702270507812500e+02,
5.015838928222656250e+02,
4.896307067871093750e+02,
4.676954345703125000e+02,
4.466240234375000000e+02,
4.256678771972656250e+02,
4.143049011230468750e+02,
4.096192932128906250e+02,
4.129935607910156250e+02,
4.177030334472656250e+02,
4.217301635742187500e+02,
4.299261779785156250e+02,
4.345467224121093750e+02,
4.315150451660156250e+02,
4.298285827636718750e+02,
4.342656250000000000e+02,
4.365058288574218750e+02,
4.419703369140625000e+02,
4.552685241699218750e+02,
4.703565979003906250e+02,
5.148326416015625000e+02,
5.491766967773437500e+02,
5.973273925781250000e+02,
6.578502197265625000e+02,
6.831016845703125000e+02,
6.762559814453125000e+02,
6.741680908203125000e+02,
6.796389160156250000e+02,
7.042003784179687500e+02,
7.722814941406250000e+02,
8.969190063476562500e+02,
1.026612182617187500e+03,
1.061856201171875000e+03,
1.048986328125000000e+03,
1.072224365234375000e+03,
1.060825683593750000e+03,
1.008744750976562500e+03,
1.008724304199218750e+03,
1.003196777343750000e+03,
9.708989868164062500e+02,
9.587902221679687500e+02,
9.441636962890625000e+02,
9.048945312500000000e+02,
8.780609130859375000e+02,
8.206557617187500000e+02,
7.578558349609375000e+02,
7.182607421875000000e+02,
6.823937377929687500e+02,
6.588734130859375000e+02,
6.197152099609375000e+02,
5.994711303710937500e+02,
5.980059814453125000e+02,
5.958632202148437500e+02,
6.126222534179687500e+02,
6.651155395507812500e+02,
7.133975219726562500e+02,
7.311134033203125000e+02,
7.775408935546875000e+02,
7.987012329101562500e+02,
7.616655273437500000e+02,
7.046016845703125000e+02,
6.625036010742187500e+02,
6.230492553710937500e+02,
6.010964355468750000e+02,
5.724212036132812500e+02,
5.571988525390625000e+02,
5.448908081054687500e+02,
5.350752563476562500e+02,
5.560347290039062500e+02,
5.869096679687500000e+02,
5.927186279296875000e+02,
5.894099731445312500e+02,
5.655156860351562500e+02,
5.561219482421875000e+02,
5.572316284179687500e+02,
5.590126953125000000e+02,
5.799523925781250000e+02,
5.868845214843750000e+02,
5.881854248046875000e+02,
5.976108398437500000e+02,
5.988107299804687500e+02,
6.019575195312500000e+02,
6.268292236328125000e+02,
6.432265625000000000e+02,
6.952857055664062500e+02,
7.528155517578125000e+02,
7.958322753906250000e+02,
8.404156494140625000e+02,
8.062119140625000000e+02,
7.881467285156250000e+02,
8.422595214843750000e+02,
8.744588623046875000e+02,
8.638380126953125000e+02,
7.873892822265625000e+02,
6.983498535156250000e+02,
6.808563232421875000e+02,
6.921066894531250000e+02,
6.968666992187500000e+02,
6.999350585937500000e+02,
6.850035400390625000e+02,
6.644914550781250000e+02,
6.679809570312500000e+02,
6.901416015625000000e+02,
7.120729980468750000e+02,
7.015277099609375000e+02,
7.016707153320312500e+02,
7.222271118164062500e+02,
6.945197753906250000e+02,
6.500812377929687500e+02,
6.197070312500000000e+02,
5.828404541015625000e+02,
5.306663208007812500e+02,
4.716100769042968750e+02,
4.248296203613281250e+02,
3.749130859375000000e+02,
3.514500427246093750e+02,
3.514688415527343750e+02,
3.537494506835937500e+02,
3.745116577148437500e+02,
3.952139892578125000e+02,
4.075185241699218750e+02,
4.086340332031250000e+02,
4.110911254882812500e+02,
4.033588562011718750e+02,
3.998441467285156250e+02,
3.898754577636718750e+02,
3.756570129394531250e+02,
3.671370544433593750e+02,
3.555147094726562500e+02,
3.486276855468750000e+02,
3.504201965332031250e+02,
3.582611694335937500e+02,
3.638415527343750000e+02,
3.684765319824218750e+02,
3.723185424804687500e+02,
3.750152587890625000e+02,
3.773740234375000000e+02,
3.843304443359375000e+02,
3.861390075683593750e+02,
3.823519897460937500e+02,
3.819444885253906250e+02,
3.769297485351562500e+02,
3.664776611328125000e+02,
3.615389099121093750e+02,
3.586750183105468750e+02,
3.567933654785156250e+02,
3.539884338378906250e+02,
3.599869689941406250e+02,
3.656574401855468750e+02,
3.766737670898437500e+02,
3.810571289062500000e+02,
3.902063598632812500e+02,
3.958436279296875000e+02,
4.006810607910156250e+02,
4.042858886718750000e+02,
4.058426208496093750e+02,
4.075473632812500000e+02,
4.104756164550781250e+02,
4.086435241699218750e+02,
4.014093017578125000e+02,
3.898217163085937500e+02,
3.816098937988281250e+02,
3.723788757324218750e+02,
3.646557922363281250e+02,
3.588679199218750000e+02,
3.695321655273437500e+02,
3.842736511230468750e+02,
3.944083251953125000e+02,
4.044045104980468750e+02,
4.060703125000000000e+02,
4.159028625488281250e+02,
4.234141845703125000e+02,
4.162587280273437500e+02,
4.124713439941406250e+02,
4.089023742675781250e+02,
3.961968688964843750e+02,
3.901038208007812500e+02,
3.903527221679687500e+02,
3.896747741699218750e+02,
3.983233947753906250e+02,
4.068573303222656250e+02,
4.055063781738281250e+02,
4.023113403320312500e+02,
4.065198059082031250e+02,
4.073999938964843750e+02,
4.086782531738281250e+02,
4.091148986816406250e+02,
4.047263793945312500e+02,
3.952707824707031250e+02,
3.822506408691406250e+02,
3.685462036132812500e+02,
3.624526367187500000e+02,
3.619507446289062500e+02,
3.685837402343750000e+02,
3.682747802734375000e+02,
3.661800537109375000e+02,
3.701522521972656250e+02,
3.669955444335937500e+02,
3.587507934570312500e+02,
3.581039428710937500e+02,
3.662835388183593750e+02,
3.748480529785156250e+02,
3.817724609375000000e+02,
3.934346618652343750e+02,
4.070846252441406250e+02,
4.141812438964843750e+02,
4.253017578125000000e+02,
4.440121765136718750e+02,
4.593104858398437500e+02,
4.787245483398437500e+02,
4.950295715332031250e+02,
5.046855468750000000e+02,
5.229036254882812500e+02,
5.408648681640625000e+02,
5.480614013671875000e+02,
5.558296508789062500e+02,
5.565711059570312500e+02,
5.324645996093750000e+02,
4.859963684082031250e+02,
4.325510253906250000e+02,
3.857035827636718750e+02,
3.444468383789062500e+02,
3.280169677734375000e+02,
3.246682128906250000e+02,
3.278614501953125000e+02,
3.267558288574218750e+02,
3.267016296386718750e+02,
3.238430480957031250e+02,
3.203760375976562500e+02,
3.171879882812500000e+02,
3.165130004882812500e+02,
3.146768798828125000e+02,
3.117784423828125000e+02,
3.094505004882812500e+02,
3.069090881347656250e+02,
3.046387023925781250e+02,
3.038594360351562500e+02,
3.075471496582031250e+02,
3.124888305664062500e+02,
3.131487426757812500e+02,
3.146089172363281250e+02,
3.148360900878906250e+02,
3.129547729492187500e+02,
3.168362426757812500e+02,
3.216122131347656250e+02,
3.326785888671875000e+02,
3.310520935058593750e+02,
3.345973815917968750e+02,
3.467898864746093750e+02,
3.547092590332031250e+02,
3.613512573242187500e+02,
3.621075439453125000e+02,
3.635480041503906250e+02,
3.572810058593750000e+02,
3.516629028320312500e+02,
3.558470153808593750e+02,
3.556347351074218750e+02,
3.550648193359375000e+02,
3.633468322753906250e+02,
3.597845153808593750e+02,
3.454542236328125000e+02,
3.374624328613281250e+02,
3.314854125976562500e+02,
3.213561706542968750e+02,
3.191898498535156250e+02,
3.140273132324218750e+02,
3.095865783691406250e+02,
3.096742248535156250e+02,
3.068499450683593750e+02,
3.094611816406250000e+02,
3.148473205566406250e+02,
3.171726074218750000e+02,
3.129463806152343750e+02,
3.047425537109375000e+02,
2.971775817871093750e+02,
2.916746215820312500e+02,
2.862425842285156250e+02,
2.841502380371093750e+02,
2.832553710937500000e+02,
2.805606079101562500e+02,
2.773654174804687500e+02,
2.758876647949218750e+02,
2.742150878906250000e+02,
2.785247192382812500e+02,
2.828315124511718750e+02,
2.883820800781250000e+02,
2.907226257324218750e+02,
2.921503295898437500e+02,
2.934831237792968750e+02,
2.908676757812500000e+02,
2.874113159179687500e+02,
2.864529113769531250e+02,
2.849787597656250000e+02,
2.855929870605468750e+02,
2.834634399414062500e+02,
2.849216003417968750e+02,
2.843915100097656250e+02,
2.839804687500000000e+02,
2.820561218261718750e+02,
2.830221252441406250e+02,
2.794211120605468750e+02,
2.782649536132812500e+02,
2.768063659667968750e+02,
2.776112365722656250e+02,
2.786858215332031250e+02,
2.809151306152343750e+02,
2.834263610839843750e+02,
2.840315856933593750e+02,
2.818842163085937500e+02,
2.817872619628906250e+02,
2.828422241210937500e+02,
2.849680175781250000e+02,
2.859098510742187500e+02,
2.844726562500000000e+02,
2.830268859863281250e+02,
2.840511474609375000e+02,
2.860899963378906250e+02,
2.906590881347656250e+02,
2.964089965820312500e+02,
2.979178466796875000e+02,
3.034750671386718750e+02,
3.044841918945312500e+02,
3.013186645507812500e+02,
2.947893676757812500e+02,
2.902358398437500000e+02,
2.897218627929687500e+02,
2.911567077636718750e+02,
2.921664733886718750e+02,
2.930885620117187500e+02,
2.913919982910156250e+02,
6.031808471679687500e+02,
6.274477539062500000e+02,
6.274250488281250000e+02,
6.094708862304687500e+02,
5.581162719726562500e+02,
5.370108642578125000e+02,
4.984307861328125000e+02,
4.689837036132812500e+02,
4.505788879394531250e+02,
4.397208862304687500e+02,
4.514733581542968750e+02,
4.593583374023437500e+02,
4.612402038574218750e+02,
4.610629882812500000e+02,
4.644517517089843750e+02,
4.721182556152343750e+02,
5.007652587890625000e+02,
5.494287719726562500e+02,
6.091159057617187500e+02,
6.699106445312500000e+02,
7.014647216796875000e+02,
7.414521484375000000e+02,
7.835406494140625000e+02,
8.952098999023437500e+02,
1.089568847656250000e+03,
1.182120483398437500e+03,
1.192912719726562500e+03,
1.174013183593750000e+03,
1.225910766601562500e+03,
1.192245361328125000e+03,
1.114756347656250000e+03,
1.072296997070312500e+03,
1.021604370117187500e+03,
9.479216918945312500e+02,
8.727394409179687500e+02,
7.738388671875000000e+02,
7.285471191406250000e+02,
7.007343139648437500e+02,
6.610428466796875000e+02,
7.008927612304687500e+02,
7.610346679687500000e+02,
7.851251831054687500e+02,
8.440743408203125000e+02,
8.598931884765625000e+02,
7.984540405273437500e+02,
7.526564331054687500e+02,
6.997473754882812500e+02,
6.671349487304687500e+02,
6.420430297851562500e+02,
6.391745605468750000e+02,
6.385513916015625000e+02,
6.446901245117187500e+02,
6.294904174804687500e+02,
6.082286376953125000e+02,
6.275419311523437500e+02,
6.417052001953125000e+02,
6.619703369140625000e+02,
6.572191162109375000e+02,
6.789039306640625000e+02,
7.433508300781250000e+02,
8.762001953125000000e+02,
9.400745849609375000e+02,
9.724272460937500000e+02,
9.774788208007812500e+02,
9.745476074218750000e+02,
1.017998291015625000e+03,
9.769332275390625000e+02,
8.558316040039062500e+02,
7.951616821289062500e+02,
7.796250610351562500e+02,
7.732298583984375000e+02,
7.604033203125000000e+02,
7.745233764648437500e+02,
7.574838867187500000e+02,
7.266470947265625000e+02,
7.271915283203125000e+02,
6.941831665039062500e+02,
6.132877807617187500e+02,
5.498259887695312500e+02,
4.753777770996093750e+02,
4.182443847656250000e+02,
3.830019531250000000e+02,
3.947835693359375000e+02,
4.169324340820312500e+02,
4.335934753417968750e+02,
4.450095214843750000e+02,
4.334844665527343750e+02,
4.155743713378906250e+02,
3.948014526367187500e+02,
3.778857421875000000e+02,
3.708020019531250000e+02,
3.696701049804687500e+02,
3.724882202148437500e+02,
3.812963867187500000e+02,
3.855778198242187500e+02,
3.927113952636718750e+02,
3.942185363769531250e+02,
3.943366394042968750e+02,
3.887215881347656250e+02,
3.756168823242187500e+02,
3.679664306640625000e+02,
3.683994750976562500e+02,
3.763999938964843750e+02,
3.858064270019531250e+02,
3.935920104980468750e+02,
4.033094787597656250e+02,
4.170556640625000000e+02,
4.220513000488281250e+02,
4.215002441406250000e+02,
4.191814880371093750e+02,
4.112088928222656250e+02,
4.000936279296875000e+02,
3.894311218261718750e+02,
3.866178894042968750e+02,
3.901961059570312500e+02,
4.069576721191406250e+02,
4.207119750976562500e+02,
4.314145507812500000e+02,
4.330122375488281250e+02,
4.335316162109375000e+02,
4.257662353515625000e+02,
4.132088623046875000e+02,
4.119859924316406250e+02,
4.181513977050781250e+02,
4.225740356445312500e+02,
4.289252014160156250e+02,
4.355790100097656250e+02,
4.351325988769531250e+02,
4.256640625000000000e+02,
4.279902954101562500e+02,
4.111914672851562500e+02,
3.956525268554687500e+02,
3.971445312500000000e+02,
3.934132995605468750e+02,
3.962606811523437500e+02,
3.854940185546875000e+02,
3.894968872070312500e+02,
3.962349243164062500e+02,
4.070481262207031250e+02,
4.145497741699218750e+02,
4.282451171875000000e+02,
4.599061889648437500e+02,
4.711265869140625000e+02,
4.968805847167968750e+02,
5.203527221679687500e+02,
5.492711181640625000e+02,
5.693676757812500000e+02,
5.810258789062500000e+02,
5.512934570312500000e+02,
5.067367858886718750e+02,
4.461099853515625000e+02,
3.949497070312500000e+02,
3.485372314453125000e+02,
3.324371337890625000e+02,
3.269393920898437500e+02,
3.269031982421875000e+02,
3.255989685058593750e+02,
3.208027038574218750e+02,
3.136291503906250000e+02,
3.117023315429687500e+02,
3.099603271484375000e+02,
3.086148986816406250e+02,
3.114538269042968750e+02,
3.147081909179687500e+02,
3.139864501953125000e+02,
3.207886047363281250e+02,
3.299381103515625000e+02,
3.366869201660156250e+02,
3.365191345214843750e+02,
3.573504943847656250e+02,
3.727598876953125000e+02,
3.775704956054687500e+02,
3.852271118164062500e+02,
3.976567993164062500e+02,
3.999694519042968750e+02,
3.977614440917968750e+02,
4.004017944335937500e+02,
3.884917297363281250e+02,
3.747062072753906250e+02,
3.618442687988281250e+02,
3.438381347656250000e+02,
3.325090942382812500e+02,
3.264157714843750000e+02,
3.315843200683593750e+02,
3.195136718750000000e+02,
3.178397827148437500e+02,
3.120409851074218750e+02,
3.016089477539062500e+02,
2.940447082519531250e+02,
2.854997863769531250e+02,
2.817143554687500000e+02,
2.784312744140625000e+02,
2.800984191894531250e+02,
2.839354858398437500e+02,
2.867716979980468750e+02,
2.927363891601562500e+02,
2.933107604980468750e+02,
2.913269958496093750e+02,
2.860794677734375000e+02,
2.866149597167968750e+02,
2.843515319824218750e+02,
2.828726501464843750e+02,
2.831909790039062500e+02,
2.823165588378906250e+02,
2.805141296386718750e+02,
2.778579406738281250e+02,
2.820042114257812500e+02,
2.853840332031250000e+02,
2.862272949218750000e+02,
2.875511169433593750e+02,
2.884277038574218750e+02,
2.881827697753906250e+02,
2.881966247558593750e+02,
2.888343811035156250e+02,
2.935377807617187500e+02,
3.002942810058593750e+02,
3.024685974121093750e+02,
3.084760742187500000e+02,
3.077914428710937500e+02,
3.074401550292968750e+02,
3.036997375488281250e+02,
3.018348693847656250e+02,
3.015766906738281250e+02,
