-5.887017846107482910e-01,
-5.920869708061218262e-01,
-5.867925882339477539e-01,
-5.845545530319213867e-01,
-5.879040956497192383e-01,
-5.893340706825256348e-01,
-5.678554773330688477e-01,
-5.342080593109130859e-01,
-5.209033489227294922e-01,
-5.113902091979980469e-01,
-5.229504108428955078e-01,
-5.376096963882446289e-01,
-5.549018383026123047e-01,
-5.654073953628540039e-01,
-5.624127388000488281e-01,
-5.542482137680053711e-01,
-5.414032340049743652e-01,
-5.301609039306640625e-01,
-5.263932347297668457e-01,
-5.306672453880310059e-01,
-5.309517383575439453e-01,
-5.290693044662475586e-01,
-5.219013690948486328e-01,
-5.091388225555419922e-01,
-4.963193535804748535e-01,
-4.885374009609222412e-01,
-4.818323254585266113e-01,
-4.781882464885711670e-01,
-4.786459803581237793e-01,
-4.845694601535797119e-01,
-4.860335886478424072e-01,
-4.909833669662475586e-01,
-4.941021800041198730e-01,
-4.970364272594451904e-01,
-4.983097016811370850e-01,
-5.000791549682617188e-01,
-5.046178102493286133e-01,
-5.089323520660400391e-01,
-5.106629133224487305e-01,
-5.108158588409423828e-01,
-5.091933608055114746e-01,
-5.081520676612854004e-01,
-5.074236989021301270e-01,
-5.090430974960327148e-01,
-5.126259326934814453e-01,
-5.144771933555603027e-01,
-5.157945752143859863e-01,
-5.160742998123168945e-01,
-5.165249109268188477e-01,
-5.192656517028808594e-01,
-5.264673233032226562e-01,
-5.326825380325317383e-01,
-5.378522872924804688e-01,
-5.423312187194824219e-01,
-5.444024801254272461e-01,
-5.444871187210083008e-01,
-5.431160926818847656e-01,
-5.418786406517028809e-01,
-5.408556461334228516e-01,
-5.404738187789916992e-01,
-5.401526093482971191e-01,
-5.405914783477783203e-01,
-5.401230454444885254e-01,
-5.401661396026611328e-01,
-5.387536287307739258e-01,
-5.387084484100341797e-01,
-5.385330915451049805e-01,
-5.398050546646118164e-01,
-5.412629842758178711e-01,
-5.430119037628173828e-01,
-5.432228446006774902e-01,
-5.427026152610778809e-01,
-5.431467294692993164e-01,
-5.431619882583618164e-01,
-5.430656671524047852e-01,
-5.426172018051147461e-01,
-5.400533676147460938e-01,
-5.365606546401977539e-01,
-5.341565012931823730e-01,
-5.320769548416137695e-01,
-5.311427712440490723e-01,
-5.316529273986816406e-01,
-5.304588675498962402e-01,
-5.310348868370056152e-01,
-5.318017005920410156e-01,
-5.339147448539733887e-01,
-5.317450761795043945e-01,
-5.316268205642700195e-01,
-5.296055674552917480e-01,
-5.268242359161376953e-01,
-5.250568389892578125e-01,
-5.257871150970458984e-01,
-5.264860391616821289e-01,
-5.274518728256225586e-01,
-5.267572402954101562e-01,
-5.258077979087829590e-01,
-5.244379639625549316e-01,
-5.223350524902343750e-01,
-5.212714076042175293e-01,
-5.217532515525817871e-01,
-5.205432176589965820e-01,
-5.208886861801147461e-01,
-5.203828215599060059e-01,
-5.190114974975585938e-01,
-5.154745578765869141e-01,
-5.151114463806152344e-01,
-5.108837485313415527e-01,
-5.109108686447143555e-01,
-5.131462812423706055e-01,
-5.148854255676269531e-01,
-5.177392959594726562e-01,
-5.211637020111083984e-01,
-5.239809155464172363e-01,
-5.231092572212219238e-01,
-5.237750411033630371e-01,
-5.240706205368041992e-01,
-5.243103504180908203e-01,
-5.247989892959594727e-01,
-5.252261757850646973e-01,
-5.261168479919433594e-01,
-5.263451337814331055e-01,
-5.270378589630126953e-01,
-5.262581110000610352e-01,
-5.229550600051879883e-01,
-5.209445357322692871e-01,
-5.213432908058166504e-01,
-5.223066806793212891e-01,
-5.253226161003112793e-01,
-5.272301435470581055e-01,
-5.278652906417846680e-01,
-5.280271172523498535e-01,
-5.256233215332031250e-01,
-5.219683647155761719e-01,
-5.213420987129211426e-01,
-5.193966627120971680e-01,
-5.186238288879394531e-01,
-5.171937942504882812e-01,
-5.174615979194641113e-01,
-5.164000988006591797e-01,
-5.171893835067749023e-01,
-5.180816054344177246e-01,
-5.195582509040832520e-01,
-5.202931761741638184e-01,
-5.202775001525878906e-01,
-5.207653045654296875e-01,
-5.211220979690551758e-01,
-5.218244791030883789e-01,
-5.234968662261962891e-01,
-5.235027074813842773e-01,
-5.233826637268066406e-01,
-5.226144194602966309e-01,
-5.221279859542846680e-01,
-4.261834025382995605e-01,
-1.595344692468643188e-01,
1.508066952228546143e-01,
4.515514969825744629e-01,
7.167708277702331543e-01,
8.220370411872863770e-01,
8.439874649047851562e-01,
8.393154144287109375e-01,
7.224999666213989258e-01,
4.828399717807769775e-01,
1.240030005574226379e-01,
-2.276050299406051636e-01,
-4.798610508441925049e-01,
-4.991643726825714111e-01,
-5.087196826934814453e-01,
-5.221768617630004883e-01,
-5.372336506843566895e-01,
-5.434478521347045898e-01,
-5.482596158981323242e-01,
-5.521494150161743164e-01,
-5.534313917160034180e-01,
-5.533620119094848633e-01,
-5.521478652954101562e-01,
-5.507035255432128906e-01,
-5.475797653198242188e-01,
-5.445718169212341309e-01,
-5.415836572647094727e-01,
-5.391480922698974609e-01,
-5.397700071334838867e-01,
-5.412126183509826660e-01,
-5.429344177246093750e-01,
-5.456296205520629883e-01,
-5.487064719200134277e-01,
-5.522681474685668945e-01,
-5.540453791618347168e-01,
-5.562793016433715820e-01,
-5.584022402763366699e-01,
-5.612654685974121094e-01,
-5.630506277084350586e-01,
-5.620942115783691406e-01,
-5.598731040954589844e-01,
-5.568530559539794922e-01,
-5.539013743400573730e-01,
-5.500916242599487305e-01,
-5.494165420532226562e-01,
-5.498231649398803711e-01,
-5.503482222557067871e-01,
-5.511053204536437988e-01,
-5.508152246475219727e-01,
-5.510281324386596680e-01,
-5.515197515487670898e-01,
-5.521917343139648438e-01,
-5.519691705703735352e-01,
-5.563321113586425781e-01,
-5.573775172233581543e-01,
-5.564764142036437988e-01,
-5.567638874053955078e-01,
-5.545810461044311523e-01,
-5.514182448387145996e-01,
-5.488508939743041992e-01,
-5.476551651954650879e-01,
-5.470675230026245117e-01,
-5.477856397628784180e-01,
-5.464749336242675781e-01,
-5.470366477966308594e-01,
-5.482337474822998047e-01,
-5.486723184585571289e-01,
-5.463324785232543945e-01,
-5.476483106613159180e-01,
-5.470412969589233398e-01,
-5.466464757919311523e-01,
-5.495861768722534180e-01,
-5.512567758560180664e-01,
-5.530964136123657227e-01,
-5.538969039916992188e-01,
-5.545372962951660156e-01,
-5.518205165863037109e-01,
-5.511549711227416992e-01,
-5.503089427947998047e-01,
-5.468226671218872070e-01,
-5.498105287551879883e-01,
-5.516394972801208496e-01,
-5.556408166885375977e-01,
-5.565118789672851562e-01,
-5.584321022033691406e-01,
-5.589916706085205078e-01,
-5.585099458694458008e-01,
-5.578478574752807617e-01,
-5.574028491973876953e-01,
-5.576273202896118164e-01,
-5.585675239562988281e-01,
-5.583481788635253906e-01,
-5.592137575149536133e-01,
-5.586499571800231934e-01,
-5.585238933563232422e-01,
-5.590322017669677734e-01,
-5.596475601196289062e-01,
-5.599817037582397461e-01,
-5.598464608192443848e-01,
-5.595440864562988281e-01,
-5.569663643836975098e-01,
-5.547404289245605469e-01,
-5.510031580924987793e-01,
-5.487177371978759766e-01,
-5.455187559127807617e-01,
-5.452438592910766602e-01,
-5.445190072059631348e-01,
-5.458775758743286133e-01,
-5.482856631278991699e-01,
-5.501480102539062500e-01,
-5.516020059585571289e-01,
-5.506042242050170898e-01,
-5.494310855865478516e-01,
-5.490030050277709961e-01,
-5.481486320495605469e-01,
-5.475939512252807617e-01,
-5.491702556610107422e-01,
-5.503259897232055664e-01,
-5.522381067276000977e-01,
-5.537455081939697266e-01,
-5.566526651382446289e-01,
-5.595568418502807617e-01,
-5.639293193817138672e-01,
-5.687630176544189453e-01,
-5.726373791694641113e-01,
-5.753477811813354492e-01,
-5.759798288345336914e-01,
-5.750592947006225586e-01,
-5.745817422866821289e-01,
-5.738555192947387695e-01,
-5.726479291915893555e-01,
-5.714307427406311035e-01,
-5.659426450729370117e-01,
-5.623596310615539551e-01,
-5.614820718765258789e-01,
-5.600341558456420898e-01,
-5.580817461013793945e-01,
-5.629971027374267578e-01,
-5.619190931320190430e-01,
-5.613955259323120117e-01,
-5.608466863632202148e-01,
-5.585718154907226562e-01,
-5.531270503997802734e-01,
-5.511301159858703613e-01,
-5.454139709472656250e-01,
-5.382873415946960449e-01,
-5.347819328308105469e-01,
-5.313897132873535156e-01,
-5.294196605682373047e-01,
-5.327460765838623047e-01,
-5.375405550003051758e-01,
-5.384721755981445312e-01,
-5.468176603317260742e-01,
-5.494847297668457031e-01,
-5.542889833450317383e-01,
-5.549622178077697754e-01,
-5.550022125244140625e-01,
-5.469303131103515625e-01,
-5.422189235687255859e-01,
-5.335816740989685059e-01,
-5.260486602783203125e-01,
-5.232588052749633789e-01,
-5.182504653930664062e-01,
-5.084307193756103516e-01,
-5.059320330619812012e-01,
-5.028276443481445312e-01,
-4.960336089134216309e-01,
-4.982270002365112305e-01,
-4.979451298713684082e-01,
-4.957965612411499023e-01,
-5.011329054832458496e-01,
-5.096213221549987793e-01,
-5.145987272262573242e-01,
-5.230994224548339844e-01,
-5.258512496948242188e-01,
-5.295288562774658203e-01,
-5.284663438796997070e-01,
-5.285009145736694336e-01,
-5.260234475135803223e-01,
-5.234813094139099121e-01,
-5.205852985382080078e-01,
-5.167264938354492188e-01,
-5.088084936141967773e-01,
-4.993790388107299805e-01,
-4.917352795600891113e-01,
-4.892971515655517578e-01,
-4.947815835475921631e-01,
-4.962515532970428467e-01,
-5.021283626556396484e-01,
-5.062568187713623047e-01,
-5.047757029533386230e-01,
-5.030877590179443359e-01,
-5.054185390472412109e-01,
-5.028296113014221191e-01,
-4.993923008441925049e-01,
-4.937743842601776123e-01,
-4.825528860092163086e-01,
-4.777765274047851562e-01,
-4.733780026435852051e-01,
-4.753205776214599609e-01,
-4.841103851795196533e-01,
-4.906369149684906006e-01,
-4.945614635944366455e-01,
-4.925706982612609863e-01,
-4.863812923431396484e-01,
-4.798859357833862305e-01,
-4.817297160625457764e-01,
-4.817343652248382568e-01,
-4.880657196044921875e-01,
-4.958005845546722412e-01,
-4.962313771247863770e-01,
-4.890216588973999023e-01,
-4.868516027927398682e-01,
-4.822255671024322510e-01,
-4.815011322498321533e-01,
-4.878933429718017578e-01,
-4.882801771163940430e-01,
-4.868949055671691895e-01,
-4.886847138404846191e-01,
-4.825198054313659668e-01,
-4.826211333274841309e-01,
-4.806391298770904541e-01,
-4.742711186408996582e-01,
-4.719737470149993896e-01,
-4.759618341922760010e-01,
-4.803615808486938477e-01,
-4.848609864711761475e-01,
-4.902389645576477051e-01,
-4.918327629566192627e-01,
-4.911131262779235840e-01,
-4.900187849998474121e-01,
-4.898490011692047119e-01,
-4.870102703571319580e-01,
-4.893732368946075439e-01,
-4.886313974857330322e-01,
-4.858234822750091553e-01,
-4.823804199695587158e-01,
-4.848264157772064209e-01,
-4.838811457157135010e-01,
-4.845245182514190674e-01,
-4.835073053836822510e-01,
-4.791395068168640137e-01,
-4.757170379161834717e-01,
-4.794099330902099609e-01,
-4.804711341857910156e-01,
-4.826500415802001953e-01,
-4.868483245372772217e-01,
-4.966878592967987061e-01,
-4.994988143444061279e-01,
-5.077367424964904785e-01,
-5.062654018402099609e-01,
-5.087425708770751953e-01,
-5.054408311843872070e-01,
-5.052934885025024414e-01,
-5.038327574729919434e-01,
-5.074847340583801270e-01,
-5.190202593803405762e-01,
-5.349216461181640625e-01,
-5.514534711837768555e-01,
-5.704202651977539062e-01,
-5.837029814720153809e-01,
-5.896596908569335938e-01,
-5.922260284423828125e-01,
-5.908225178718566895e-01,
-5.855090618133544922e-01,
-5.785545110702514648e-01,
-5.620815753936767578e-01,
-5.505256652832031250e-01,
-5.395089387893676758e-01,
-5.312581062316894531e-01,
-5.244446396827697754e-01,
-5.198768377304077148e-01,
-5.175248384475708008e-01,
-5.186361074447631836e-01,
-5.229444503784179688e-01,
-5.259773731231689453e-01,
-5.284236669540405273e-01,
-5.298417806625366211e-01,
-5.294791460037231445e-01,
-5.296618938446044922e-01,
-5.293636322021484375e-01,
-5.315628051757812500e-01,
-5.349313020706176758e-01,
-5.396436452865600586e-01,
-5.420470237731933594e-01,
-5.460852384567260742e-01,
-5.498204231262207031e-01,
-5.506738424301147461e-01,
-5.519687533378601074e-01,
-5.514870285987854004e-01,
-5.486590266227722168e-01,
-5.476385951042175293e-01,
-5.459442734718322754e-01,
-5.453724861145019531e-01,
-5.439985394477844238e-01,
-5.453333854675292969e-01,
-5.495495796203613281e-01,
-5.531075000762939453e-01,
-5.564993619918823242e-01,
-5.601588487625122070e-01,
-5.598533749580383301e-01,
-5.567566156387329102e-01,
-5.514830350875854492e-01,
-5.466884374618530273e-01,
-5.410031676292419434e-01,
-5.385529994964599609e-01,
-5.338199138641357422e-01,
-5.322240591049194336e-01,
-5.300608873367309570e-01,
-5.328707098960876465e-01,
-5.367951393127441406e-01,
-5.404531359672546387e-01,
-5.533866882324218750e-01,
-5.611352920532226562e-01,
-5.677319765090942383e-01,
-5.655821561813354492e-01,
-5.691537857055664062e-01,
-5.634732842445373535e-01,
-5.586047172546386719e-01,
-5.561593770980834961e-01,
-5.572453737258911133e-01,
-5.496934652328491211e-01,
-5.427660346031188965e-01,
-5.373959541320800781e-01,
-5.356096029281616211e-01,
-5.357981324195861816e-01,
-5.378681421279907227e-01,
-5.389088392257690430e-01,
-5.407243967056274414e-01,
-5.377758741378784180e-01,
-5.297237038612365723e-01,
-5.244841575622558594e-01,
-5.190553665161132812e-01,
-5.147056579589843750e-01,
-5.114482641220092773e-01,
-5.159048438072204590e-01,
-5.187511444091796875e-01,
-5.257048606872558594e-01,
-5.296036601066589355e-01,
-5.315043330192565918e-01,
-5.314782857894897461e-01,
-5.313613414764404297e-01,
-5.339000225067138672e-01,
-5.372595787048339844e-01,
-5.307257175445556641e-01,
-5.340198278427124023e-01,
-5.401474237442016602e-01,
-5.436623692512512207e-01,
-5.512691736221313477e-01,
-5.592060089111328125e-01,
-5.627489089965820312e-01,
-5.637307167053222656e-01,
-5.633430480957031250e-01,
-5.624752044677734375e-01,
-5.626878738403320312e-01,
-5.692694783210754395e-01,
-5.726540088653564453e-01,
-5.722414255142211914e-01,
-5.744003057479858398e-01,
-5.699964761734008789e-01,
-5.668897628784179688e-01,
-5.603755712509155273e-01,
-5.562392473220825195e-01,
-5.551871657371520996e-01,
-5.540010929107666016e-01,
-5.552066564559936523e-01,
-5.537551045417785645e-01,
-5.523092746734619141e-01,
-5.510129928588867188e-01,
-5.507904291152954102e-01,
-5.472154021263122559e-01,
-5.492337942123413086e-01,
-5.510783195495605469e-01,
-5.513409972190856934e-01,
-5.492225289344787598e-01,
-5.441454648971557617e-01,
-5.385977029800415039e-01,
-5.369844436645507812e-01,
-5.318359136581420898e-01,
-5.308598279953002930e-01,
-5.338375568389892578e-01,
-5.401366949081420898e-01,
-5.412744283676147461e-01,
-5.481832027435302734e-01,
-5.547613501548767090e-01,
-5.561525821685791016e-01,
-5.542912483215332031e-01,
-5.508183240890502930e-01,
-5.482758283615112305e-01,
-5.422908067703247070e-01,
-5.380840301513671875e-01,
-5.415505170822143555e-01,
-5.452392101287841797e-01,
-5.474726557731628418e-01,
-5.542829036712646484e-01,
-5.578148961067199707e-01,
-5.611334443092346191e-01,
-5.654789209365844727e-01,
-5.686623454093933105e-01,
-5.660042762756347656e-01,
-5.628412961959838867e-01,
-5.549657344818115234e-01,
-5.515379905700683594e-01,
-5.508815646171569824e-01,
-5.513648390769958496e-01,
-5.543977022171020508e-01,
-5.647237300872802734e-01,
-5.601588487625122070e-01,
-5.610836744308471680e-01,
-5.616719126701354980e-01,
-5.657564401626586914e-01,
-5.638483762741088867e-01,
-5.674241185188293457e-01,
-5.655415058135986328e-01,
-5.665373206138610840e-01,
-5.653238296508789062e-01,
-5.707057714462280273e-01,
-5.766857862472534180e-01,
-5.781220197677612305e-01,
-5.768946409225463867e-01,
-5.738795995712280273e-01,
-5.656934976577758789e-01,
-5.571684837341308594e-01,
-5.515192747116088867e-01,
-5.486310124397277832e-01,
-5.489164590835571289e-01,
-5.475780963897705078e-01,
-5.486600399017333984e-01,
-5.512523651123046875e-01,
-5.529319047927856445e-01,
-5.550481081008911133e-01,
-5.561984777450561523e-01,
-5.571606755256652832e-01,
-5.534660816192626953e-01,
-5.519239902496337891e-01,
-5.517791509628295898e-01,
-5.502110719680786133e-01,
-5.511090159416198730e-01,
-5.546045303344726562e-01,
-5.571649074554443359e-01,
-5.582619905471801758e-01,
-5.585703849792480469e-01,
-5.610584020614624023e-01,
-5.597214698791503906e-01,
-5.635883808135986328e-01,
-5.626760721206665039e-01,
-5.628007650375366211e-01,
-5.615183115005493164e-01,
-5.586318373680114746e-01,
-5.562616586685180664e-01,
-5.618212819099426270e-01,
-5.655870437622070312e-01,
-5.726894140243530273e-01,
-5.794772505760192871e-01,
-5.863471031188964844e-01,
-5.860633254051208496e-01,
-5.855524539947509766e-01,
-5.811454057693481445e-01,
-5.776113271713256836e-01,
-5.745333433151245117e-01,
-5.649387836456298828e-01,
-5.633378624916076660e-01,
-5.594853162765502930e-01,
-5.573478937149047852e-01,
-5.538550615310668945e-01,
-5.527402162551879883e-01,
-5.501693487167358398e-01,
-5.483310222625732422e-01,
-5.461885333061218262e-01,
-5.443627834320068359e-01,
-5.484436154365539551e-01,
-5.519058704376220703e-01,
-5.584783554077148438e-01,
-5.615720748901367188e-01,
-5.636826753616333008e-01,
-5.644198656082153320e-01,
-5.619485378265380859e-01,
-5.611393451690673828e-01,
-5.613528490066528320e-01,
-5.602632164955139160e-01,
-5.562220215797424316e-01,
-5.508648157119750977e-01,
-5.466278791427612305e-01,
-5.444830656051635742e-01,
-5.398827791213989258e-01,
-5.397142171859741211e-01,
-5.390590429306030273e-01,
-5.393643379211425781e-01,
-5.398743152618408203e-01,
-5.442658662796020508e-01,
-5.484805107116699219e-01,
-5.524919033050537109e-01,
-5.538980960845947266e-01,
-5.556303262710571289e-01,
-5.557065010070800781e-01,
-5.574977993965148926e-01,
-5.596400499343872070e-01,
-5.681186914443969727e-01,
-5.686255693435668945e-01,
-5.749726295471191406e-01,
-5.777152776718139648e-01,
-5.819120407104492188e-01,
-5.786912441253662109e-01,
-5.844815373420715332e-01,
-5.849191546440124512e-01,
-5.860037803649902344e-01,
-5.847594738006591797e-01,
-5.850859880447387695e-01,
-5.861540436744689941e-01,
-5.840977430343627930e-01,
-5.832772254943847656e-01,
-5.852643251419067383e-01,
-5.863608121871948242e-01,
-5.876726508140563965e-01,
-5.867666006088256836e-01,
-5.896396636962890625e-01,
-5.907254219055175781e-01,
-5.897579193115234375e-01,
-5.906622409820556641e-01,
-5.902239084243774414e-01,
-5.901877284049987793e-01,
-5.900499224662780762e-01,
-5.934745073318481445e-01,
-5.967477560043334961e-01,
-5.993661284446716309e-01,
-6.009441614151000977e-01,
-6.036857366561889648e-01,
-6.032224893569946289e-01,
-6.030208468437194824e-01,
-6.026498675346374512e-01,
-6.020400524139404297e-01,
-6.011223793029785156e-01,
-6.005675792694091797e-01,
-6.004872918128967285e-01,
-6.011539101600646973e-01,
-6.014432907104492188e-01,
-6.017808914184570312e-01,
-6.015864014625549316e-01,
-6.009746789932250977e-01,
-6.006876230239868164e-01,
-6.016371846199035645e-01,
-6.012384891510009766e-01,
-6.018711328506469727e-01,
-6.000517606735229492e-01,
-5.983329415321350098e-01,
-5.970844626426696777e-01,
-5.958536863327026367e-01,
-5.965845584869384766e-01,
-5.978522896766662598e-01,
-5.989517569541931152e-01,
-5.991739034652709961e-01,
-5.991288423538208008e-01,
-5.993626117706298828e-01,
-6.001713275909423828e-01,
-5.997519493103027344e-01,
-5.996910333633422852e-01,
-5.996890068054199219e-01,
-5.993732213973999023e-01,
-5.992068052291870117e-01,
-5.997310876846313477e-01,
-5.995515584945678711e-01,
-6.002659201622009277e-01,
-6.012192964553833008e-01,
-6.017417907714843750e-01,
-6.021537780761718750e-01,
-6.013264656066894531e-01,
-6.008678078651428223e-01,
-6.002227067947387695e-01,
-5.991857051849365234e-01,
-5.997501611709594727e-01,
-5.995252132415771484e-01,
-5.996284484863281250e-01,
-6.001029014587402344e-01,
-6.000936031341552734e-01,
-5.996311902999877930e-01,
-5.990660190582275391e-01,
-5.982912778854370117e-01,
-5.988855957984924316e-01,
-5.987302064895629883e-01,
-5.991330146789550781e-01,
-5.995365381240844727e-01,
-6.015586853027343750e-01,
-6.017972230911254883e-01,
-6.022740602493286133e-01,
-6.030423641204833984e-01,
-6.045099496841430664e-01,
-6.050139665603637695e-01,
-6.057497859001159668e-01,
-6.067634820938110352e-01,
-6.071462631225585938e-01,
-6.072715520858764648e-01,
-6.075686216354370117e-01,
-6.067521572113037109e-01,
-6.064857840538024902e-01,
-6.063778996467590332e-01,
-6.052639484405517578e-01,
-6.035649776458740234e-01,
-6.045594215393066406e-01,
-6.040812730789184570e-01,
-5.658718347549438477e-01,
-5.488083362579345703e-01,
-5.136448144912719727e-01,
-5.170466899871826172e-01,
-5.341640710830688477e-01,
-5.316236019134521484e-01,
-5.387864708900451660e-01,
-5.447486639022827148e-01,
-5.368539690971374512e-01,
-5.179908275604248047e-01,
-5.084735751152038574e-01,
-4.980749487876892090e-01,
-4.880258142948150635e-01,
-4.825070202350616455e-01,
-4.841086566448211670e-01,
-4.900464117527008057e-01,
-4.984849095344543457e-01,
-5.029875636100769043e-01,
-5.043158531188964844e-01,
-5.077633857727050781e-01,
-5.102186799049377441e-01,
-5.095110535621643066e-01,
-5.139639377593994141e-01,
-5.219317078590393066e-01,
-5.272091627120971680e-01,
-5.342657566070556641e-01,
-5.392161011695861816e-01,
-5.430067777633666992e-01,
-5.413800477981567383e-01,
-5.401579141616821289e-01,
-5.390405654907226562e-01,
-5.405451059341430664e-01,
-5.411239266395568848e-01,
-5.411753654479980469e-01,
-5.431688427925109863e-01,
-5.432330369949340820e-01,
-5.413925051689147949e-01,
-5.386958718299865723e-01,
-5.365424156188964844e-01,
-5.317201018333435059e-01,
-5.318316817283630371e-01,
-5.305023789405822754e-01,
-5.288463830947875977e-01,
-5.268779993057250977e-01,
-5.289267897605895996e-01,
-5.265077352523803711e-01,
-5.258902311325073242e-01,
-5.248643755912780762e-01,
-5.222226381301879883e-01,
-5.182906389236450195e-01,
-5.159158706665039062e-01,
-5.142853260040283203e-01,
-5.127183198928833008e-01,
-5.143732428550720215e-01,
-5.176391601562500000e-01,
-5.201467275619506836e-01,
-5.247258543968200684e-01,
-5.252136588096618652e-01,
-5.261427164077758789e-01,
-5.244183540344238281e-01,
-5.239508748054504395e-01,
-5.256343483924865723e-01,
-5.254470109939575195e-01,
-5.239223241806030273e-01,
-5.240216255187988281e-01,
-5.226683616638183594e-01,
-5.187300443649291992e-01,
-5.173810720443725586e-01,
-5.172073841094970703e-01,
-5.179622173309326172e-01,
-5.192277431488037109e-01,
-5.206252336502075195e-01,
-5.221306085586547852e-01,
-5.227293968200683594e-01,
-4.036032557487487793e-01,
-8.890447765588760376e-02,
2.990499436855316162e-01,
5.668607950210571289e-01,
5.636874437332153320e-01,
4.790978133678436279e-01,
1.899009048938751221e-01,
-2.173784822225570679e-01,
-4.974216222763061523e-01,
-5.281066894531250000e-01,
-5.438519716262817383e-01,
-5.489155054092407227e-01,
-5.484340190887451172e-01,
-5.463811159133911133e-01,
-5.436757802963256836e-01,
-5.436996221542358398e-01,
-5.452657938003540039e-01,
-5.498025417327880859e-01,
-5.547987818717956543e-01,
-5.583326816558837891e-01,
-5.590780973434448242e-01,
-5.574654936790466309e-01,
-5.554831027984619141e-01,
-5.544406175613403320e-01,
-5.516369342803955078e-01,
-5.531558990478515625e-01,
-5.564132928848266602e-01,
-5.574667453765869141e-01,
-5.571090579032897949e-01,
-5.565458536148071289e-01,
-5.554820299148559570e-01,
-5.517072677612304688e-01,
-5.519775748252868652e-01,
-5.501307249069213867e-01,
-5.506619215011596680e-01,
-5.515844821929931641e-01,
-5.521460771560668945e-01,
-5.526524782180786133e-01,
-5.517663955688476562e-01,
-5.514267683029174805e-01,
-5.521522164344787598e-01,
-5.517418980598449707e-01,
-5.523936748504638672e-01,
-5.558174252510070801e-01,
-5.588642954826354980e-01,
-5.596659779548645020e-01,
-5.611854791641235352e-01,
-5.617667436599731445e-01,
-5.629254579544067383e-01,
-5.621650218963623047e-01,
-5.608985424041748047e-01,
-5.565589666366577148e-01,
-5.520284771919250488e-01,
-5.495053529739379883e-01,
-5.499886274337768555e-01,
-5.489772558212280273e-01,
-5.498385429382324219e-01,
-5.508549809455871582e-01,
-5.509845614433288574e-01,
-5.490620136260986328e-01,
-5.532238483428955078e-01,
-5.558413267135620117e-01,
-5.610268115997314453e-01,
-5.640716552734375000e-01,
-5.678964257240295410e-01,
-5.712280273437500000e-01,
-5.678946971893310547e-01,
-5.651792883872985840e-01,
-5.645707845687866211e-01,
-5.596628189086914062e-01,
-5.565330982208251953e-01,
-5.565029382705688477e-01,
-5.497891902923583984e-01,
-5.414019823074340820e-01,
-5.378587245941162109e-01,
-5.343154668807983398e-01,
-5.345093011856079102e-01,
-5.386410951614379883e-01,
-5.451507568359375000e-01,
-5.436775684356689453e-01,
-5.439560413360595703e-01,
-5.302625894546508789e-01,
-5.177872180938720703e-01,
-5.065878629684448242e-01,
-5.051460266113281250e-01,
-4.989176690578460693e-01,
-5.072283744812011719e-01,
-5.116049051284790039e-01,
-5.207608342170715332e-01,
-5.227522850036621094e-01,
-5.211475491523742676e-01,
-5.146437883377075195e-01,
-5.073035955429077148e-01,
-5.000197887420654297e-01,
-4.940115809440612793e-01,
-4.933286905288696289e-01,
-4.987462759017944336e-01,
-4.977695047855377197e-01,
-4.969128072261810303e-01,
-4.965783357620239258e-01,
-4.931646883487701416e-01,
-4.913127124309539795e-01,
-4.927950203418731689e-01,
-5.011624097824096680e-01,
-5.013053417205810547e-01,
-4.972109496593475342e-01,
-4.951961934566497803e-01,
-4.928153455257415771e-01,
-4.872549176216125488e-01,
-4.826813042163848877e-01,
-4.821473360061645508e-01,
-4.848202466964721680e-01,
-4.847404658794403076e-01,
-4.920253157615661621e-01,
-4.926621913909912109e-01,
-4.974307119846343994e-01,
-4.954689145088195801e-01,
-4.915929138660430908e-01,
-4.869596660137176514e-01,
-4.803481996059417725e-01,
-4.768663346767425537e-01,
-4.748202264308929443e-01,
-4.749502241611480713e-01,
-4.787789881229400635e-01,
-4.855243265628814697e-01,
-4.974070787429809570e-01,
-5.011529922485351562e-01,
-5.078994035720825195e-01,
-5.168631672859191895e-01,
-5.276728868484497070e-01,
-5.434876680374145508e-01,
-5.576928257942199707e-01,
-5.611249208450317383e-01,
-5.548728704452514648e-01,
-5.389634370803833008e-01,
-5.289648771286010742e-01,
-5.181843042373657227e-01,
-5.191168785095214844e-01,
-5.198204517364501953e-01,
-5.242205858230590820e-01,
-5.294615030288696289e-01,
-5.327994823455810547e-01,
-5.385781526565551758e-01,
-5.412298440933227539e-01,
-5.452322959899902344e-01,
-5.475590229034423828e-01,
-5.471566915512084961e-01,
-5.497326850891113281e-01,
-5.542514324188232422e-01,
-5.609817504882812500e-01,
-5.669425725936889648e-01,
-5.685226917266845703e-01,
-5.622978210449218750e-01,
-5.503838062286376953e-01,
-5.410788059234619141e-01,
-5.382119417190551758e-01,
-5.420456528663635254e-01,
-5.493381023406982422e-01,
-5.565825700759887695e-01,
-5.632928013801574707e-01,
-5.659899711608886719e-01,
-5.555723309516906738e-01,
-5.537370443344116211e-01,
-5.476124286651611328e-01,
-5.409476757049560547e-01,
-5.334116220474243164e-01,
-5.271731615066528320e-01,
-5.198095440864562988e-01,
-5.209450721740722656e-01,
-5.216429233551025391e-01,
-5.255389213562011719e-01,
-5.285755395889282227e-01,
-5.307931303977966309e-01,
-5.311493277549743652e-01,
-5.350663661956787109e-01,
-5.396714210510253906e-01,
-5.477271676063537598e-01,
-5.595037341117858887e-01,
-5.658526420593261719e-01,
-5.665431022644042969e-01,
-5.659768581390380859e-01,
-5.618544816970825195e-01,
-5.577707290649414062e-01,
-5.523461103439331055e-01,
-5.485749244689941406e-01,
-5.513582825660705566e-01,
-5.535734295845031738e-01,
-5.489538908004760742e-01,
-5.486609339714050293e-01,
-5.448788404464721680e-01,
-5.429630279541015625e-01,
-5.405166149139404297e-01,
-5.450507402420043945e-01,
-5.446344614028930664e-01,
-5.454543232917785645e-01,
-5.418800115585327148e-01,
-5.437306165695190430e-01,
-5.442856550216674805e-01,
-5.556594133377075195e-01,
-5.623743534088134766e-01,
-5.621538162231445312e-01,
-5.650097131729125977e-01,
-5.628426074981689453e-01,
-5.604283809661865234e-01,
-5.587867498397827148e-01,
-5.691932439804077148e-01,
-5.657109022140502930e-01,
-5.693398714065551758e-01,
-5.757462978363037109e-01,
-5.774831771850585938e-01,
-5.757292509078979492e-01,
-5.697469711303710938e-01,
-5.644384026527404785e-01,
-5.542587041854858398e-01,
-5.521004796028137207e-01,
-5.485195517539978027e-01,
-5.506897568702697754e-01,
-5.519461631774902344e-01,
-5.537973642349243164e-01,
-5.541539192199707031e-01,
-5.565875768661499023e-01,
-5.543740987777709961e-01,
-5.553644895553588867e-01,
-5.538974404335021973e-01,
-5.525817871093750000e-01,
-5.529831647872924805e-01,
-5.600005388259887695e-01,
-5.678200721740722656e-01,
-5.704091787338256836e-01,
-5.711390376091003418e-01,
-5.690498352050781250e-01,
-5.639039278030395508e-01,
-5.532038807868957520e-01,
-5.503683090209960938e-01,
-5.493893623352050781e-01,
-5.486735105514526367e-01,
-5.477305650711059570e-01,
-5.521862506866455078e-01,
-5.558910369873046875e-01,
-5.601603388786315918e-01,
-5.576215982437133789e-01,
-5.561304092407226562e-01,
-5.521918535232543945e-01,
-5.477130413055419922e-01,
-5.458066463470458984e-01,
-5.483055114746093750e-01,
-5.510122776031494141e-01,
-5.536587238311767578e-01,
-5.614598989486694336e-01,
-5.686154365539550781e-01,
-5.736793279647827148e-01,
-5.809975862503051758e-01,
-5.852692127227783203e-01,
-5.846848487854003906e-01,
-5.861431360244750977e-01,
-5.843596458435058594e-01,
-5.857509374618530273e-01,
-5.859422087669372559e-01,
-5.875039100646972656e-01,
-5.890395641326904297e-01,
-5.912327170372009277e-01,
-5.953322649002075195e-01,
-5.963509082794189453e-01,
-5.995898842811584473e-01,
-6.013988256454467773e-01,
-6.031162738800048828e-01,
-6.020066738128662109e-01,
-6.023656129837036133e-01,
-6.012095212936401367e-01,
-6.006164550781250000e-01,
-6.015754342079162598e-01,
-6.002743840217590332e-01,
-6.004956364631652832e-01,
-5.996208190917968750e-01,
-5.985035896301269531e-01,
-5.976035594940185547e-01,
-5.997294187545776367e-01,
-6.006433963775634766e-01,
-6.002898216247558594e-01,
-5.999733209609985352e-01,
-6.009242534637451172e-01,
-6.012379527091979980e-01,
-6.007999181747436523e-01,
-6.010836362838745117e-01,
-6.016733646392822266e-01,
-6.010423898696899414e-01,
-5.996440649032592773e-01,
-5.992292165756225586e-01,
-5.988073348999023438e-01,
-5.984800457954406738e-01,
-5.984956026077270508e-01,
-6.000121235847473145e-01,
-6.011363267898559570e-01,
-6.027786135673522949e-01,
-6.047332286834716797e-01,
-6.060899496078491211e-01,
-6.061938405036926270e-01,
-6.061710715293884277e-01,
-6.059312820434570312e-01,
-6.051911115646362305e-01,
-5.525925159454345703e-01,
-5.670871734619140625e-01,
-5.482533574104309082e-01,
-5.359857082366943359e-01,
-5.336697101593017578e-01,
-5.250663757324218750e-01,
-5.025299787521362305e-01,
-4.991273581981658936e-01,
-4.919038712978363037e-01,
-4.908580780029296875e-01,
-4.973097741603851318e-01,
-5.050464868545532227e-01,
-5.072721242904663086e-01,
-5.135989189147949219e-01,
-5.181938409805297852e-01,
-5.265165567398071289e-01,
-5.318307876586914062e-01,
-5.380116105079650879e-01,
-5.416748523712158203e-01,
-5.408691167831420898e-01,
-5.401806235313415527e-01,
-5.422563552856445312e-01,
-5.411401987075805664e-01,
-5.414894819259643555e-01,
-5.383461713790893555e-01,
-5.352486968040466309e-01,
-5.312316417694091797e-01,
-5.286334753036499023e-01,
-5.275077819824218750e-01,
-5.259382724761962891e-01,
-5.247470140457153320e-01,
-5.225411653518676758e-01,
-5.196817517280578613e-01,
-5.175173282623291016e-01,
-5.166599750518798828e-01,
-5.172305107116699219e-01,
-5.192213654518127441e-01,
-5.232526063919067383e-01,
-5.231093168258666992e-01,
-5.247626304626464844e-01,
-5.246203541755676270e-01,
-5.247163772583007812e-01,
-5.224866867065429688e-01,
-5.215775966644287109e-01,
-5.203561782836914062e-01,
-5.203851461410522461e-01,
-5.198814868927001953e-01,
-5.210624933242797852e-01,
-3.877399265766143799e-01,
1.332647283561527729e-03,
3.054765760898590088e-01,
2.115839123725891113e-01,
2.280225306749343872e-01,
4.032655805349349976e-02,
-3.309108018875122070e-01,
-5.313715934753417969e-01,
-5.429697036743164062e-01,
-5.464653968811035156e-01,
-5.470449924468994141e-01,
-5.466846823692321777e-01,
-5.499291419982910156e-01,
-5.530314445495605469e-01,
-5.547905564308166504e-01,
-5.554087162017822266e-01,
-5.537917613983154297e-01,
-5.522097945213317871e-01,
-5.515280961990356445e-01,
-5.536026358604431152e-01,
-5.508683323860168457e-01,
-5.520727634429931641e-01,
-5.495283007621765137e-01,
-5.479931831359863281e-01,
-5.499891042709350586e-01,
-5.500985383987426758e-01,
-5.492566227912902832e-01,
-5.518559217453002930e-01,
-5.554232597351074219e-01,
-5.557242631912231445e-01,
-5.570390224456787109e-01,
-5.599598884582519531e-01,
-5.597672462463378906e-01,
-5.590084791183471680e-01,
-5.547989606857299805e-01,
-5.523644685745239258e-01,
-5.500445365905761719e-01,
-5.480230450630187988e-01,
-5.462377667427062988e-01,
-5.480717420578002930e-01,
-5.514920353889465332e-01,
-5.563533306121826172e-01,
-5.621286034584045410e-01,
-5.682066679000854492e-01,
-5.664970874786376953e-01,
-5.667879581451416016e-01,
-5.628787875175476074e-01,
-5.582959651947021484e-01,
-5.488835573196411133e-01,
-5.474318265914916992e-01,
-5.414342880249023438e-01,
-5.412930846214294434e-01,
-5.373373031616210938e-01,
-5.362681746482849121e-01,
-5.265054106712341309e-01,
-5.160039663314819336e-01,
-5.080195665359497070e-01,
-5.045996904373168945e-01,
-5.063614249229431152e-01,
-5.140739679336547852e-01,
-5.171704292297363281e-01,
-5.170267820358276367e-01,
-5.107572078704833984e-01,
-5.027405619621276855e-01,
-4.940797090530395508e-01,
-4.877397119998931885e-01,
-4.890201091766357422e-01,
-4.866733551025390625e-01,
-4.779497385025024414e-01,
-4.866138696670532227e-01,
-4.892579913139343262e-01,
-4.891770184040069580e-01,
-4.854658842086791992e-01,
-4.879014194011688232e-01,
-4.810031056404113770e-01,
-4.862852990627288818e-01,
-4.851270020008087158e-01,
-4.842000007629394531e-01,
-4.861447513103485107e-01,
-4.871432781219482422e-01,
-4.828583896160125732e-01,
-4.783924818038940430e-01,
-4.848212003707885742e-01,
-4.890015721321105957e-01,
-4.915213882923126221e-01,
-5.092051029205322266e-01,
-5.239765048027038574e-01,
-5.423587560653686523e-01,
-5.547853708267211914e-01,
-5.655478239059448242e-01,
-5.560902357101440430e-01,
-5.456956624984741211e-01,
-5.298492908477783203e-01,
-5.280683040618896484e-01,
-5.299497842788696289e-01,
-5.379290580749511719e-01,
-5.418913364410400391e-01,
-5.451303720474243164e-01,
-5.461914539337158203e-01,
-5.488547086715698242e-01,
-5.495635271072387695e-01,
-5.479031801223754883e-01,
-5.438247919082641602e-01,
-5.463082790374755859e-01,
-5.497880578041076660e-01,
-5.503423213958740234e-01,
-5.519140958786010742e-01,
-5.554684996604919434e-01,
-5.536681413650512695e-01,
-5.444685220718383789e-01,
-5.354249477386474609e-01,
-5.291017293930053711e-01,
-5.253300666809082031e-01,
-5.250754356384277344e-01,
-5.297967791557312012e-01,
-5.379191637039184570e-01,
-5.470298528671264648e-01,
-5.521230697631835938e-01,
-5.619614124298095703e-01,
-5.623874068260192871e-01,
-5.606550574302673340e-01,
-5.612033605575561523e-01,
-5.577323436737060547e-01,
-5.533322095870971680e-01,
-5.488620400428771973e-01,
-5.460978746414184570e-01,
-5.405253767967224121e-01,
-5.414758324623107910e-01,
-5.434471964836120605e-01,
-5.420570373535156250e-01,
-5.450868606567382812e-01,
-5.503969192504882812e-01,
-5.557863712310791016e-01,
-5.530768632888793945e-01,
-5.562298297882080078e-01,
-5.627795457839965820e-01,
-5.629453659057617188e-01,
-5.594760179519653320e-01,
-5.653229951858520508e-01,
-5.660000443458557129e-01,
-5.630699396133422852e-01,
-5.607910156250000000e-01,
-5.567874908447265625e-01,
-5.548955798149108887e-01,
-5.514231324195861816e-01,
-5.501718521118164062e-01,
-5.534822344779968262e-01,
-5.592787265777587891e-01,
-5.565148591995239258e-01,
-5.579358339309692383e-01,
-5.638248324394226074e-01,
-5.698052644729614258e-01,
-5.678232312202453613e-01,
-5.696665048599243164e-01,
-5.716171264648437500e-01,
-5.616148710250854492e-01,
-5.530684590339660645e-01,
-5.532791018486022949e-01,
-5.550169944763183594e-01,
-5.549772977828979492e-01,
-5.552165508270263672e-01,
-5.530164241790771484e-01,
-5.470666885375976562e-01,
-5.448067188262939453e-01,
-5.464439392089843750e-01,
-5.501875877380371094e-01,
-5.573649406433105469e-01,
-5.676020383834838867e-01,
-5.712715387344360352e-01,
-5.790755152702331543e-01,
-5.819202661514282227e-01,
-5.861774682998657227e-01,
-5.869578719139099121e-01,
-5.868864059448242188e-01,
-5.910162329673767090e-01,
-5.955712795257568359e-01,
-5.972020030021667480e-01,
-6.000267863273620605e-01,
-6.028490066528320312e-01,
-6.025402545928955078e-01,
-6.014641523361206055e-01,
-6.004487276077270508e-01,
-5.999656915664672852e-01,
-5.996733903884887695e-01,
-5.995004773139953613e-01,
-5.984289646148681641e-01,
-5.995682477951049805e-01,
-6.008636951446533203e-01,
-6.004517078399658203e-01,
-6.003335118293762207e-01,
-5.999410152435302734e-01,
-6.010285615921020508e-01,
-5.995231866836547852e-01,
-5.995182991027832031e-01,
-5.998549461364746094e-01,
-6.017664670944213867e-01,
-6.029983758926391602e-01,
-6.042649745941162109e-01,
-6.056302189826965332e-01,
-6.059315204620361328e-01,
