-7.495104074478149414e-01,
-7.462086677551269531e-01,
-7.465112209320068359e-01,
-7.436339855194091797e-01,
-7.393293976783752441e-01,
-7.385646700859069824e-01,
-7.373000979423522949e-01,
-7.371007204055786133e-01,
-7.391155958175659180e-01,
-7.398418188095092773e-01,
-7.373058795928955078e-01,
-7.341560721397399902e-01,
-7.295008897781372070e-01,
-7.266530394554138184e-01,
-7.248550057411193848e-01,
-7.245786190032958984e-01,
-7.231802940368652344e-01,
-7.224936485290527344e-01,
-7.211693525314331055e-01,
-7.196829915046691895e-01,
-7.171356678009033203e-01,
-7.152477502822875977e-01,
-7.136116027832031250e-01,
-7.127482891082763672e-01,
-7.123848199844360352e-01,
-7.127888202667236328e-01,
-7.139642834663391113e-01,
-7.141412496566772461e-01,
-7.142617702484130859e-01,
-7.138996720314025879e-01,
-7.133507132530212402e-01,
-7.122182846069335938e-01,
-7.124159336090087891e-01,
-7.128849625587463379e-01,
-7.123465538024902344e-01,
-7.126523256301879883e-01,
-7.127750515937805176e-01,
-7.129076719284057617e-01,
-7.142267823219299316e-01,
-7.146024703979492188e-01,
-7.152810096740722656e-01,
-7.160403728485107422e-01,
-7.159005403518676758e-01,
-7.157521247863769531e-01,
-7.154780626296997070e-01,
-7.153664827346801758e-01,
-7.146474719047546387e-01,
-7.147411108016967773e-01,
-7.151876688003540039e-01,
-7.155386209487915039e-01,
-7.161527872085571289e-01,
-7.166215181350708008e-01,
-7.159206867218017578e-01,
-7.155555486679077148e-01,
-7.150230407714843750e-01,
-7.147231101989746094e-01,
-7.150065898895263672e-01,
-7.153490781784057617e-01,
-7.162515521049499512e-01,
-7.167297601699829102e-01,
-7.166658639907836914e-01,
-7.171057462692260742e-01,
-7.161431908607482910e-01,
-7.155064344406127930e-01,
-7.151693701744079590e-01,
-7.155188322067260742e-01,
-7.143343687057495117e-01,
-7.138516306877136230e-01,
-7.469176650047302246e-01,
-7.436097264289855957e-01,
-7.419020533561706543e-01,
-7.388649582862854004e-01,
-7.335591912269592285e-01,
-7.311885952949523926e-01,
-7.265275716781616211e-01,
-7.221834659576416016e-01,
-7.201528549194335938e-01,
-7.183150053024291992e-01,
-7.163375616073608398e-01,
-7.153199911117553711e-01,
-7.134245634078979492e-01,
-7.124016880989074707e-01,
-7.127585411071777344e-01,
-7.125297784805297852e-01,
-7.129469513893127441e-01,
-7.136846780776977539e-01,
-7.146641612052917480e-01,
-7.154138088226318359e-01,
-7.158102989196777344e-01,
-7.160224318504333496e-01,
-7.160397768020629883e-01,
-7.157863378524780273e-01,
-7.158081531524658203e-01,
-7.157894372940063477e-01,
-7.162244319915771484e-01,
-7.165055274963378906e-01,
-7.165130376815795898e-01,
-7.158765792846679688e-01,
-7.153815627098083496e-01,
-7.143858075141906738e-01,
-7.423948645591735840e-01,
-7.397544384002685547e-01,
-7.364341616630554199e-01,
-7.313269972801208496e-01,
-7.223075628280639648e-01,
-7.191261053085327148e-01,
-7.168897390365600586e-01,
-7.147064208984375000e-01,
-7.130967378616333008e-01,
-7.130968570709228516e-01,
-7.142328023910522461e-01,
-7.144073247909545898e-01,
-7.144793272018432617e-01,
-7.154288291931152344e-01,
-7.159634232521057129e-01,
-7.154358029365539551e-01,
-7.163408994674682617e-01,
-7.166167497634887695e-01,
-7.161452770233154297e-01,
-7.153919935226440430e-01,
