-6.811699867248535156e-01,
-6.817216277122497559e-01,
-6.821853518486022949e-01,
-6.819791793823242188e-01,
-6.819522976875305176e-01,
-6.816512346267700195e-01,
-6.807100772857666016e-01,
-6.805268526077270508e-01,
-6.795579195022583008e-01,
-6.789982318878173828e-01,
-6.787048578262329102e-01,
-6.779900789260864258e-01,
-6.771847009658813477e-01,
-6.774179935455322266e-01,
-6.780531406402587891e-01,
-6.782090663909912109e-01,
-6.783792972564697266e-01,
-6.789346933364868164e-01,
-6.792246699333190918e-01,
-6.790245175361633301e-01,
-6.798345446586608887e-01,
-6.805270910263061523e-01,
-6.801456212997436523e-01,
-6.805191040039062500e-01,
-6.806246042251586914e-01,
-6.813968420028686523e-01,
-6.815006732940673828e-01,
-6.814198493957519531e-01,
-6.808133125305175781e-01,
-6.804443001747131348e-01,
-6.798174381256103516e-01,
-6.803007125854492188e-01,
-6.816768646240234375e-01,
-6.825187206268310547e-01,
-6.827638149261474609e-01,
-6.826164722442626953e-01,
-6.824550032615661621e-01,
-6.827489137649536133e-01,
-6.832381486892700195e-01,
-6.832670569419860840e-01,
-6.836071610450744629e-01,
-6.834214925765991211e-01,
-6.838778853416442871e-01,
-6.846781373023986816e-01,
-6.853780746459960938e-01,
-6.856052279472351074e-01,
-6.851179003715515137e-01,
-6.843944787979125977e-01,
-6.836400628089904785e-01,
-6.833088994026184082e-01,
-6.838205456733703613e-01,
-6.844130158424377441e-01,
-6.849901080131530762e-01,
-6.854355335235595703e-01,
-6.854692101478576660e-01,
-6.853903532028198242e-01,
-6.859087944030761719e-01,
-6.864073276519775391e-01,
-6.872599124908447266e-01,
-6.876196265220642090e-01,
-6.879156827926635742e-01,
-6.882002353668212891e-01,
-6.885740160942077637e-01,
-6.875738501548767090e-01,
-6.866637468338012695e-01,
-6.857873201370239258e-01,
-6.845976114273071289e-01,
-6.846226453781127930e-01,
-6.898108720779418945e-01,
-6.835263967514038086e-01,
-6.694892048835754395e-01,
-6.693478226661682129e-01,
-6.692898273468017578e-01,
-6.650235652923583984e-01,
-6.716027259826660156e-01,
-6.842318773269653320e-01,
-6.804432868957519531e-01,
-6.795092225074768066e-01,
-6.792293787002563477e-01,
-6.694064140319824219e-01,
-6.724995970726013184e-01,
-6.818865537643432617e-01,
-6.849747896194458008e-01,
-6.932342052459716797e-01,
-7.018869519233703613e-01,
-7.027662396430969238e-01,
-7.040845155715942383e-01,
-6.997205615043640137e-01,
-6.962242126464843750e-01,
-6.959302425384521484e-01,
-6.961764097213745117e-01,
-6.970912814140319824e-01,
-6.978826522827148438e-01,
-6.932342052459716797e-01,
-6.944843530654907227e-01,
-6.964157819747924805e-01,
-7.015283703804016113e-01,
-6.991716623306274414e-01,
-6.929993629455566406e-01,
-6.835097074508666992e-01,
-6.610590219497680664e-01,
-6.102448105812072754e-01,
-5.440495014190673828e-01,
-5.207043886184692383e-01,
-5.053426623344421387e-01,
-4.810242652893066406e-01,
-4.845486879348754883e-01,
-4.593928754329681396e-01,
-4.440237879753112793e-01,
-4.557757079601287842e-01,
-4.499181807041168213e-01,
-4.326414167881011963e-01,
-4.132126569747924805e-01,
-4.099732935428619385e-01,
-3.746998012065887451e-01,
-3.543923497200012207e-01,
-3.281954228878021240e-01,
-2.996610105037689209e-01,
-2.776498496532440186e-01,
-3.059702813625335693e-01,
-3.792397975921630859e-01,
-4.554483890533447266e-01,
-4.536078870296478271e-01,
-4.482933282852172852e-01,
-4.622894823551177979e-01,
-4.543628096580505371e-01,
-4.534645974636077881e-01,
-5.309040546417236328e-01,
-6.022744178771972656e-01,
-6.299106478691101074e-01,
-6.652230024337768555e-01,
-6.878548860549926758e-01,
-7.042818069458007812e-01,
-7.076878547668457031e-01,
-7.050685882568359375e-01,
-6.957947015762329102e-01,
-6.799521446228027344e-01,
-6.492155790328979492e-01,
-6.475223302841186523e-01,
-6.569727659225463867e-01,
-6.424543261528015137e-01,
-6.048798561096191406e-01,
-5.872706770896911621e-01,
-4.911244511604309082e-01,
-4.627997577190399170e-01,
-4.963298141956329346e-01,
-5.480067729949951172e-01,
-5.758332014083862305e-01,
-6.412722468376159668e-01,
-6.595981121063232422e-01,
-6.650468707084655762e-01,
-6.672006249427795410e-01,
-6.682648062705993652e-01,
-6.684330701828002930e-01,
-6.707602143287658691e-01,
-6.718364357948303223e-01,
-6.814153790473937988e-01,
-6.886562108993530273e-01,
-6.881350278854370117e-01,
-6.879616975784301758e-01,
-6.868548393249511719e-01,
-6.810871958732604980e-01,
-6.738240122795104980e-01,
-6.721105575561523438e-01,
-6.729328632354736328e-01,
-6.728258132934570312e-01,
-6.728186607360839844e-01,
-6.731644868850708008e-01,
-6.737114191055297852e-01,
-6.739185452461242676e-01,
-6.737073659896850586e-01,
-6.733331680297851562e-01,
-6.723753809928894043e-01,
-6.717773675918579102e-01,
-6.708724498748779297e-01,
-6.705286502838134766e-01,
-6.710952520370483398e-01,
-6.708493232727050781e-01,
-6.700060963630676270e-01,
-6.819051504135131836e-01,
-6.820987462997436523e-01,
-6.807044744491577148e-01,
-6.789257526397705078e-01,
-6.788665056228637695e-01,
-6.781690120697021484e-01,
-6.782033443450927734e-01,
-6.787713766098022461e-01,
-6.790671348571777344e-01,
-6.803188920021057129e-01,
-6.804053783416748047e-01,
-6.804754734039306641e-01,
-6.803972721099853516e-01,
-6.809693574905395508e-01,
-6.813853979110717773e-01,
-6.818689107894897461e-01,
-6.821458935737609863e-01,
-6.830698847770690918e-01,
-6.836080551147460938e-01,
-6.838442683219909668e-01,
-6.847839355468750000e-01,
-6.850913166999816895e-01,
-6.845915317535400391e-01,
-6.847629547119140625e-01,
-6.842256188392639160e-01,
-6.849676370620727539e-01,
-6.861654520034790039e-01,
-6.865084767341613770e-01,
-6.871898174285888672e-01,
-6.878333091735839844e-01,
-6.876251697540283203e-01,
-6.862415671348571777e-01,
-6.918085813522338867e-01,
-6.863016486167907715e-01,
-6.884636878967285156e-01,
-6.896525621414184570e-01,
-6.856074929237365723e-01,
-6.773104667663574219e-01,
-6.783850193023681641e-01,
-6.849644184112548828e-01,
-6.916965246200561523e-01,
-7.001973390579223633e-01,
-7.026673555374145508e-01,
-7.027635574340820312e-01,
-7.017586231231689453e-01,
-6.989226341247558594e-01,
-7.005758285522460938e-01,
-6.810292005538940430e-01,
-6.565104722976684570e-01,
-6.282452344894409180e-01,
-5.774962306022644043e-01,
-4.873404800891876221e-01,
-4.779189825057983398e-01,
-4.496807157993316650e-01,
-4.089828133583068848e-01,
-3.881270885467529297e-01,
-3.372153043746948242e-01,
-3.238801956176757812e-01,
-3.748159110546112061e-01,
-3.671680986881256104e-01,
-4.114782214164733887e-01,
-5.023038387298583984e-01,
-5.643668174743652344e-01,
-5.997437834739685059e-01,
-6.804979443550109863e-01,
-6.922898292541503906e-01,
-6.855881214141845703e-01,
-6.935505867004394531e-01,
-6.565743684768676758e-01,
-5.834957957267761230e-01,
-5.179427862167358398e-01,
-4.991949200630187988e-01,
-4.568406343460083008e-01,
-5.071120262145996094e-01,
-5.504122972488403320e-01,
-6.146674752235412598e-01,
-6.490413546562194824e-01,
-6.662865281105041504e-01,
-6.736003160476684570e-01,
-6.783072948455810547e-01,
-6.787663102149963379e-01,
-6.741091012954711914e-01,
-6.741211414337158203e-01,
-6.737459897994995117e-01,
-6.734837293624877930e-01,
-6.727455258369445801e-01,
-6.724445223808288574e-01,
-6.807589530944824219e-01,
-6.807293891906738281e-01,
-6.791821718215942383e-01,
-6.785365343093872070e-01,
-6.790932416915893555e-01,
-6.800006628036499023e-01,
-6.802109479904174805e-01,
-6.806810498237609863e-01,
-6.818443536758422852e-01,
-6.816844344139099121e-01,
-6.820888519287109375e-01,
-6.828550100326538086e-01,
-6.842789053916931152e-01,
-6.845302581787109375e-01,
-6.850371360778808594e-01,
-6.854997277259826660e-01,
-6.848090887069702148e-01,
-6.865429878234863281e-01,
-6.869091391563415527e-01,
-6.867165565490722656e-01,
-6.822678446769714355e-01,
-6.806634664535522461e-01,
-6.820712685585021973e-01,
-6.775467395782470703e-01,
-6.774210929870605469e-01,
-6.918512582778930664e-01,
-6.973732709884643555e-01,
-6.996524333953857422e-01,
-6.975021362304687500e-01,
-6.971693038940429688e-01,
-6.918442249298095703e-01,
-6.609691977500915527e-01,
-6.184262633323669434e-01,
-5.714112520217895508e-01,
-4.769220650196075439e-01,
-4.448345303535461426e-01,
-3.919425010681152344e-01,
-4.172821044921875000e-01,
-4.064076244831085205e-01,
-4.326208829879760742e-01,
-5.043711066246032715e-01,
-6.113794445991516113e-01,
-6.225585937500000000e-01,
-6.623523235321044922e-01,
-6.547709107398986816e-01,
-6.374744176864624023e-01,
-6.124985218048095703e-01,
-6.230635643005371094e-01,
-6.251230239868164062e-01,
-6.603800058364868164e-01,
-6.759865283966064453e-01,
-6.790525913238525391e-01,
-6.795583963394165039e-01,
-6.812764406204223633e-01,
-6.737833023071289062e-01,
-6.719980835914611816e-01,
-6.721346378326416016e-01,
