-7.493568062782287598e-01,
-7.493233680725097656e-01,
-7.491865754127502441e-01,
-7.492992877960205078e-01,
-7.501262426376342773e-01,
-7.499156594276428223e-01,
-7.493274211883544922e-01,
-7.495058774948120117e-01,
-7.492332458496093750e-01,
-7.489207386970520020e-01,
-7.483066916465759277e-01,
-7.475838661193847656e-01,
-7.472254633903503418e-01,
-7.471928596496582031e-01,
-7.473744153976440430e-01,
-7.472181320190429688e-01,
-7.471585273742675781e-01,
-7.469114065170288086e-01,
-7.467063069343566895e-01,
-7.464101910591125488e-01,
-7.466948032379150391e-01,
-7.471889257431030273e-01,
-7.475336790084838867e-01,
-7.475860118865966797e-01,
-7.473884224891662598e-01,
-7.466496229171752930e-01,
-7.464479804039001465e-01,
-7.459470033645629883e-01,
-7.449146509170532227e-01,
-7.445603609085083008e-01,
-7.446211576461791992e-01,
-7.449214458465576172e-01,
-7.453818321228027344e-01,
-7.460873126983642578e-01,
-7.466359138488769531e-01,
-7.467592954635620117e-01,
-7.467243671417236328e-01,
-7.465627193450927734e-01,
-7.473071813583374023e-01,
-7.477982044219970703e-01,
-7.475780248641967773e-01,
-7.473154664039611816e-01,
-7.473032474517822266e-01,
-7.471571564674377441e-01,
-7.471972107887268066e-01,
-7.482202053070068359e-01,
-7.487738132476806641e-01,
-7.489311695098876953e-01,
-7.491096258163452148e-01,
-7.494814395904541016e-01,
-7.506710886955261230e-01,
-7.511224746704101562e-01,
-7.515894174575805664e-01,
-7.521912455558776855e-01,
-7.517952919006347656e-01,
-7.517384886741638184e-01,
-7.516396045684814453e-01,
-7.518331408500671387e-01,
-7.515901327133178711e-01,
-7.517879605293273926e-01,
-7.524160146713256836e-01,
-7.525588274002075195e-01,
-7.532785534858703613e-01,
-7.526762485504150391e-01,
-7.529703974723815918e-01,
-7.528766393661499023e-01,
-7.529638409614562988e-01,
-7.530562281608581543e-01,
-7.535424232482910156e-01,
-7.538097500801086426e-01,
-7.534114122390747070e-01,
-7.532730698585510254e-01,
-7.527946233749389648e-01,
-7.525310516357421875e-01,
-7.517166137695312500e-01,
-7.519494891166687012e-01,
-7.516067028045654297e-01,
-7.511678934097290039e-01,
-7.510340213775634766e-01,
-7.513602375984191895e-01,
-7.510096430778503418e-01,
-7.509501576423645020e-01,
-7.508901953697204590e-01,
-7.498514056205749512e-01,
-7.497645616531372070e-01,
-7.491016387939453125e-01,
-7.488633394241333008e-01,
-7.487539052963256836e-01,
-7.484102249145507812e-01,
-7.476149797439575195e-01,
-7.466136217117309570e-01,
-7.461488246917724609e-01,
-7.448160648345947266e-01,
-7.440966367721557617e-01,
-7.431020140647888184e-01,
-7.417052984237670898e-01,
-7.406504750251770020e-01,
-7.407385110855102539e-01,
-7.415308356285095215e-01,
-7.419801950454711914e-01,
-7.430823445320129395e-01,
-7.439783215522766113e-01,
-7.439850568771362305e-01,
-7.439534664154052734e-01,
-7.443248033523559570e-01,
-7.439303398132324219e-01,
-7.432381510734558105e-01,
-7.433300018310546875e-01,
-7.427917122840881348e-01,
-7.422176599502563477e-01,
-7.411045432090759277e-01,
-7.408308386802673340e-01,
-7.403071522712707520e-01,
-7.400990724563598633e-01,
-7.399558424949645996e-01,
-7.399041056632995605e-01,
-7.404237985610961914e-01,
-7.399673461914062500e-01,
-7.394670248031616211e-01,
-7.388505935668945312e-01,
-7.386722564697265625e-01,
-7.381734848022460938e-01,
-7.375266551971435547e-01,
-7.371757030487060547e-01,
-7.370897531509399414e-01,
-7.368193268775939941e-01,
-7.361778020858764648e-01,
-7.364815473556518555e-01,
-7.368618845939636230e-01,
-7.360683083534240723e-01,
-7.350285053253173828e-01,
-7.346716523170471191e-01,
-7.340353131294250488e-01,
-7.337425351142883301e-01,
-7.335857748985290527e-01,
-7.336533069610595703e-01,
-7.335865497589111328e-01,
-7.327928543090820312e-01,
-7.322093844413757324e-01,
-7.314521074295043945e-01,
-7.326134443283081055e-01,
-7.328244447708129883e-01,
-7.332807779312133789e-01,
-7.339039444923400879e-01,
-7.345231771469116211e-01,
-7.338651418685913086e-01,
-7.340493202209472656e-01,
-7.347815036773681641e-01,
-7.351429462432861328e-01,
-7.355881929397583008e-01,
-7.360621690750122070e-01,
-7.364103794097900391e-01,
-7.360498905181884766e-01,
-7.356779575347900391e-01,
-7.358738183975219727e-01,
-7.353212237358093262e-01,
-7.349528074264526367e-01,
-7.355992794036865234e-01,
-7.358593940734863281e-01,
-7.357469797134399414e-01,
-7.363281250000000000e-01,
-7.368799448013305664e-01,
-7.372900247573852539e-01,
-7.376078367233276367e-01,
-7.381220459938049316e-01,
-7.387276887893676758e-01,
-7.389023303985595703e-01,
-7.391822338104248047e-01,
-7.392079234123229980e-01,
-7.391516566276550293e-01,
-7.406651973724365234e-01,
-7.410973906517028809e-01,
-7.413000464439392090e-01,
-7.420893907546997070e-01,
-7.425605654716491699e-01,
-7.431663274765014648e-01,
-7.425366640090942383e-01,
-7.425956130027770996e-01,
-7.420246005058288574e-01,
-7.414831519126892090e-01,
-7.413066625595092773e-01,
-7.414180040359497070e-01,
-7.412533760070800781e-01,
-7.418581247329711914e-01,
-7.416585683822631836e-01,
-7.413611412048339844e-01,
-7.411677837371826172e-01,
-7.412182688713073730e-01,
-7.415304183959960938e-01,
-7.415935397148132324e-01,
-7.414925098419189453e-01,
-7.416005730628967285e-01,
-7.413659095764160156e-01,
-7.413178682327270508e-01,
-7.413722276687622070e-01,
-7.415031790733337402e-01,
-7.416273355484008789e-01,
-7.415770292282104492e-01,
-7.411270737648010254e-01,
-7.408907413482666016e-01,
-7.411211133003234863e-01,
-7.413585186004638672e-01,
-7.413839697837829590e-01,
-7.412629127502441406e-01,
-7.410615682601928711e-01,
-7.409749627113342285e-01,
-7.416577339172363281e-01,
-7.425153255462646484e-01,
-7.429151535034179688e-01,
-7.431133389472961426e-01,
-7.435098886489868164e-01,
-7.434940338134765625e-01,
-7.432987689971923828e-01,
-7.426345348358154297e-01,
-7.423349022865295410e-01,
-7.419149875640869141e-01,
-7.414617538452148438e-01,
-7.407617568969726562e-01,
-7.408317327499389648e-01,
-7.407899498939514160e-01,
-7.406442165374755859e-01,
-7.413071393966674805e-01,
-7.412707805633544922e-01,
-7.415337562561035156e-01,
-7.416204810142517090e-01,
-7.414340972900390625e-01,
-7.411237359046936035e-01,
-7.409151792526245117e-01,
-7.410378456115722656e-01,
-7.416191101074218750e-01,
-7.420190572738647461e-01,
-7.422078251838684082e-01,
-7.418863773345947266e-01,
-7.413016557693481445e-01,
-7.406654357910156250e-01,
-7.406471967697143555e-01,
-7.404929399490356445e-01,
-7.400866746902465820e-01,
-7.403157949447631836e-01,
-7.403663992881774902e-01,
-7.403948307037353516e-01,
-7.416522502899169922e-01,
-7.433245182037353516e-01,
-7.427740097045898438e-01,
-7.423808574676513672e-01,
-7.425916790962219238e-01,
-7.419722080230712891e-01,
-7.403346300125122070e-01,
-7.408542633056640625e-01,
-7.423621416091918945e-01,
-7.418071627616882324e-01,
-7.415294647216796875e-01,
-7.414247393608093262e-01,
-7.409478425979614258e-01,
-7.409617900848388672e-01,
-7.410413026809692383e-01,
-7.405180931091308594e-01,
-7.402960062026977539e-01,
-7.399007081985473633e-01,
-7.391935586929321289e-01,
-7.390495538711547852e-01,
-7.391601800918579102e-01,
-7.391278743743896484e-01,
-7.386841773986816406e-01,
-7.391501069068908691e-01,
-7.390323877334594727e-01,
-7.393400669097900391e-01,
-7.394100427627563477e-01,
-7.391991615295410156e-01,
-7.388731241226196289e-01,
-7.381801605224609375e-01,
-7.381584644317626953e-01,
-7.383452653884887695e-01,
-7.387276887893676758e-01,
-7.385287284851074219e-01,
-7.380788326263427734e-01,
-7.373311519622802734e-01,
-7.369101047515869141e-01,
-7.367516756057739258e-01,
-7.371692657470703125e-01,
-7.371373176574707031e-01,
-7.375499010086059570e-01,
-7.376750707626342773e-01,
-7.377372980117797852e-01,
-7.379312515258789062e-01,
-7.381172180175781250e-01,
-7.384069561958312988e-01,
-7.381452918052673340e-01,
-7.378604412078857422e-01,
-7.379918694496154785e-01,
-7.381033897399902344e-01,
-7.384028434753417969e-01,
-7.381042242050170898e-01,
-7.380607128143310547e-01,
-7.380914688110351562e-01,
-7.380430698394775391e-01,
-7.385373711585998535e-01,
-7.390465736389160156e-01,
-7.386112213134765625e-01,
-7.385448217391967773e-01,
-7.390673756599426270e-01,
-7.391325235366821289e-01,
-7.391641139984130859e-01,
-7.392865419387817383e-01,
-7.389653921127319336e-01,
-7.388777732849121094e-01,
-7.384426593780517578e-01,
-7.381408810615539551e-01,
-7.389095425605773926e-01,
-7.395452260971069336e-01,
-7.401506900787353516e-01,
-7.401369810104370117e-01,
-7.401952743530273438e-01,
-7.399936914443969727e-01,
-7.395507097244262695e-01,
-7.394876480102539062e-01,
-7.391452193260192871e-01,
-7.385874986648559570e-01,
-7.379920482635498047e-01,
-7.381009459495544434e-01,
-7.384253740310668945e-01,
-7.388352155685424805e-01,
-7.388931512832641602e-01,
-7.385712265968322754e-01,
-7.384166717529296875e-01,
-7.381907701492309570e-01,
-7.383104562759399414e-01,
-7.383261919021606445e-01,
-7.389481067657470703e-01,
-7.391511797904968262e-01,
-7.391367554664611816e-01,
-7.385520935058593750e-01,
-7.382189035415649414e-01,
-7.387299537658691406e-01,
-7.394329309463500977e-01,
-7.399903535842895508e-01,
-7.406204938888549805e-01,
-7.410206794738769531e-01,
-7.407903671264648438e-01,
-7.403413057327270508e-01,
-7.397852540016174316e-01,
-7.393836379051208496e-01,
-7.384914755821228027e-01,
-7.380418777465820312e-01,
-7.370793819427490234e-01,
-7.363426685333251953e-01,
-7.358799576759338379e-01,
-7.354967594146728516e-01,
-7.352041602134704590e-01,
-7.351186275482177734e-01,
-7.355167269706726074e-01,
-7.364023327827453613e-01,
-7.367643117904663086e-01,
-7.369225025177001953e-01,
-7.372186183929443359e-01,
-7.371838092803955078e-01,
-7.378654479980468750e-01,
-7.381298542022705078e-01,
-7.382756471633911133e-01,
-7.379382848739624023e-01,
-7.378439307212829590e-01,
-7.371596097946166992e-01,
-7.367331981658935547e-01,
-7.365995645523071289e-01,
-7.364177703857421875e-01,
-7.364231348037719727e-01,
-7.353907823562622070e-01,
-7.348757982254028320e-01,
-7.341908216476440430e-01,
-7.366548776626586914e-01,
-7.372258901596069336e-01,
-7.376973628997802734e-01,
-7.379636168479919434e-01,
-7.389646768569946289e-01,
-7.384611368179321289e-01,
-7.376576662063598633e-01,
-7.365969419479370117e-01,
-7.363718748092651367e-01,
-7.355736494064331055e-01,
-7.339059114456176758e-01,
-7.335915565490722656e-01,
-7.330077886581420898e-01,
-7.322336435317993164e-01,
-7.318466901779174805e-01,
-7.310358285903930664e-01,
-7.311728000640869141e-01,
-7.312932610511779785e-01,
-7.320297956466674805e-01,
-7.331709265708923340e-01,
-7.336762547492980957e-01,
-7.341473102569580078e-01,
-7.340317964553833008e-01,
-7.347384095191955566e-01,
-7.344884872436523438e-01,
-7.342494726181030273e-01,
-7.335419654846191406e-01,
-7.329096198081970215e-01,
-7.322121858596801758e-01,
-7.321768403053283691e-01,
-7.323375940322875977e-01,
-7.326967716217041016e-01,
-7.327288985252380371e-01,
-7.330780029296875000e-01,
-7.331575155258178711e-01,
-7.335064411163330078e-01,
-7.337710857391357422e-01,
-7.337105274200439453e-01,
-7.334692478179931641e-01,
-7.332621812820434570e-01,
-7.344596385955810547e-01,
-7.352872490882873535e-01,
-7.351364493370056152e-01,
-7.345125675201416016e-01,
-7.346937656402587891e-01,
-7.335553169250488281e-01,
-7.320767641067504883e-01,
-7.343771457672119141e-01,
-7.366557121276855469e-01,
-7.365132570266723633e-01,
-7.371783256530761719e-01,
-7.383922934532165527e-01,
-7.376209497451782227e-01,
-7.364589571952819824e-01,
-7.367250919342041016e-01,
-7.345397472381591797e-01,
-7.329845428466796875e-01,
-7.324228286743164062e-01,
-7.316659688949584961e-01,
-7.313637137413024902e-01,
-7.311814427375793457e-01,
-7.310805320739746094e-01,
-7.313759326934814453e-01,
-7.314769029617309570e-01,
-7.315680980682373047e-01,
-7.320315241813659668e-01,
-7.324085235595703125e-01,
-7.333483099937438965e-01,
-7.341334819793701172e-01,
-7.354378700256347656e-01,
-7.380588054656982422e-01,
-7.424275875091552734e-01,
-7.466305494308471680e-01,
-7.475949525833129883e-01,
-7.459620833396911621e-01,
-7.377906441688537598e-01,
-7.219651341438293457e-01,
-6.922848820686340332e-01,
-6.808067560195922852e-01,
-6.799952983856201172e-01,
-7.166815996170043945e-01,
-7.383784055709838867e-01,
-7.153095006942749023e-01,
-6.750805377960205078e-01,
-6.317232251167297363e-01,
-6.016814708709716797e-01,
-6.015547513961791992e-01,
-6.234984397888183594e-01,
-6.528149247169494629e-01,
-6.791260242462158203e-01,
-7.064970731735229492e-01,
-7.285201549530029297e-01,
-7.425408959388732910e-01,
-7.446652650833129883e-01,
-7.458662986755371094e-01,
-7.418979406356811523e-01,
-7.498719096183776855e-01,
-7.480759024620056152e-01,
-7.421133518218994141e-01,
-7.398346662521362305e-01,
-7.346658706665039062e-01,
-7.351958155632019043e-01,
-7.353639006614685059e-01,
-7.268986701965332031e-01,
-7.150676250457763672e-01,
-6.982207298278808594e-01,
-6.753283739089965820e-01,
-6.594771146774291992e-01,
-6.377217173576354980e-01,
-6.241225004196166992e-01,
-6.303908228874206543e-01,
-6.410938501358032227e-01,
-6.533645391464233398e-01,
-6.705636978149414062e-01,
-6.922518014907836914e-01,
-6.985764503479003906e-01,
-7.165651917457580566e-01,
-7.363733053207397461e-01,
-7.428636550903320312e-01,
-7.468883991241455078e-01,
-7.506563663482666016e-01,
-7.483712434768676758e-01,
-7.470767498016357422e-01,
-7.461047172546386719e-01,
-7.448239326477050781e-01,
-7.448695898056030273e-01,
-7.444042563438415527e-01,
-7.436716556549072266e-01,
-7.428041696548461914e-01,
-7.417794466018676758e-01,
-7.398754358291625977e-01,
-7.400606870651245117e-01,
-7.385041713714599609e-01,
-7.403917312622070312e-01,
-7.458093166351318359e-01,
-7.498022317886352539e-01,
-7.495092153549194336e-01,
-7.490502595901489258e-01,
-7.486649751663208008e-01,
-7.481825351715087891e-01,
-7.478792667388916016e-01,
-7.473897933959960938e-01,
-7.470552325248718262e-01,
-7.471995353698730469e-01,
-7.473956346511840820e-01,
-7.470253705978393555e-01,
-7.467302083969116211e-01,
-7.460363507270812988e-01,
-7.457049489021301270e-01,
-7.458392381668090820e-01,
-7.459284067153930664e-01,
-7.463215589523315430e-01,
-7.474563121795654297e-01,
-7.474638819694519043e-01,
-7.474881410598754883e-01,
-7.480389475822448730e-01,
-7.483987808227539062e-01,
-7.488436102867126465e-01,
-7.500305175781250000e-01,
-7.505925297737121582e-01,
-7.510398030281066895e-01,
-7.520419955253601074e-01,
-7.521007657051086426e-01,
-7.525149583816528320e-01,
-7.530120015144348145e-01,
-7.529865503311157227e-01,
-7.531083822250366211e-01,
-7.534709572792053223e-01,
-7.534093856811523438e-01,
-7.532048821449279785e-01,
-7.523056268692016602e-01,
-7.524893879890441895e-01,
-7.518349289894104004e-01,
-7.517273426055908203e-01,
-7.513007521629333496e-01,
-7.501998543739318848e-01,
-7.500665187835693359e-01,
-7.493110895156860352e-01,
-7.480272054672241211e-01,
-7.462558746337890625e-01,
-7.447342872619628906e-01,
-7.432391643524169922e-01,
-7.422285079956054688e-01,
-7.427061796188354492e-01,
-7.430312633514404297e-01,
-7.439167499542236328e-01,
-7.436161637306213379e-01,
-7.435281276702880859e-01,
-7.424898147583007812e-01,
-7.415834665298461914e-01,
-7.412608861923217773e-01,
-7.406369447708129883e-01,
-7.395654916763305664e-01,
-7.394729852676391602e-01,
-7.382311820983886719e-01,
-7.377482652664184570e-01,
-7.370947599411010742e-01,
-7.369744777679443359e-01,
-7.362115979194641113e-01,
-7.356736660003662109e-01,
-7.350749969482421875e-01,
-7.338532209396362305e-01,
-7.325068712234497070e-01,
-7.336953282356262207e-01,
-7.333214282989501953e-01,
-7.337508797645568848e-01,
-7.341607213020324707e-01,
-7.354058623313903809e-01,
-7.355821132659912109e-01,
-7.353895902633666992e-01,
-7.361912727355957031e-01,
-7.362290620803833008e-01,
-7.364109754562377930e-01,
-7.355818748474121094e-01,
-7.364776730537414551e-01,
-7.378443479537963867e-01,
-7.385836839675903320e-01,
-7.385481595993041992e-01,
-7.401108741760253906e-01,
-7.408723831176757812e-01,
-7.419805526733398438e-01,
-7.421233654022216797e-01,
-7.427039146423339844e-01,
-7.421473264694213867e-01,
-7.416501045227050781e-01,
-7.418789863586425781e-01,
-7.421863079071044922e-01,
-7.422345280647277832e-01,
-7.415540218353271484e-01,
-7.416344881057739258e-01,
-7.417002916336059570e-01,
-7.417606115341186523e-01,
-7.414713501930236816e-01,
-7.415931820869445801e-01,
-7.413442134857177734e-01,
-7.412713766098022461e-01,
-7.419911623001098633e-01,
-7.425712347030639648e-01,
-7.426746487617492676e-01,
-7.432254552841186523e-01,
-7.427161335945129395e-01,
-7.420090436935424805e-01,
-7.419772148132324219e-01,
-7.413452267646789551e-01,
-7.412834167480468750e-01,
-7.415342330932617188e-01,
-7.415088415145874023e-01,
-7.413675785064697266e-01,
-7.416296005249023438e-01,
-7.415575385093688965e-01,
-7.416324615478515625e-01,
-7.414655685424804688e-01,
-7.408707141876220703e-01,
-7.404426336288452148e-01,
-7.442346811294555664e-01,
-7.445741891860961914e-01,
-7.452663183212280273e-01,
-7.460753917694091797e-01,
-7.462611794471740723e-01,
-7.434105873107910156e-01,
-7.422640323638916016e-01,
-7.414659857749938965e-01,
-7.403278350830078125e-01,
-7.405633330345153809e-01,
-7.394938468933105469e-01,
-7.390811443328857422e-01,
-7.386957406997680664e-01,
-7.390432953834533691e-01,
-7.390525937080383301e-01,
-7.386482954025268555e-01,
-7.384976148605346680e-01,
-7.379812002182006836e-01,
-7.380002737045288086e-01,
-7.372354865074157715e-01,
-7.374162673950195312e-01,
-7.378839254379272461e-01,
-7.382256984710693359e-01,
-7.382584214210510254e-01,
-7.382483482360839844e-01,
-7.380813956260681152e-01,
-7.379045486450195312e-01,
-7.389618158340454102e-01,
-7.387840151786804199e-01,
-7.390456795692443848e-01,
-7.388284206390380859e-01,
-7.390879988670349121e-01,
-7.384163141250610352e-01,
-7.392197847366333008e-01,
-7.394804358482360840e-01,
-7.400313615798950195e-01,
-7.401789426803588867e-01,
-7.400226593017578125e-01,
-7.391666173934936523e-01,
-7.388056516647338867e-01,
-7.388042211532592773e-01,
-7.386670112609863281e-01,
-7.388784885406494141e-01,
-7.390736937522888184e-01,
-7.385903596878051758e-01,
-7.392882108688354492e-01,
-7.398164868354797363e-01,
-7.395141124725341797e-01,
-7.400184869766235352e-01,
-7.402615547180175781e-01,
-7.396239042282104492e-01,
-7.382267713546752930e-01,
-7.371784448623657227e-01,
-7.362093925476074219e-01,
-7.363644838333129883e-01,
-7.360566854476928711e-01,
-7.366808652877807617e-01,
-7.378236055374145508e-01,
-7.381819486618041992e-01,
-7.382150888442993164e-01,
-7.375242710113525391e-01,
-7.375336885452270508e-01,
-7.360107302665710449e-01,
-7.372432947158813477e-01,
-7.381607294082641602e-01,
-7.388287782669067383e-01,
-7.396540641784667969e-01,
-7.403338551521301270e-01,
-7.396996021270751953e-01,
-7.373982071876525879e-01,
-7.355318069458007812e-01,
-7.339705228805541992e-01,
-7.332272529602050781e-01,
-7.330256700515747070e-01,
-7.330132722854614258e-01,
-7.336928844451904297e-01,
-7.338592410087585449e-01,
-7.339383363723754883e-01,
-7.334327697753906250e-01,
-7.331171035766601562e-01,
-7.328190803527832031e-01,
-7.330039739608764648e-01,
-7.334021329879760742e-01,
-7.336695194244384766e-01,
-7.350100874900817871e-01,
-7.352823615074157715e-01,
-7.356442809104919434e-01,
-7.370601892471313477e-01,
-7.368149757385253906e-01,
-7.360550165176391602e-01,
-7.354718446731567383e-01,
-7.357745170593261719e-01,
-7.334232926368713379e-01,
-7.332848906517028809e-01,
-7.318936586380004883e-01,
-7.314968705177307129e-01,
-7.317135334014892578e-01,
-7.326956987380981445e-01,
-7.350461483001708984e-01,
-7.391216158866882324e-01,
-7.422902584075927734e-01,
-7.356600761413574219e-01,
-7.261176705360412598e-01,
-7.258088588714599609e-01,
-7.409334182739257812e-01,
-7.225850820541381836e-01,
-6.873663663864135742e-01,
-6.702938675880432129e-01,
-6.576997041702270508e-01,
-6.858339309692382812e-01,
-7.255351543426513672e-01,
-7.420477867126464844e-01,
-7.486949563026428223e-01,
-7.466638088226318359e-01,
-7.404679059982299805e-01,
-7.324326038360595703e-01,
-7.123211026191711426e-01,
-6.898441910743713379e-01,
-6.681957244873046875e-01,
-6.550509929656982422e-01,
-6.592378616333007812e-01,
-6.791159510612487793e-01,
-7.050554752349853516e-01,
-7.329161167144775391e-01,
-7.466530799865722656e-01,
-7.500262856483459473e-01,
-7.462681531906127930e-01,
-7.427991628646850586e-01,
-7.404232025146484375e-01,
-7.396494150161743164e-01,
-7.405879497528076172e-01,
-7.492261528968811035e-01,
-7.490212917327880859e-01,
-7.483896017074584961e-01,
-7.472496032714843750e-01,
-7.472404241561889648e-01,
-7.470836639404296875e-01,
-7.472084164619445801e-01,
-7.460352182388305664e-01,
-7.465069293975830078e-01,
-7.466962337493896484e-01,
-7.469624876976013184e-01,
-7.472358345985412598e-01,
-7.483743429183959961e-01,
-7.485585808753967285e-01,
-7.496970891952514648e-01,
-7.500921487808227539e-01,
-7.510431408882141113e-01,
-7.521282434463500977e-01,
-7.527509927749633789e-01,
-7.525931596755981445e-01,
-7.537950277328491211e-01,
-7.530813217163085938e-01,
-7.526967525482177734e-01,
-7.523159980773925781e-01,
-7.523541450500488281e-01,
-7.513231039047241211e-01,
-7.502716183662414551e-01,
-7.493553161621093750e-01,
-7.474851608276367188e-01,
-7.449795007705688477e-01,
-7.439664602279663086e-01,
-7.432852983474731445e-01,
-7.430923581123352051e-01,
-7.430118322372436523e-01,
-7.426493763923645020e-01,
-7.421761751174926758e-01,
-7.411823272705078125e-01,
-7.399749755859375000e-01,
-7.388702630996704102e-01,
-7.381779551506042480e-01,
-7.374843358993530273e-01,
-7.367346286773681641e-01,
-7.356181144714355469e-01,
-7.346456646919250488e-01,
-7.344285249710083008e-01,
-7.340808510780334473e-01,
-7.344218492507934570e-01,
-7.348603010177612305e-01,
-7.353468537330627441e-01,
-7.359449863433837891e-01,
-7.364568114280700684e-01,
-7.361784577369689941e-01,
-7.368843555450439453e-01,
-7.380429506301879883e-01,
-7.393965721130371094e-01,
-7.407361268997192383e-01,
-7.414282560348510742e-01,
-7.422064542770385742e-01,
-7.423131465911865234e-01,
-7.420738935470581055e-01,
-7.421807646751403809e-01,
-7.418994307518005371e-01,
-7.417545318603515625e-01,
-7.414166331291198730e-01,
-7.417688369750976562e-01,
-7.411662340164184570e-01,
-7.419095039367675781e-01,
-7.422796487808227539e-01,
-7.429045438766479492e-01,
-7.422034740447998047e-01,
-7.421177625656127930e-01,
-7.420279979705810547e-01,
-7.415350079536437988e-01,
-7.414695024490356445e-01,
-7.413427829742431641e-01,
-7.414327859878540039e-01,
-7.414087057113647461e-01,
-7.412000894546508789e-01,
-7.421845197677612305e-01,
-7.422012090682983398e-01,
-7.433229088783264160e-01,
-7.433773279190063477e-01,
-7.431191205978393555e-01,
-7.420042753219604492e-01,
-7.408275604248046875e-01,
-7.401248216629028320e-01,
-7.396387457847595215e-01,
-7.391926050186157227e-01,
-7.387961149215698242e-01,
-7.389069795608520508e-01,
-7.381289005279541016e-01,
-7.381016016006469727e-01,
-7.377391457557678223e-01,
-7.381961345672607422e-01,
-7.385578751564025879e-01,
-7.382379770278930664e-01,
-7.385944724082946777e-01,
-7.392232418060302734e-01,
-7.392253875732421875e-01,
-7.388341426849365234e-01,
-7.394435405731201172e-01,
-7.394071817398071289e-01,
-7.396163344383239746e-01,
-7.397490739822387695e-01,
-7.398988008499145508e-01,
-7.383903861045837402e-01,
-7.387450337409973145e-01,
-7.389633059501647949e-01,
-7.389779090881347656e-01,
-7.395775914192199707e-01,
-7.399882078170776367e-01,
-7.396384477615356445e-01,
-7.389039397239685059e-01,
-7.377386093139648438e-01,
-7.369966506958007812e-01,
-7.363309860229492188e-01,
-7.368978857994079590e-01,
-7.378491163253784180e-01,
-7.381796836853027344e-01,
-7.373551130294799805e-01,
-7.369874715805053711e-01,
-7.364621162414550781e-01,
-7.366946935653686523e-01,
-7.368614077568054199e-01,
-7.358041405677795410e-01,
-7.351427674293518066e-01,
-7.338380813598632812e-01,
-7.334485650062561035e-01,
-7.332904338836669922e-01,
-7.332599759101867676e-01,
-7.334516048431396484e-01,
-7.334542870521545410e-01,
-7.332385182380676270e-01,
-7.330496907234191895e-01,
-7.336890697479248047e-01,
-7.340773344039916992e-01,
-7.350915074348449707e-01,
-7.359663248062133789e-01,
-7.365440726280212402e-01,
-7.352418899536132812e-01,
-7.350621223449707031e-01,
-7.335046529769897461e-01,
-7.321618795394897461e-01,
-7.335371375083923340e-01,
-7.406408786773681641e-01,
-7.383316159248352051e-01,
-7.307596206665039062e-01,
-7.404939532279968262e-01,
-7.275720834732055664e-01,
-7.095268964767456055e-01,
-6.987084150314331055e-01,
-6.942579746246337891e-01,
-7.134146094322204590e-01,
-7.378503084182739258e-01,
-7.450672388076782227e-01,
-7.331967353820800781e-01,
-7.057415246963500977e-01,
-6.868126392364501953e-01,
-6.800652146339416504e-01,
-6.873431205749511719e-01,
-7.091808319091796875e-01,
-7.399284839630126953e-01,
-7.495341897010803223e-01,
-7.482161521911621094e-01,
-7.435380220413208008e-01,
